0.0000000000000000e+00
1.4878048780448896e-04
2.9753884326827609e-04
4.4634146341180269e-04
5.9512194462968382e-04
7.4388029350841650e-04
8.9261651663135938e-04
1.4914634143839548e-03
2.6569105684740289e-03
3.8223577109099162e-03
4.9878048653805747e-03
4.8390243773477320e-03
4.6902217503877984e-03
4.5413969779105222e-03
4.3926829151179998e-03
4.2439467331636506e-03
4.0951219395181301e-03
3.9463414517131945e-03
3.7975388249810831e-03
3.6487804761027617e-03
3.4999999883013055e-03
3.3512195004955945e-03
3.2024168737622943e-03
3.0536585248831082e-03
2.9048780436644996e-03
2.7560754235202252e-03
2.6072506578606147e-03
2.4585365736531960e-03
2.3098003702775182e-03
2.1610420411527702e-03
2.0122615796951335e-03
2.1609755969105534e-03
2.3096675015542704e-03
2.4585365736381343e-03
2.6073834870206439e-03
2.7560975492683429e-03
2.9048780370769436e-03
3.0536363925444060e-03
3.2024390126894906e-03
3.3512194939089943e-03
3.4999999883016716e-03
3.6487804761063426e-03
3.7975388315702064e-03
3.9463414517133871e-03
4.0951219329309922e-03
4.2438802818105630e-03
4.3926165049341954e-03
4.5414634029223222e-03
4.6902881488092097e-03
4.8390907491867420e-03
4.9878712106454755e-03
4.9877171073995146e-03
4.9875630041298869e-03
4.9878405818228021e-03
4.9881181594381213e-03
4.9878048767898380e-03
4.9880528834618434e-03
4.9883008900718220e-03
4.9885488966204738e-03
4.9887969031072749e-03
4.9890449095328273e-03
4.9892929158967519e-03
4.9895409221989064e-03
4.9897889284397437e-03
4.9900369346191475e-03
4.9902849407371030e-03
4.9905329467933293e-03
4.9902258866730137e-03
4.9899188264575442e-03
4.9902258929998364e-03
4.9905329594484120e-03
4.9902258939727839e-03
4.9899188284028163e-03
4.9902259003013951e-03
4.9905329721057915e-03
4.9902259012736729e-03
4.9899188303472583e-03
4.9902259076010968e-03
4.9905329847606261e-03
4.9902259085730745e-03
4.9899188322912319e-03
4.9902259149007065e-03
4.9905329974162509e-03
4.9902259158740962e-03
4.9899188342373123e-03
4.9902259222023657e-03
4.9905330100733459e-03
4.9902259231753765e-03
4.9899188361832072e-03
4.9902259295034291e-03
4.9905330227305519e-03
4.9902259304760409e-03
4.9899188381283795e-03
4.9902259368045723e-03
4.9905330353872089e-03
4.9902259377774712e-03
4.9899188400728978e-03
4.9902259441047207e-03
4.9905330480431304e-03
4.9902259450769603e-03
4.9899188420170579e-03
4.9902259514046253e-03
4.9905330606984767e-03
4.9902259523772466e-03
4.9899188439617758e-03
4.9902259587051457e-03
4.9905330733546827e-03
4.9902259596780732e-03
4.9899188459069620e-03
4.9902259660065552e-03
4.9905330860104489e-03
4.9902259669782406e-03
4.9899188478516633e-03
4.9902259733067946e-03
4.9905330986668144e-03
4.9902259742781625e-03
4.9899188497962120e-03
4.9902259806066341e-03
4.9905331113229614e-03
4.9902259815793231e-03
4.9899188517412638e-03
4.9902259879079274e-03
4.9905331239798942e-03
4.9902259888810379e-03
4.9899188536866061e-03
4.9902259952093750e-03
4.9905331366375868e-03
4.9902259961808635e-03
4.9899188556308165e-03
4.9902260025095676e-03
4.9905331492938838e-03
4.9902260034821490e-03
4.9899188575755690e-03
4.9902260098109883e-03
4.9905331619508799e-03
4.9902260107840476e-03
4.9899188595222107e-03
4.9902260171119485e-03
4.9905331746072090e-03
4.9902260180840277e-03
4.9899188614671020e-03
4.9902260244117430e-03
4.9905331872634722e-03
4.9902260253851692e-03
4.9899188634121034e-03
4.9902260317139808e-03
4.9905331999204952e-03
4.9902260326859385e-03
4.9899188653563225e-03
4.9902260390138446e-03
4.9905332125769935e-03
4.9902260399862673e-03
4.9899188673020005e-03
4.9902260463146548e-03
4.9905332252333442e-03
4.9902260472868779e-03
4.9899188692472986e-03
4.9902260536163028e-03
4.9905332378918869e-03
4.9902260545890611e-03
4.9899188711919288e-03
4.9902260609168301e-03
4.9905332505477250e-03
4.9902260618893291e-03
4.9899188731364506e-03
4.9902260682178484e-03
4.9905332632052407e-03
4.9902260691906822e-03
4.9899188750812716e-03
4.9902260755192015e-03
4.9905332758634277e-03
4.9902260764924421e-03
4.9899188770267224e-03
4.9902260828211175e-03
4.9905332885211498e-03
4.9902260837940710e-03
4.9899188789726961e-03
4.9902260901224316e-03
4.9905333011782630e-03
4.9902260910942211e-03
4.9899188809164391e-03
4.9902260974227820e-03
4.9905333138355115e-03
4.9902260983955438e-03
4.9899188828615298e-03
4.9902261047242097e-03
4.9905333264919569e-03
4.9902261056962568e-03
4.9899188848057914e-03
4.9902261120249331e-03
4.9905333391492635e-03
4.9902261129966550e-03
4.9899188867499420e-03
4.9902261193260711e-03
4.9905333518068720e-03
4.9902261202990688e-03
4.9899188886968334e-03
4.9902261266277087e-03
4.9905333644642193e-03
4.9902261276003213e-03
4.9899188906416666e-03
