0.0000000000000000e+00
-4.4634146341165341e-05
-8.9270284978294954e-05
-1.3390243902195625e-04
-1.7853658518397268e-04
-2.2317272364193356e-04
-2.6781085457386203e-04
-5.3743902426873645e-04
-1.0904065037564939e-03
-1.6433739766348434e-03
-2.1963414563092348e-03
-2.1517073106003324e-03
-2.1070751570092332e-03
-2.0624449953583015e-03
-2.0178048721900769e-03
-1.9731667416742452e-03
-1.9285365795133466e-03
-1.8839024331715761e-03
-1.8392702789484421e-03
-1.7946341404897271e-03
-1.7499999941507974e-03
-1.7053658478083131e-03
-1.6607336935846176e-03
-1.6160975551229423e-03
-1.5714634089578905e-03
-1.5268312549107513e-03
-1.4822010928044662e-03
-1.4375609697500431e-03
-1.3929228393476044e-03
-1.3482867014189149e-03
-1.3036525557859786e-03
-1.3482926764728119e-03
-1.3929347899891207e-03
-1.4375609697393375e-03
-1.4821891410735203e-03
-1.5268292624348589e-03
-1.5714634087787020e-03
-1.6160995474185820e-03
-1.6607317014632932e-03
-1.7053658476260470e-03
-1.7499999941485726e-03
-1.7946341404897301e-03
-1.8392702791269328e-03
-1.8839024331706534e-03
-1.9285365793324551e-03
-1.9731727177901498e-03
-2.0178108487210770e-03
-2.0624390185294563e-03
-2.1070691800997104e-03
-2.1517013336104594e-03
-2.1963354792391724e-03
-2.1963033688635544e-03
-2.1962712584899665e-03
-2.1963593153710168e-03
-2.1964473722609597e-03
-2.1963414628828389e-03
-2.1964654662847997e-03
-2.1965894697023279e-03
-2.1967134731346850e-03
-2.1968374765829806e-03
-2.1969614800457465e-03
-2.1970854835248431e-03
-2.1972094870196896e-03
-2.1973334905301257e-03
-2.1974574940554228e-03
-2.1975814975966550e-03
-2.1977055011530547e-03
-2.1975519712757255e-03
-2.1973984414217652e-03
-2.1975519711174333e-03
-2.1977055008366303e-03
-2.1975519749260087e-03
-2.1973984490378635e-03
-2.1975519747670256e-03
-2.1977055005192041e-03
-2.1975519785754839e-03
-2.1973984566553534e-03
-2.1975519784168036e-03
-2.1977055002023174e-03
-2.1975519822258630e-03
-2.1973984642715497e-03
-2.1975519820670920e-03
-2.1977054998867096e-03
-2.1975519858760881e-03
-2.1973984718889135e-03
-2.1975519857174632e-03
-2.1977054995699634e-03
-2.1975519895265955e-03
-2.1973984795067769e-03
-2.1975519893680353e-03
-2.1977054992529904e-03
-2.1975519931755096e-03
-2.1973984871226002e-03
-2.1975519930167715e-03
-2.1977054989356848e-03
-2.1975519968253057e-03
-2.1973984947385498e-03
-2.1975519966679156e-03
-2.1977054986204760e-03
-2.1975520004762863e-03
-2.1973985023557882e-03
-2.1975520003185969e-03
-2.1977054983044362e-03
-2.1975520041271259e-03
-2.1973985099730544e-03
-2.1975520039682114e-03
-2.1977054979868040e-03
-2.1975520077759303e-03
-2.1973985175886821e-03
-2.1975520076173653e-03
-2.1977054976700418e-03
-2.1975520114271658e-03
-2.1973985252070373e-03
-2.1975520112688064e-03
-2.1977054973542250e-03
-2.1975520150774490e-03
-2.1973985328245290e-03
-2.1975520149198745e-03
-2.1977054970386801e-03
-2.1975520187285207e-03
-2.1973985404418472e-03
-2.1975520185700329e-03
-2.1977054967213991e-03
-2.1975520223776962e-03
-2.1973985480582400e-03
-2.1975520222191599e-03
-2.1977054964032279e-03
-2.1975520260272730e-03
-2.1973985556746310e-03
-2.1975520258691573e-03
-2.1977054960866113e-03
-2.1975520296771208e-03
-2.1973985632920095e-03
-2.1975520295192861e-03
-2.1977054957702585e-03
-2.1975520333281295e-03
-2.1973985709099492e-03
-2.1975520331707511e-03
-2.1977054954549890e-03
-2.1975520369798538e-03
-2.1973985785276890e-03
-2.1975520368211648e-03
-2.1977054951378720e-03
-2.1975520406297003e-03
-2.1973985861453971e-03
-2.1975520404713018e-03
-2.1977054948220300e-03
-2.1975520442813379e-03
-2.1973985937639370e-03
-2.1975520441227083e-03
-2.1977054945056512e-03
-2.1975520479318674e-03
-2.1973986013812275e-03
-2.1975520477734360e-03
-2.1977054941891075e-03
-2.1975520515817156e-03
-2.1973986089984885e-03
-2.1975520514230461e-03
-2.1977054938714514e-03
-2.1975520552324612e-03
-2.1973986166166303e-03
-2.1975520550748862e-03
-2.1977054935563736e-03
-2.1975520588831325e-03
-2.1973986242342638e-03
-2.1975520587250016e-03
-2.1977054932392904e-03
-2.1975520625332444e-03
-2.1973986318513964e-03
-2.1975520623751387e-03
-2.1977054929219939e-03
-2.1975520661835150e-03
-2.1973986394687789e-03
-2.1975520660257189e-03
-2.1977054926059850e-03
-2.1975520698342297e-03
-2.1973986470859653e-03
-2.1975520696764692e-03
-2.1977054922906339e-03
-2.1975520734854792e-03
-2.1973986547037410e-03
-2.1975520733279585e-03
-2.1977054919751033e-03
-2.1975520771369476e-03
-2.1973986623221760e-03
-2.1975520769781437e-03
-2.1977054916578675e-03
-2.1975520807876975e-03
-2.1973986699409071e-03
-2.1975520806292535e-03
-2.1977054913415364e-03
-2.1975520844383189e-03
-2.1973986775588004e-03
-2.1975520842800645e-03
-2.1977054910246254e-03
-2.1975520880881160e-03
-2.1973986851755853e-03
-2.1975520879304353e-03
-2.1977054907077478e-03
-2.1975520917385701e-03
-2.1973986927932196e-03
