0.0000000000000000e+00
-4.4634146341165341e-05
-8.9270284978294954e-05
-1.3390243902195627e-04
-1.7853658518421041e-04
-2.2317272364213588e-04
-2.6781085457417634e-04
-5.3743902426782984e-04
-1.0904065037567151e-03
-1.6433739766338001e-03
-2.1963414563088827e-03
-2.1517073105997726e-03
-2.1070751570086148e-03
-2.0624449953585431e-03
-2.0178048721896944e-03
-1.9731667416731393e-03
-1.9285365795125770e-03
-1.8839024331715301e-03
-1.8392702789482122e-03
-1.7946341404883590e-03
-1.7499999941494450e-03
-1.7053658478074865e-03
-1.6607336935832674e-03
-1.6160975551220776e-03
-1.5714634089576452e-03
-1.5268312549109829e-03
-1.4822010928043647e-03
-1.4375609697508613e-03
-1.3929228393491943e-03
-1.3482867014216068e-03
-1.3036525557889624e-03
-1.3482926764747940e-03
-1.3929347899897871e-03
-1.4375609697405455e-03
-1.4821891410759418e-03
-1.5268292624371258e-03
-1.5714634087811994e-03
-1.6160995474212830e-03
-1.6607317014665965e-03
-1.7053658476293377e-03
-1.7499999941514848e-03
-1.7946341404929266e-03
-1.8392702791300997e-03
-1.8839024331733277e-03
-1.9285365793351471e-03
-1.9731727177924006e-03
-2.0178108487234237e-03
-2.0624390185332493e-03
-2.1070691801049254e-03
-2.1517013336169381e-03
-2.1963354792468334e-03
-2.1963033688670044e-03
-2.1962712584891225e-03
-2.1963593153746640e-03
-2.1964473722688479e-03
-2.1963414628858743e-03
-2.1964654662874230e-03
-2.1965894697049044e-03
-2.1967134731371656e-03
-2.1968374765855077e-03
-2.1969614800491240e-03
-2.1970854835278528e-03
-2.1972094870223195e-03
-2.1973334905322282e-03
-2.1974574940578470e-03
-2.1975814975985870e-03
-2.1977055011545990e-03
-2.1975519712770612e-03
-2.1973984414232792e-03
-2.1975519711192812e-03
-2.1977055008386933e-03
-2.1975519749280743e-03
-2.1973984490401711e-03
-2.1975519747694516e-03
-2.1977055005220833e-03
-2.1975519785778306e-03
-2.1973984566568566e-03
-2.1975519784196789e-03
-2.1977055002065176e-03
-2.1975519822289044e-03
-2.1973984642740937e-03
-2.1975519820704639e-03
-2.1977054998903018e-03
-2.1975519858787058e-03
-2.1973984718910971e-03
-2.1975519857198606e-03
-2.1977054995742555e-03
-2.1975519895289920e-03
-2.1973984795065783e-03
-2.1975519893699825e-03
-2.1977054992571459e-03
-2.1975519931785692e-03
-2.1973984871239047e-03
-2.1975519930206590e-03
-2.1977054989415533e-03
-2.1975519968292119e-03
-2.1973984947404757e-03
-2.1975519966711018e-03
-2.1977054986252881e-03
-2.1975520004798069e-03
-2.1973985023579258e-03
-2.1975520003220846e-03
-2.1977054983086100e-03
-2.1975520041298798e-03
-2.1973985099750675e-03
-2.1975520039714466e-03
-2.1977054979910654e-03
-2.1975520077788546e-03
-2.1973985175909412e-03
-2.1975520076206820e-03
-2.1977054976749103e-03
-2.1975520114293160e-03
-2.1973985252072628e-03
-2.1975520112709574e-03
-2.1977054973587526e-03
-2.1975520150799800e-03
-2.1973985328247406e-03
-2.1975520149218200e-03
-2.1977054970429544e-03
-2.1975520187298911e-03
-2.1973985404410814e-03
-2.1975520185716852e-03
-2.1977054967262416e-03
-2.1975520223803226e-03
-2.1973985480589374e-03
-2.1975520222226536e-03
-2.1977054964098853e-03
-2.1975520260311748e-03
-2.1973985556757907e-03
-2.1975520258731788e-03
-2.1977054960931478e-03
-2.1975520296805178e-03
-2.1973985632921301e-03
-2.1975520295225677e-03
-2.1977054957759388e-03
-2.1975520333306791e-03
-2.1973985709094149e-03
-2.1975520331730778e-03
-2.1977054954604365e-03
-2.1975520369821111e-03
-2.1973985785269262e-03
-2.1975520368234243e-03
-2.1977054951430970e-03
-2.1975520406314368e-03
-2.1973985861439512e-03
-2.1975520404735539e-03
-2.1977054948264145e-03
-2.1975520442822027e-03
-2.1973985937621004e-03
-2.1975520441246885e-03
-2.1977054945099090e-03
-2.1975520479339235e-03
-2.1973986013806824e-03
-2.1975520477757185e-03
-2.1977054941941165e-03
-2.1975520515831425e-03
-2.1973986089956874e-03
-2.1975520514251985e-03
-2.1977054938771448e-03
-2.1975520552336494e-03
-2.1973986166140022e-03
-2.1975520550757163e-03
-2.1977054935615296e-03
-2.1975520588848954e-03
-2.1973986242326904e-03
-2.1975520587265815e-03
-2.1977054932436359e-03
-2.1975520625344405e-03
-2.1973986318502624e-03
-2.1975520623768890e-03
-2.1977054929273616e-03
-2.1975520661854445e-03
-2.1973986394675632e-03
-2.1975520660273656e-03
-2.1977054926102949e-03
-2.1975520698365551e-03
-2.1973986470865260e-03
-2.1975520696785140e-03
-2.1977054922940795e-03
-2.1975520734879360e-03
-2.1973986547048460e-03
-2.1975520733295830e-03
-2.1977054919775788e-03
-2.1975520771384833e-03
-2.1973986623229163e-03
-2.1975520769801824e-03
-2.1977054916610169e-03
-2.1975520807897674e-03
-2.1973986699424333e-03
-2.1975520806318677e-03
-2.1977054913453519e-03
-2.1975520844411817e-03
-2.1973986775601930e-03
-2.1975520842824783e-03
-2.1977054910287349e-03
-2.1975520880920048e-03
-2.1973986851785555e-03
-2.1975520879331445e-03
-2.1977054907112376e-03
-2.1975520917419666e-03
-2.1973986927969497e-03
