0.0000000000000000e+00
0.0000000000000000e+00
0.0000000000000000e+00
0.0000000000000000e+00
0.0000000000000000e+00
0.0000000000000000e+00
0.0000000000000000e+00
4.4999999977990066e-04
1.4666666661106104e-03
2.4833333216352678e-03
3.4999999883012938e-03
3.4999999883012938e-03
3.4999999883012938e-03
3.4999999883012938e-03
3.4999999883012938e-03
3.4999999883012938e-03
3.4999999883012938e-03
3.4999999883012938e-03
3.4999999883012938e-03
3.4999999883012938e-03
3.4999999883012938e-03
3.4999999883012938e-03
3.4999999883012938e-03
3.4999999883012938e-03
3.4999999883012938e-03
3.4999999883012938e-03
3.4999999883012938e-03
3.4999999883012938e-03
3.4999999883012938e-03
3.4999999883012938e-03
3.4999999883012938e-03
3.4999999883012938e-03
3.4999999883012938e-03
3.4999999883012938e-03
3.4999999883012938e-03
3.4999999883012938e-03
3.4999999883012938e-03
3.4999999883012938e-03
3.4999999883012938e-03
3.4999999883012938e-03
3.4999999883012938e-03
3.4999999883012938e-03
3.4999999883012938e-03
3.4999999883012938e-03
3.4999999883012938e-03
3.4999999883012938e-03
3.4999999883012938e-03
3.4999999883012938e-03
3.4999999883012938e-03
3.4999999883012938e-03
3.5000357039752326e-03
3.5000357039752326e-03
3.5000357039752326e-03
3.5000357039752326e-03
3.5002480057703600e-03
3.5002480057703600e-03
3.5002480057703600e-03
3.5004401839949981e-03
3.5006602764801383e-03
3.5008803689380208e-03
3.5011004613687020e-03
3.5013205537720552e-03
3.5015406461482738e-03
3.5017607384973245e-03
3.5019808308190195e-03
3.5022009231136281e-03
3.5024210153807942e-03
3.5024210153807942e-03
3.5024210153807942e-03
3.5024210153807942e-03
3.5024210226811433e-03
3.5024210226811433e-03
3.5024210226811433e-03
3.5024210226811433e-03
3.5024210299820749e-03
3.5024210299820749e-03
3.5024210299820749e-03
3.5024210299820749e-03
3.5024210372821638e-03
3.5024210372821638e-03
3.5024210372821638e-03
3.5024210372821638e-03
3.5024210445828508e-03
3.5024210445828508e-03
3.5024210445828508e-03
3.5024210445828508e-03
3.5024210518840248e-03
3.5024210518840248e-03
3.5024210518840248e-03
3.5024210518840248e-03
3.5024210591850543e-03
3.5024210591850543e-03
3.5024210591850543e-03
3.5024210591850543e-03
3.5024210664855965e-03
3.5024210664855965e-03
3.5024210664855965e-03
3.5024210664855965e-03
3.5024210737864604e-03
3.5024210737864604e-03
3.5024210737864604e-03
3.5024210737864604e-03
3.5024210810869092e-03
3.5024210810869092e-03
3.5024210810869092e-03
3.5024210810869092e-03
3.5024210883868485e-03
3.5024210883868485e-03
3.5024210883868485e-03
3.5024210883868485e-03
3.5024210956871938e-03
3.5024210956871938e-03
3.5024210956871938e-03
3.5024210956871938e-03
3.5024211029882914e-03
3.5024211029882914e-03
3.5024211029882914e-03
3.5024211029882914e-03
3.5024211102892364e-03
3.5024211102892364e-03
3.5024211102892364e-03
3.5024211102892364e-03
3.5024211175898887e-03
3.5024211175898887e-03
3.5024211175898887e-03
3.5024211175898887e-03
3.5024211248909738e-03
3.5024211248909738e-03
3.5024211248909738e-03
3.5024211248909738e-03
3.5024211321914534e-03
3.5024211321914534e-03
3.5024211321914534e-03
3.5024211321914534e-03
3.5024211394924479e-03
3.5024211394924479e-03
3.5024211394924479e-03
3.5024211394924479e-03
3.5024211467937056e-03
3.5024211467937056e-03
3.5024211467937056e-03
3.5024211467937056e-03
3.5024211540940959e-03
3.5024211540940959e-03
3.5024211540940959e-03
3.5024211540940959e-03
3.5024211613952486e-03
3.5024211613952486e-03
3.5024211613952486e-03
3.5024211613952486e-03
3.5024211686960635e-03
3.5024211686960635e-03
3.5024211686960635e-03
3.5024211686960635e-03
3.5024211759969023e-03
3.5024211759969023e-03
3.5024211759969023e-03
3.5024211759969023e-03
3.5024211832978499e-03
3.5024211832978499e-03
3.5024211832978499e-03
3.5024211832978499e-03
3.5024211905990916e-03
3.5024211905990916e-03
3.5024211905990916e-03
3.5024211905990916e-03
3.5024211978998887e-03
3.5024211978998887e-03
3.5024211978998887e-03
3.5024211978998887e-03
3.5024212052011789e-03
3.5024212052011789e-03
3.5024212052011789e-03
3.5024212052011789e-03
3.5024212125027150e-03
3.5024212125027150e-03
3.5024212125027150e-03
3.5024212125027150e-03
3.5024212198038343e-03
3.5024212198038343e-03
3.5024212198038343e-03
3.5024212198038343e-03
3.5024212271053561e-03
3.5024212271053561e-03
3.5024212271053561e-03
3.5024212271053561e-03
3.5024212344060834e-03
3.5024212344060834e-03
3.5024212344060834e-03
3.5024212344060834e-03
3.5024212417075679e-03
3.5024212417075679e-03
3.5024212417075679e-03
3.5024212417075679e-03
3.5024212490084366e-03
3.5024212490084366e-03
3.5024212490084366e-03
3.5024212490084366e-03
3.5024212563092563e-03
3.5024212563092563e-03
3.5024212563092563e-03
