0.0000000000000000e+00
3.0499999999891628e+01
6.0996824069649470e+01
9.1499999999158078e+01
1.2199999893216879e+02
1.5249682193526209e+02
1.8299047007469659e+02
2.1349999999339724e+02
2.4399999998331847e+02
2.7449999964905822e+02
3.0499999964903873e+02
2.7449999971282244e+02
2.4399682277974927e+02
2.1349046778265540e+02
1.8299999999647298e+02
1.5250635841459425e+02
1.2199999999901367e+02
9.1499999998978367e+01
6.0996823002167829e+01
3.0499999998967926e+01
4.2264976409413685e-11
3.0500000000276064e+01
6.1003176997356476e+01
9.1500000001050267e+01
1.2199999893459187e+02
1.5250317486469518e+02
1.8300952885854443e+02
2.1350000000359751e+02
2.4399364494547351e+02
2.7449046474999778e+02
3.0499046048351073e+02
2.7450000027591517e+02
2.4401271279691792e+02
2.1350000000766363e+02
1.8299046741761015e+02
1.5250000000231267e+02
1.2200000000133790e+02
9.1503175930576589e+01
6.1000000000557698e+01
3.0500001067213407e+01
2.5507122595953469e-10
3.0500000000095067e+01
6.0996824069851513e+01
9.1499999999273868e+01
1.2199999893218319e+02
1.5249682193534284e+02
1.8299047007472180e+02
2.1349999999659963e+02
2.4400635078805763e+02
2.7450952351669656e+02
3.0500107111925718e+02
3.0497170666322893e+02
3.0494234220377223e+02
3.0499999996385907e+02
3.0500744017311092e+02
3.0494133681472420e+02
3.0499999994174664e+02
3.0501320551985015e+02
3.0501980829440424e+02
3.0502641106814070e+02
3.0503301384106146e+02
3.0503961661316168e+02
3.0504621938444848e+02
3.0505282215492002e+02
3.0505942492457075e+02
3.0506602769340907e+02
3.0507263046142401e+02
3.0499999896179531e+02
3.0492736745089326e+02
3.0499999993462711e+02
3.0507263068043449e+02
3.0499999896180725e+02
3.0492736723190285e+02
3.0499999993473477e+02
3.0507263089946252e+02
3.0499999896173051e+02
3.0492736701275322e+02
3.0499999993453349e+02
3.0507263111846498e+02
3.0499999896174950e+02
3.0492736679374167e+02
3.0499999993459068e+02
3.0507263133748563e+02
3.0499999896174734e+02
3.0492736657487694e+02
3.0499999993464252e+02
3.0507263155652100e+02
3.0499999896179753e+02
3.0492736635585146e+02
3.0499999993467901e+02
3.0507263177555171e+02
3.0499999896159471e+02
3.0492736613667165e+02
3.0499999993454031e+02
3.0507263199456816e+02
3.0499999896166082e+02
3.0492736591744915e+02
3.0499999993450626e+02
3.0507263221359415e+02
3.0499999896150831e+02
3.0492736569832084e+02
3.0499999993450490e+02
3.0507263243260758e+02
3.0499999896156515e+02
3.0492736547940734e+02
3.0499999993442708e+02
3.0507263265160572e+02
3.0499999896156015e+02
3.0492736526035702e+02
3.0499999993446352e+02
3.0507263287061608e+02
3.0499999896160011e+02
3.0492736504143505e+02
3.0499999993466770e+02
3.0507263308964883e+02
3.0499999896144749e+02
3.0492736482232817e+02
3.0499999993453798e+02
3.0507263330867733e+02
3.0499999896151007e+02
3.0492736460321942e+02
3.0499999993449921e+02
3.0507263352769684e+02
3.0499999896158073e+02
3.0492736438425396e+02
3.0499999993459187e+02
3.0507263374672937e+02
3.0499999896137973e+02
3.0492736416495558e+02
3.0499999993438968e+02
3.0507263396574348e+02
3.0499999896139479e+02
3.0492736394593373e+02
3.0499999993449177e+02
3.0507263418477362e+02
3.0499999896154145e+02
3.0492736372717303e+02
3.0499999993460511e+02
3.0507263440381126e+02
3.0499999896154350e+02
3.0492736350816512e+02
3.0499999993440792e+02
3.0507263462282293e+02
3.0499999896161978e+02
3.0492736328922433e+02
3.0499999993463342e+02
3.0507263484185768e+02
3.0499999896162029e+02
3.0492736307016992e+02
3.0499999993456970e+02
3.0507263506088219e+02
3.0499999896168794e+02
3.0492736285134447e+02
3.0499999993467964e+02
3.0507263527990688e+02
3.0499999896151797e+02
3.0492736263215107e+02
3.0499999993455970e+02
3.0507263549893560e+02
3.0499999896165713e+02
3.0492736241312713e+02
3.0499999993459414e+02
3.0507263571797284e+02
3.0499999896156311e+02
3.0492736219410847e+02
3.0499999993457902e+02
3.0507263593699696e+02
3.0499999896155168e+02
3.0492736197506218e+02
3.0499999993458772e+02
3.0507263615603580e+02
3.0499999896156334e+02
3.0492736175595644e+02
3.0499999993469692e+02
3.0507263637508163e+02
3.0499999896159716e+02
3.0492736153701856e+02
3.0499999993460227e+02
3.0507263659411518e+02
3.0499999896155555e+02
3.0492736131783022e+02
3.0499999993457908e+02
3.0507263681316095e+02
3.0499999896153639e+02
3.0492736109878706e+02
3.0499999993457971e+02
3.0507263703218251e+02
3.0499999896173864e+02
3.0492736088002226e+02
3.0499999993474643e+02
3.0507263725122732e+02
3.0499999896153764e+02
3.0492736066073877e+02
3.0499999993460739e+02
3.0507263747025320e+02
3.0499999896167458e+02
3.0492736044196420e+02
3.0499999993472551e+02
3.0507263768927771e+02
3.0499999896177599e+02
3.0492736022305417e+02
