0.0000000000000000e+00
7.1501613744507173e-11
-3.4029991481006427e-03
5.9107494685083752e-10
-7.0773908208671427e-07
-3.4044151490545465e-03
-1.0210413221553260e-02
1.1604862194675932e-09
2.9790210760535103e-09
3.8072794161209782e-07
3.8051504372840285e-07
1.0421419123656088e-07
-3.4038801373393475e-03
-1.0212282132354464e-02
2.0833226677097957e-09
6.8107052923008001e-03
9.3171427493924937e-10
8.2094083066668238e-10
-3.4037073900643764e-03
6.7965195926026331e-10
3.7693838820195893e-11
1.9560557982246147e-10
-3.4037078122126953e-03
8.4946328619216882e-10
7.1009589598692067e-07
-3.4022884585261431e-03
-1.0209704299316138e-02
1.9618632112034780e-09
6.8081265258549250e-03
1.0213961205792295e-02
1.0216797864194408e-02
1.0185895254887383e-07
-1.3617465581451568e-02
4.1974661991872926e-09
1.0211637579670989e-02
1.3783951613030595e-09
8.1666776524996396e-10
-3.4029990926640772e-03
2.7319869949975440e-10
-7.0808256924039539e-07
-2.3274593626529647e-10
-2.0771448745295155e-10
-3.4029994422700820e-03
3.9893994584101224e-10
-7.0783159587035120e-07
-3.4044148794121465e-03
-1.0210412499114092e-02
1.6857410230084681e-09
6.8052900488703412e-03
1.0206161797464660e-02
1.3019370046580339e-02
7.4525969444979179e-03
1.8858202574615181e-03
-1.2730717159782766e-08
1.4853321720686782e-02
1.9554360880579390e-02
-3.7227424812998101e-08
-4.4019350076005244e-03
-6.6029138156728090e-03
-8.8039084145022876e-03
-1.1004918321979635e-02
-1.3205943749811105e-02
-1.5406984832895512e-02
-1.7608041421079485e-02
-1.9809113577115255e-02
-2.2010201151569223e-02
-2.4211304161577792e-02
-8.6675169557607686e-07
2.4209550165953046e-02
-5.6231064904518370e-08
-2.4209107327414329e-02
-8.6711264573362958e-07
2.4207353061971672e-02
-5.6041333257816410e-08
-2.4206909821628261e-02
-8.6678971575908855e-07
2.4205155815403497e-02
-5.6090625660426863e-08
-2.4204713022713653e-02
-8.6724184281918990e-07
2.4202958512317976e-02
-5.6334427869001879e-08
-2.4202515995631283e-02
-8.6702855842933216e-07
2.4200761357139704e-02
-5.6050106073375556e-08
-2.4200318742385173e-02
-8.6693580451165690e-07
2.4198564595487335e-02
-5.5932303729994337e-08
-2.4198121163976370e-02
-8.6656248701335619e-07
2.4196367500367084e-02
-5.5744872260312117e-08
-2.4195924027143149e-02
-8.6649475354523374e-07
2.4194170454534772e-02
-5.6001094297461900e-08
-2.4193727053085909e-02
-8.6679213357005577e-07
2.4191973059162073e-02
-5.6206634351497217e-08
-2.4191529905682897e-02
-8.6687889834230742e-07
2.4189775691891437e-02
-5.5984720187298015e-08
-2.4189332344015300e-02
-8.6637636836956673e-07
2.4187578926414082e-02
-5.5526115057289812e-08
-2.4187135240499383e-02
-8.6660010719347954e-07
2.4185381687549568e-02
-5.5694066102179553e-08
-2.4184938089290481e-02
-8.6675277908251469e-07
2.4183184322667327e-02
-5.6026414535159864e-08
-2.4182741241428829e-02
-8.6666045131889711e-07
2.4180987291157589e-02
-5.5753852317391236e-08
-2.4180543644733068e-02
-8.6636965447653513e-07
2.4178789948731298e-02
-5.5675776078274735e-08
-2.4178346079479711e-02
-8.6648967893493032e-07
2.4176592850894661e-02
-5.5675816438115903e-08
-2.4176148714738999e-02
-8.6613112599305009e-07
2.4174395701908696e-02
-5.5408106613169139e-08
-2.4173951244189040e-02
-8.6601543724871570e-07
2.4172198557444624e-02
-5.5511690661695192e-08
-2.4171754386746114e-02
-8.6645914706938028e-07
2.4170001175205260e-02
-5.5533237833177948e-08
-2.4169556804637865e-02
-8.6609033259363948e-07
2.4167803881336172e-02
-5.5354848962198776e-08
-2.4167359478326537e-02
-8.6633091745051660e-07
2.4165606139336857e-02
-5.5678466663416322e-08
-2.4165162096722204e-02
-8.6664722481819485e-07
2.4163408634846961e-02
-5.5826354573363524e-08
-2.4162965006452403e-02
-8.6628964036375129e-07
2.4161211979013313e-02
-5.5395910125204142e-08
-2.4160767281753953e-02
-8.6629528819720624e-07
2.4159014221661616e-02
-5.5688386737529751e-08
-2.4158570406417675e-02
-8.6657818624000907e-07
2.4156816522797567e-02
-5.5695647564062303e-08
-2.4156372584512299e-02
-8.6631987159340931e-07
2.4154619045923864e-02
-5.5698842111628669e-08
-2.4154175106566141e-02
-8.6635921494630790e-07
2.4152421812095013e-02
-5.5519079697928028e-08
-2.4151977530955802e-02
-8.6640752080717554e-07
2.4150224288751826e-02
-5.5577081419922491e-08
-2.4149780231195191e-02
-8.6670973938575105e-07
2.4148026598404950e-02
-5.5899268446539341e-08
-2.4147582941323780e-02
-8.6677128733435687e-07
2.4145829010244486e-02
-5.5845877414739822e-08
-2.4145385555686724e-02
-8.6710445612779821e-07
2.4143630775555459e-02
-5.6354225489097111e-08
-2.4143188413978986e-02
-8.6745963470163589e-07
2.4141433217402926e-02
-5.6411311142404653e-08
-2.4140990953334902e-02
-8.6740120779854283e-07
2.4139235785388166e-02
-5.6424420279607579e-08
-2.4138793298645128e-02
-8.6718313438175505e-07
2.4137038169427576e-02
