2.0000000000000020e+02
2.0000000000000020e+02
2.0000000000000020e+02
2.0000000000000020e+02
2.0000000000000020e+02
2.0000000000000020e+02
2.0000000000000020e+02
2.1349999999339707e+02
2.4399999998331847e+02
2.7449999964905822e+02
3.0499999964903884e+02
3.0499999964903884e+02
3.0499999964903884e+02
3.0499999964903884e+02
3.0499999964903884e+02
3.0499999964903884e+02
3.0499999964903884e+02
3.0499999964903884e+02
3.0499999964903884e+02
3.0499999964903884e+02
3.0499999964903884e+02
3.0499999964903884e+02
3.0499999964903884e+02
3.0499999964903884e+02
3.0499999964903884e+02
3.0499999964903884e+02
3.0499999964903884e+02
3.0499999964903884e+02
3.0499999964903884e+02
3.0499999964903884e+02
3.0499999964903884e+02
3.0499999964903884e+02
3.0499999964903884e+02
3.0499999964903884e+02
3.0499999964903884e+02
3.0499999964903884e+02
3.0499999964903884e+02
3.0499999964903884e+02
3.0499999964903884e+02
3.0499999964903884e+02
3.0499999964903884e+02
3.0499999964903884e+02
3.0499999964903884e+02
3.0499999964903884e+02
3.0499999964903884e+02
3.0499999964903884e+02
3.0499999964903884e+02
3.0499999964903884e+02
3.0499999964903884e+02
3.0499999964903884e+02
3.0500107111925695e+02
3.0500107111925695e+02
3.0500107111925695e+02
3.0500107111925695e+02
3.0500744017311092e+02
3.0500744017311092e+02
3.0500744017311092e+02
3.0501320551985015e+02
3.0501980829440424e+02
3.0502641106814082e+02
3.0503301384106135e+02
3.0503961661316174e+02
3.0504621938444836e+02
3.0505282215492014e+02
3.0505942492457075e+02
3.0506602769340924e+02
3.0507263046142401e+02
3.0507263046142401e+02
3.0507263046142401e+02
3.0507263046142401e+02
3.0507263068043426e+02
3.0507263068043426e+02
3.0507263068043426e+02
3.0507263068043426e+02
3.0507263089946252e+02
3.0507263089946252e+02
3.0507263089946252e+02
3.0507263089946252e+02
3.0507263111846521e+02
3.0507263111846521e+02
3.0507263111846521e+02
3.0507263111846521e+02
3.0507263133748586e+02
3.0507263133748586e+02
3.0507263133748586e+02
3.0507263133748586e+02
3.0507263155652100e+02
3.0507263155652100e+02
3.0507263155652100e+02
3.0507263155652100e+02
3.0507263177555171e+02
3.0507263177555171e+02
3.0507263177555171e+02
3.0507263177555171e+02
3.0507263199456816e+02
3.0507263199456816e+02
3.0507263199456816e+02
3.0507263199456816e+02
3.0507263221359403e+02
3.0507263221359403e+02
3.0507263221359403e+02
3.0507263221359403e+02
3.0507263243260752e+02
3.0507263243260752e+02
3.0507263243260752e+02
3.0507263243260752e+02
3.0507263265160549e+02
3.0507263265160549e+02
3.0507263265160549e+02
3.0507263265160549e+02
3.0507263287061608e+02
3.0507263287061608e+02
3.0507263287061608e+02
3.0507263287061608e+02
3.0507263308964895e+02
3.0507263308964895e+02
3.0507263308964895e+02
3.0507263308964895e+02
3.0507263330867721e+02
3.0507263330867721e+02
3.0507263330867721e+02
3.0507263330867721e+02
3.0507263352769689e+02
3.0507263352769689e+02
3.0507263352769689e+02
3.0507263352769689e+02
3.0507263374672948e+02
3.0507263374672948e+02
3.0507263374672948e+02
3.0507263374672948e+02
3.0507263396574376e+02
3.0507263396574376e+02
3.0507263396574376e+02
3.0507263396574376e+02
3.0507263418477362e+02
3.0507263418477362e+02
3.0507263418477362e+02
3.0507263418477362e+02
3.0507263440381138e+02
3.0507263440381138e+02
3.0507263440381138e+02
3.0507263440381138e+02
3.0507263462282310e+02
3.0507263462282310e+02
3.0507263462282310e+02
3.0507263462282310e+02
3.0507263484185768e+02
3.0507263484185768e+02
3.0507263484185768e+02
3.0507263484185768e+02
3.0507263506088208e+02
3.0507263506088208e+02
3.0507263506088208e+02
3.0507263506088208e+02
3.0507263527990722e+02
3.0507263527990722e+02
3.0507263527990722e+02
3.0507263527990722e+02
3.0507263549893560e+02
3.0507263549893560e+02
3.0507263549893560e+02
3.0507263549893560e+02
3.0507263571797279e+02
3.0507263571797279e+02
3.0507263571797279e+02
3.0507263571797279e+02
3.0507263593699690e+02
3.0507263593699690e+02
3.0507263593699690e+02
3.0507263593699690e+02
3.0507263615603568e+02
3.0507263615603568e+02
3.0507263615603568e+02
3.0507263615603568e+02
3.0507263637508157e+02
3.0507263637508157e+02
3.0507263637508157e+02
3.0507263637508157e+02
3.0507263659411518e+02
3.0507263659411518e+02
3.0507263659411518e+02
3.0507263659411518e+02
3.0507263681316090e+02
3.0507263681316090e+02
3.0507263681316090e+02
3.0507263681316090e+02
3.0507263703218257e+02
3.0507263703218257e+02
3.0507263703218257e+02
3.0507263703218257e+02
3.0507263725122732e+02
3.0507263725122732e+02
3.0507263725122732e+02
3.0507263725122732e+02
3.0507263747025326e+02
3.0507263747025326e+02
3.0507263747025326e+02
3.0507263747025326e+02
3.0507263768927783e+02
3.0507263768927783e+02
3.0507263768927783e+02
