0.0000000000000000e+00
3.0499999999963144e+01
6.0993421070501384e+01
9.1499999999749150e+01
1.2199999822444912e+02
1.5249341752012759e+02
1.8298025966149760e+02
2.1349999999450930e+02
2.4399999998631836e+02
2.7450000002974627e+02
3.0500000002956159e+02
2.7449999981703013e+02
2.4399341889959578e+02
2.1348025550057443e+02
1.8299999999856419e+02
1.5251316911982983e+02
1.2199999999993159e+02
9.1499999999842871e+01
6.0993419294808461e+01
3.0499999999596991e+01
-8.1372645844119986e-11
-3.0500000000082032e+01
-6.1006580705223783e+01
-9.1500000000226095e+01
-1.2199999822447676e+02
-1.5250657715311604e+02
-1.8301973856284812e+02
-2.1350000000155524e+02
-2.4398683681881209e+02
-2.7448025078856267e+02
-3.0498024368540234e+02
-2.7450000017389141e+02
-2.4402633026243865e+02
-2.1350000000336172e+02
-1.8298025577982713e+02
-1.5250000000074903e+02
-1.2200000000031568e+02
-9.1506578929447016e+01
-6.1000000000018538e+01
-3.0500001775028267e+01
1.6548493126559050e-10
3.0500000000141085e+01
6.0993421070660574e+01
9.1499999999887891e+01
1.2199999822456354e+02
1.5249341752065027e+02
1.8298025966241431e+02
2.1349999999858127e+02
2.4401315607852047e+02
2.7451972967901321e+02
3.0501409048989365e+02
3.0497915926044823e+02
3.0494422802398947e+02
3.0499999995144202e+02
3.0502229349546377e+02
3.0496089117585620e+02
3.0499999990474089e+02
3.0500880358505924e+02
3.0501320538079739e+02
3.0501760715993936e+02
3.0502200892302454e+02
3.0502641066966754e+02
3.0503081239984294e+02
3.0503521411368615e+02
3.0503961581121536e+02
3.0504401749244209e+02
3.0504841915741184e+02
3.0499999809518010e+02
3.0495157700121433e+02
3.0499999987857569e+02
3.0504842157330359e+02
3.0499999809489850e+02
3.0495157458518992e+02
3.0499999987891943e+02
3.0504842398990587e+02
3.0499999809514622e+02
3.0495157216871496e+02
3.0499999987869541e+02
3.0504842640580358e+02
3.0499999809477799e+02
3.0495156975248005e+02
3.0499999987855574e+02
3.0504842882180981e+02
3.0499999809495819e+02
3.0495156733644592e+02
3.0499999987881574e+02
3.0504843123814572e+02
3.0499999809507938e+02
3.0495156492049119e+02
3.0499999987894137e+02
3.0504843365475733e+02
3.0499999809531079e+02
3.0495156250431103e+02
3.0499999987913657e+02
3.0504843607103874e+02
3.0499999809550923e+02
3.0495156008809545e+02
3.0499999987879573e+02
3.0504843848695714e+02
3.0499999809501946e+02
3.0495155767157553e+02
3.0499999987860559e+02
3.0504844090305511e+02
3.0499999809492436e+02
3.0495155525527889e+02
3.0499999987871416e+02
3.0504844331961283e+02
3.0499999809542828e+02
3.0495155283947662e+02
3.0499999987921319e+02
3.0504844573577316e+02
3.0499999809519750e+02
3.0495155042316264e+02
3.0499999987916408e+02
3.0504844815193030e+02
3.0499999809491163e+02
3.0495154800669815e+02
3.0499999987869370e+02
3.0504845056780096e+02
3.0499999809498212e+02
3.0495154559047489e+02
3.0499999987890487e+02
3.0504845298445832e+02
3.0499999809543925e+02
3.0495154317427813e+02
3.0499999987920461e+02
3.0504845540118896e+02
3.0499999809523121e+02
3.0495154075793124e+02
3.0499999987905221e+02
3.0504845781755364e+02
3.0499999809554879e+02
3.0495153834165643e+02
3.0499999987936030e+02
3.0504846023399176e+02
3.0499999809574376e+02
3.0495153592571137e+02
3.0499999987929107e+02
3.0504846264987373e+02
3.0499999809527168e+02
3.0495153350928967e+02
3.0499999987905699e+02
3.0504846506643992e+02
3.0499999809568158e+02
3.0495153109300196e+02
3.0499999987946984e+02
3.0504846748274178e+02
3.0499999809536217e+02
3.0495152867619021e+02
3.0499999987906369e+02
3.0504846989913818e+02
3.0499999809520784e+02
3.0495152625994245e+02
3.0499999987903351e+02
3.0504847231529953e+02
3.0499999809535007e+02
3.0495152384392759e+02
3.0499999987934046e+02
3.0504847473211169e+02
3.0499999809547057e+02
3.0495152142716228e+02
3.0499999987898218e+02
3.0504847714799371e+02
3.0499999809513940e+02
3.0495151901052566e+02
3.0499999987901953e+02
3.0504847956476715e+02
3.0499999809534370e+02
3.0495151659403047e+02
3.0499999987903516e+02
3.0504848198135761e+02
3.0499999809535421e+02
3.0495151417766772e+02
3.0499999987929948e+02
3.0504848439788577e+02
3.0499999809537485e+02
3.0495151176134806e+02
3.0499999987918568e+02
3.0504848681416496e+02
3.0499999809503919e+02
3.0495150934451772e+02
3.0499999987880909e+02
3.0504848923041720e+02
3.0499999809489094e+02
3.0495150692786763e+02
3.0499999987890760e+02
3.0504849164689352e+02
3.0499999809481130e+02
3.0495150451093491e+02
3.0499999987861918e+02
3.0504849406313127e+02
3.0499999809433785e+02
3.0495150209408683e+02
3.0499999987841079e+02
3.0504849647964488e+02
3.0499999809460263e+02
3.0495149967800194e+02
3.0499999987852993e+02
3.0504849889627479e+02
3.0499999809488918e+02
3.0495149726154449e+02
