0.0000000000000000e+00
7.1501613744507173e-11
-3.4029991481006427e-03
5.9108352688000242e-10
-7.0770028319184670e-07
-3.4044151198087185e-03
-1.0210413176463467e-02
1.0635780025347163e-09
3.0208177014338551e-09
3.8064811911498781e-07
3.8053063249284432e-07
1.0420129324366090e-07
-3.4038801696634358e-03
-1.0212282029435284e-02
2.0989521172681736e-09
6.8107051791182569e-03
9.0409113799827373e-10
9.0803299565085685e-10
-3.4037073286899084e-03
5.7848998106210771e-10
-7.4430739583955070e-11
1.9246147090664923e-10
-3.4037079224085403e-03
7.9876281483534377e-10
7.1013446319251593e-07
-3.4022883830688343e-03
-1.0209704308325863e-02
2.1229231281412222e-09
6.8081267965999547e-03
1.0213961664650799e-02
1.0216798352573679e-02
1.0218860148738914e-07
-1.3617465460051532e-02
4.4065501995998347e-09
1.0211637986385226e-02
1.7489006598926279e-09
1.2276734091888186e-09
-3.4029986481252609e-03
8.0512480152001974e-10
-7.0754714892698135e-07
2.5672833244376120e-10
2.9972999128620342e-10
-3.4029989395801840e-03
8.2913383552124645e-10
-7.0740768447870959e-07
-3.4044145057024761e-03
-1.0210412115796591e-02
2.2773156533283378e-09
6.8052908765300893e-03
1.0206162835664383e-02
1.3019371225809852e-02
7.4525974944608239e-03
1.8858201772974938e-03
-1.2103551570261224e-08
1.4853322984713712e-02
1.9554361383598277e-02
-3.6784352941572935e-08
-4.4019345740092322e-03
-6.6029133980873671e-03
-8.8039079882995669e-03
-1.1004917751691422e-02
-1.3205943238602479e-02
-1.5406984378035376e-02
-1.7608041046240828e-02
-1.9809113133634589e-02
-2.2010200782488051e-02
-2.4211303863038290e-02
-8.6647875855922270e-07
2.4209550476390489e-02
-5.5872145986663187e-08
-2.4209106934214651e-02
-8.6670489863828515e-07
2.4207353512812651e-02
-5.5589675380494409e-08
-2.4206909291784103e-02
-8.6637857721916721e-07
2.4205156108155643e-02
-5.5585232258005910e-08
-2.4204712300373514e-02
-8.6670089748651653e-07
2.4202958964704552e-02
-5.5735336232087898e-08
-2.4202515355608460e-02
-8.6654993503273281e-07
2.4200761780956849e-02
-5.5603238549767040e-08
-2.4200318008040931e-02
-8.6650090236062065e-07
2.4198564683933665e-02
-5.5543266363014626e-08
-2.4198120424777984e-02
-8.6600524731217137e-07
2.4196367777959252e-02
-5.5062636606069012e-08
-2.4195923031089125e-02
-8.6580855037195284e-07
2.4194170837997304e-02
-5.5419939956514371e-08
-2.4193726220591901e-02
-8.6618560044378420e-07
2.4191973449937655e-02
-5.5592753791518465e-08
-2.4191529199088058e-02
-8.6640271919327968e-07
2.4189776051151909e-02
-5.5441303003767676e-08
-2.4189331641850869e-02
-8.6588735663463480e-07
2.4187579312521239e-02
-5.4974046138925779e-08
-2.4187134445434053e-02
-8.6620471354304353e-07
2.4185381767671467e-02
-5.5313154652561849e-08
-2.4184937348072904e-02
-8.6631924653209044e-07
2.4183184416912792e-02
-5.5662069016841177e-08
-2.4182740511478160e-02
-8.6639524469269791e-07
2.4180987220033846e-02
-5.5434753204147755e-08
-2.4180542832084768e-02
-8.6591327523610411e-07
2.4178790099980627e-02
-5.5098764441640067e-08
-2.4178345001171962e-02
-8.6580754232574110e-07
2.4176593100532447e-02
-5.4998831548887148e-08
-2.4176147664947419e-02
-8.6556074071429432e-07
2.4174395743886051e-02
-5.4854744811075712e-08
-2.4173950319583113e-02
-8.6558018404795946e-07
2.4172198519279695e-02
-5.5116773871574225e-08
-2.4171753488396987e-02
-8.6608458840255776e-07
2.4170001073678327e-02
-5.5168458876090163e-08
-2.4169555961499799e-02
-8.6578636798216014e-07
2.4167803673966318e-02
-5.4972055168697291e-08
-2.4167358753684889e-02
-8.6618581695678869e-07
2.4165605901261114e-02
-5.5333436602812335e-08
-2.4165161391323402e-02
-8.6631260004635307e-07
2.4163408561187351e-02
-5.5465771848783591e-08
-2.4162964208445697e-02
-8.6604592552677222e-07
2.4161211574143013e-02
-5.5042276350849027e-08
-2.4160766365966875e-02
-8.6607788049393972e-07
2.4159013848561943e-02
-5.5535568101034841e-08
-2.4158569551694858e-02
-8.6626936924244563e-07
2.4156816311511023e-02
-5.5423281448100188e-08
-2.4156371875234204e-02
-8.6609617470647646e-07
2.4154618890370932e-02
-5.5406425471219073e-08
-2.4154174249801659e-02
-8.6605921864336476e-07
2.4152421610674782e-02
-5.5275842485496013e-08
-2.4151976860603684e-02
-8.6603702806671412e-07
2.4150224370058149e-02
-5.5255733512268486e-08
-2.4149779669351990e-02
-8.6632308090963858e-07
2.4148026776352919e-02
-5.5640194019356128e-08
-2.4147582545846404e-02
-8.6651939469951489e-07
2.4145829150738738e-02
-5.5498182754990407e-08
-2.4145385022202266e-02
-8.6674991640873121e-07
2.4143631049392461e-02
-5.5900307438588584e-08
-2.4143187778193340e-02
-8.6694041043800366e-07
2.4141433478727221e-02
-5.5981607454955400e-08
-2.4140990263162659e-02
-8.6674293662038430e-07
2.4139236290478028e-02
-5.5966913101091175e-08
-2.4138792707770338e-02
-8.6659063045844810e-07
2.4137038811315195e-02
