0.0000000000000000e+00
1.4878048780476240e-04
2.9753884326835718e-04
4.4634146341188368e-04
5.9512194463081410e-04
7.4388029351045589e-04
8.9261651663466814e-04
1.4914634143850540e-03
2.6569105684754960e-03
3.8223577109115742e-03
4.9878048653826295e-03
4.8390243773498952e-03
4.6902217503890830e-03
4.5413969779118978e-03
4.3926829151191820e-03
4.2439467331646871e-03
4.0951219395203055e-03
3.9463414517143169e-03
3.7975388249816824e-03
3.6487804761039153e-03
3.4999999883028000e-03
3.3512195004975730e-03
3.2024168737654459e-03
3.0536585248845502e-03
2.9048780436652906e-03
2.7560754235198500e-03
2.6072506578592820e-03
2.4585365736551641e-03
2.3098003702834839e-03
2.1610420411615665e-03
2.0122615797065198e-03
2.1609755969111445e-03
2.3096675015446353e-03
2.4585365736390246e-03
2.6073834870312443e-03
2.7560975492686617e-03
2.9048780370777845e-03
3.0536363925461009e-03
3.2024390126892950e-03
3.3512194939080975e-03
3.4999999883028399e-03
3.6487804761072208e-03
3.7975388315717737e-03
3.9463414517138225e-03
4.0951219329313166e-03
4.2438802818094640e-03
4.3926165049336186e-03
4.5414634029242581e-03
4.6902881488138275e-03
4.8390907491939238e-03
4.9878712106539418e-03
4.8390600930503062e-03
4.6902268274028472e-03
4.5414991186110950e-03
4.3927492865979603e-03
4.2439381430069440e-03
4.0951576551995616e-03
3.9463550284638341e-03
3.7975966795849815e-03
3.6488161983673608e-03
3.5000357039783421e-03
3.3512552161733124e-03
3.2024525894406189e-03
3.0536942405597592e-03
2.9049137593409628e-03
2.7561111391960604e-03
2.6072863735361880e-03
2.4585722893318810e-03
2.3098360859582188e-03
2.1610777568366372e-03
2.0122972953815241e-03
2.1610113125874546e-03
2.3097032172230319e-03
2.4585722893155750e-03
2.6074192027062070e-03
2.7561332649449076e-03
2.9049137527545209e-03
3.0536721082215080e-03
3.2024747283655960e-03
3.3512552095847350e-03
3.5000357039785311e-03
3.6488161917826662e-03
3.7975745472478063e-03
3.9463771673909510e-03
4.0951576486088284e-03
4.2439159974877877e-03
4.3926522206119917e-03
4.5414991186007751e-03
4.6903238644887008e-03
4.8391264648665056e-03
4.9879069263246700e-03
4.8390917887796521e-03
4.6902545019930431e-03
4.5415308143381908e-03
4.3927850046579144e-03
4.2439698387348179e-03
4.0951893509264745e-03
3.9463867241911407e-03
3.7976283753136187e-03
3.6488478940989617e-03
3.5000673997067017e-03
3.3512869119014252e-03
3.2024842851691507e-03
3.0537259362894602e-03
2.9049454550713785e-03
2.7561428349282906e-03
2.6073180692703338e-03
2.4586039850611561e-03
2.3098677816838610e-03
2.1611094525567885e-03
2.0123289910977571e-03
2.1610430083156325e-03
2.3097349129635593e-03
2.4586039850449056e-03
2.6074508984242329e-03
2.7561649606754808e-03
2.9049454484826971e-03
3.0537038039497198e-03
3.2025064240948390e-03
3.3512869053149742e-03
3.5000673997072447e-03
3.6488478875126001e-03
3.7976062429762084e-03
3.9464088631189888e-03
4.0951893443367041e-03
4.2439476932160927e-03
4.3926839163397719e-03
4.5415308143299847e-03
4.6903555602178012e-03
4.8391581605971906e-03
4.9879386220557029e-03
4.8391199170217964e-03
4.6902790616849439e-03
4.5415589425781928e-03
4.3928167025085053e-03
4.2439979669766977e-03
4.0952174791699649e-03
3.9464148524359522e-03
3.7976565035580251e-03
3.6488760223412826e-03
3.5000955279504958e-03
3.3513150401462415e-03
3.2025124134133715e-03
3.0537540645336693e-03
2.9049735833150368e-03
2.7561709631704684e-03
2.6073461975130822e-03
2.4586321133037450e-03
2.3098959099275389e-03
2.1611375808018732e-03
2.0123571193429034e-03
2.1610711365588082e-03
2.3097630412040318e-03
2.4586321132865989e-03
2.6074790266686484e-03
2.7561930889172847e-03
2.9049735767251480e-03
3.0537319321926638e-03
3.2025345523372922e-03
3.3513150335565032e-03
3.5000955279501740e-03
3.6488760157553069e-03
3.7976343712183358e-03
3.9464369913617984e-03
4.0952174725786186e-03
4.2439758214566992e-03
4.3927120445799005e-03
4.5415589425727076e-03
4.6903836884625372e-03
4.8391862888425372e-03
4.9879667503039985e-03
4.8391448793190066e-03
4.6903008570896715e-03
4.5415839048739198e-03
4.3928448326373036e-03
4.2440229292734655e-03
4.0952424414664491e-03
3.9464398147306939e-03
3.7976814658539433e-03
3.6489009846381788e-03
3.5001204902471352e-03
3.3513400024426858e-03
3.2025373757102972e-03
3.0537790268311067e-03
2.9049985456122756e-03
2.7561959254680849e-03
2.6073711598084545e-03
2.4586570756004321e-03
2.3099208722245149e-03
2.1611625430989854e-03
2.0123820816404982e-03
2.1610960988554186e-03
2.3097880035008031e-03
2.4586570755845043e-03
2.6075039889655797e-03
2.7562180512147403e-03
2.9049985390231141e-03
3.0537568944903662e-03
3.2025595146353654e-03
3.3513399958543938e-03
3.5001204902468993e-03
