0.0000000000000000e+00
1.8896495439037158e-17
1.9954388624402298e-17
-5.7054111312168646e-17
3.2428606925387594e-16
5.5458848218390746e-16
-2.2407829211225635e-17
2.3736329566104983e-16
3.0157506129691964e-16
-3.5421130367200631e-16
-3.6148105550085900e-17
6.6040468691640944e-17
-5.6972571514860618e-16
-2.9101251506744343e-16
-5.0073617487373002e-16
-2.1247262982056345e-17
-6.7197380913817610e-18
-7.1221426181658072e-16
-8.7684666777500337e-16
5.9546428452087545e-18
-1.5925696634764910e-16
-2.7352945569883938e-16
7.2282035527066509e-18
-5.2048732117433669e-16
-9.4136383495581657e-16
-1.6723140177654898e-15
-1.8438536471049896e-15
-5.0145858862161646e-16
1.0583201400160219e-15
2.1621637062113753e-15
3.4240330121342403e-15
-8.9304441567494752e-18
-3.2574612712665131e-15
-1.6980478102711694e-16
2.4927626021328513e-15
-1.2300414443485612e-16
2.5321580408532886e-16
1.7453438308257982e-16
-2.8093370341496765e-16
-6.0393085042049933e-16
2.5925940830392007e-16
-1.3143304540205910e-16
5.2421141475545336e-17
-3.4513546510639742e-16
-1.0195713900366852e-16
-3.0422903698491874e-16
-5.5796152112835501e-16
-1.1285590584388873e-17
3.2817703082043495e-17
5.6793369487775266e-16
1.1198975372016975e-15
-5.1010476740338858e-16
-1.8629955582290918e-15
-7.7727545238573718e-17
2.1449966952464371e-15
2.3284251341410588e-16
3.7184724626438315e-17
3.0289383835049227e-16
-1.3490564088670880e-16
-2.1195178305606009e-16
7.0984771464219272e-18
6.0449811175727043e-17
-3.4828355639320336e-16
-3.3032138878139080e-16
2.0920060552617690e-16
-1.0025567224792220e-16
4.8590641614773493e-16
4.7246460076304519e-17
-3.8086391739332818e-16
-1.0838057891493239e-15
-1.4549344867611485e-15
-3.6156106882472239e-16
1.3712888050478628e-15
-2.1126210976680263e-16
-2.2092568086113848e-15
-3.4218591321801611e-16
4.1559633010657036e-17
9.0946521349436590e-18
-1.8066378000807746e-16
-3.6595442842467791e-16
1.7637447737954331e-16
2.6079307254489740e-17
5.3152039680219043e-18
4.8929268178873354e-16
1.0366715018994657e-15
2.1160337308296000e-15
2.4657803051175667e-15
5.4889896667814900e-17
-2.4163673529716997e-15
-4.5582791877384460e-15
-7.1715075916903562e-15
-1.0221916981851888e-15
4.7059831701820409e-15
-7.8169248549180166e-16
-5.9509923066226353e-15
-1.1876829536663877e-15
-9.8949266902083818e-16
-6.0173414298438373e-16
-1.0027399414579110e-15
-7.4737504202292476e-16
-1.0700183318099805e-15
-8.1028706810981693e-16
-1.2137177073578174e-15
-8.2310798029485466e-16
9.9868879037048316e-17
1.5084299295701020e-16
6.9737748180489399e-16
-8.4769652298108592e-16
-2.1233974221321966e-15
-4.1253069581682679e-15
-5.6512126839265631e-15
-8.9522668733854912e-16
4.0687067078524252e-15
-4.9674840680212851e-16
-4.9631165896587071e-15
-3.2938204469938189e-16
-9.2797289965255868e-16
-8.8622525048858038e-16
-4.3179237704334270e-16
-4.6160718206923672e-16
-7.1821611522382831e-16
-5.1593346221852896e-16
-9.6631905353013210e-16
-8.4716293826611174e-16
-6.9933915799800946e-16
-4.8614788000255256e-16
-6.4114638621172224e-16
-3.9029901490138512e-16
-6.5654988864667787e-16
-6.5209289328246214e-16
-8.3640962774376737e-16
3.5319586966804221e-16
1.7727936911064657e-15
4.6329950578378552e-16
-9.1154321376227687e-16
2.0243025334641065e-16
6.7349026487334501e-16
1.0113715094631553e-15
4.8234972540363783e-16
1.3652054998134320e-17
4.6188047079063361e-16
5.8751153615638309e-17
1.9816634420499233e-16
4.4388885307344834e-16
3.0151831072688851e-16
6.4845965870350380e-16
1.4137028155295209e-15
1.7553057172063078e-16
3.3297336257779594e-16
-4.1283595572365209e-16
-4.2463795373756736e-16
1.3489008806095090e-16
1.5200663227911093e-15
3.0580377746284408e-16
-4.9591821117030464e-16
6.5896581202485498e-16
1.0269694728784796e-15
1.1130360061602830e-15
5.9146591732869863e-16
-8.8772875380919963e-17
3.6046791868394981e-16
1.0999427253199864e-15
2.2721050032223637e-16
3.2022925730156043e-16
5.0157447775350384e-17
-7.9028080806337478e-17
-5.8351176686927530e-16
3.1350327243209122e-16
1.4591998195467998e-15
2.1862922851990464e-15
3.0567992931661528e-15
3.9479165561307479e-16
-1.4946348810031166e-15
8.2999122536738562e-16
2.7399273157597792e-15
3.2745420339231963e-16
5.7616485484143984e-16
4.5835088130704044e-16
2.1384497995350866e-16
-3.2137312827876651e-16
1.0700623733449902e-15
3.1813805454503456e-16
-8.0053250777929429e-16
1.6463458621184944e-16
1.4811947331807890e-15
2.3229622378456337e-15
3.0857106370429668e-15
6.0359343226972350e-16
-2.0544923973012922e-15
-5.3126009879411332e-15
-7.8385909535695223e-15
5.5763612643913407e-16
8.9715658368320268e-15
5.7787850122386810e-16
-7.6398204797812996e-15
8.8807988699185283e-16
8.1917245365806103e-16
6.2080159851657473e-16
8.8427148580295765e-16
5.8910521534474454e-16
2.7664763481332262e-16
