0.0000000000000000e+00
2.8751880339869091e-17
-2.9581487946096619e-16
-5.0092410259589899e-17
-2.0202633256663614e-16
-3.2429468565283844e-16
-7.4739019033750375e-16
5.5262957005199426e-16
4.3410513991569345e-16
-2.0915099703369438e-16
-1.5190380818738731e-17
-3.2745747395434580e-16
-3.9159826737968344e-16
-7.6852060985914859e-16
-5.7720214552712691e-16
-4.9291890050914250e-16
-3.5924693731571685e-16
-6.2708677975485377e-16
-1.2219224861988494e-15
-7.3781637742572193e-16
-2.7683480900144811e-16
-6.7630554703634183e-16
-4.6708015599717823e-16
-6.7211484498565901e-16
-1.0494007780879125e-15
-1.8893688359562757e-15
-2.1636184541339460e-15
-1.3993232650566744e-15
-3.1093326531287837e-16
2.6478249236162727e-16
1.3628463408384916e-15
-3.6111109725713257e-16
-2.8195812116887790e-15
-9.9477934168093862e-16
9.8084219741588137e-16
-7.9750394278050249e-16
-8.4815323271465763e-16
-4.2033633311673748e-16
-9.2473075707697531e-16
-1.6626601215628560e-15
-1.0815678219409841e-15
-1.0365266621526067e-15
-1.4932163890495436e-15
-1.5578271886998192e-15
-1.2926710250720155e-15
-1.6082313641062891e-15
-1.6871323198112290e-15
-1.1477568572867079e-15
-3.1487656897674025e-16
5.2856138759997264e-16
1.4481034428844460e-15
-1.4407665746903208e-15
-4.3111019756114830e-15
-1.5719456734862089e-15
1.8429233945035089e-15
-1.2803102710876820e-15
-8.4647374319712264e-16
-9.9719011358734050e-17
-8.2989843569681742e-16
-1.6486752674341728e-15
-8.4535173794797774e-16
-1.1684403478331179e-15
-1.3305763446414070e-15
-1.6731201392981781e-15
-1.3618242185515361e-15
-1.4623478823472627e-15
-2.1848558580557617e-15
-1.2919429527550122e-15
-1.7826375417206918e-16
1.1882893072409725e-15
2.4998822121997693e-15
-7.7257364949006412e-16
-3.6851641595827487e-15
-1.5143452561217712e-15
1.3282625474403865e-15
-7.9925302108923416e-16
-4.1000685959781791e-16
-6.9577050415946197e-16
-6.5986580154438492e-16
-8.1850606691381637e-16
-3.4836912253992148e-16
-6.5882169924493647e-16
-1.0069632932351822e-15
-5.3032726678764093e-16
-7.6981245172112827e-16
-4.9531235982676094e-16
2.1596774845226309e-16
-7.8667922932517193e-16
-1.9243088833187707e-15
-2.5811079138191583e-15
-3.4611737634014522e-15
-1.4420459616893178e-15
4.1477677878148412e-16
-1.5364560782649099e-15
-3.0001109826069699e-15
-1.8815377782821100e-15
-1.9434444620193272e-15
-1.8949180689714946e-15
-1.9826790947492896e-15
-2.2946045512020030e-15
-1.2553844160943890e-15
-1.9338002947511348e-15
-2.3358977327355266e-15
-1.9455810385278646e-15
-1.3160160391877671e-15
-7.0455676046897066e-16
1.3023611377259907e-17
-1.5286040285752865e-15
-3.1610232040716086e-15
-4.5054171814718427e-15
-5.5029537980076459e-15
-2.2598225593862663e-15
1.9951656263831730e-15
-1.5517388527669226e-15
-4.7238619738111186e-15
-1.7781009509788672e-15
-1.9605498925076558e-15
-2.0032858542130483e-15
-1.8911848047239330e-15
-1.8314417335436166e-15
-1.9612909531351638e-15
-1.5561508939072637e-15
-1.5720952886006449e-15
-1.5043755912297612e-15
-1.6553197396929886e-15
-1.6893331139475825e-15
-2.2514848585304373e-15
-1.5676867106271815e-15
-1.2247546597911954e-15
-2.3689438448891190e-16
6.8563873925010277e-16
-2.0950409611637683e-15
-4.1703149439674249e-15
-1.2794990724672080e-15
2.2639686588116771e-15
-1.5242150427678659e-15
-1.3188284886211708e-15
-1.6440913095041351e-15
-1.6030679132671613e-15
-1.0970178468739791e-15
-1.2961805831805221e-15
-1.2263418791294510e-15
-1.1059811963645888e-15
-7.2770178622644870e-16
-1.0515798117303181e-15
-1.1000244366696861e-15
-1.0147822059555171e-15
-1.0908842842700350e-15
-3.2346929287035160e-16
3.4942872079338993e-16
8.9904947523861818e-16
-1.3400258107233391e-15
-2.9557245099061660e-15
-1.3188280837249514e-15
4.2985807501318487e-16
-1.1792958220166052e-15
-7.7791356138381300e-16
-9.0045003834820480e-16
-1.3967219587669960e-15
-2.2228510451929388e-15
-1.5305405568610328e-15
-1.2097440548392275e-15
-8.1158827869072130e-16
-1.7707992196355126e-15
-2.6017288219844900e-15
-2.9080862604771127e-15
-3.7581718423500014e-15
-1.6379046279854362e-15
6.4455788740862807e-16
2.9881443157726266e-15
4.9442257845720385e-15
-3.3024144286580639e-16
-5.4508384879720598e-15
-6.0611521825504515e-16
4.2276661178484649e-15
-8.4162209788429322e-17
-3.4389129127524357e-16
-1.1839364021823647e-15
-5.8201324927225567e-16
-4.5412992561663646e-16
-1.5201324337248281e-16
-7.8649365611032290e-17
-2.5547590502259570e-16
-3.5746428257545436e-16
-8.9658310727538754e-16
-7.4783319588961825e-16
-1.4602822217938546e-15
-7.8587004708028377e-16
-2.0921790364984776e-16
-9.2923266594454579e-19
9.0314748808270093e-16
-5.8295342477798941e-16
-2.2320854351242373e-15
-1.0652253341155495e-15
5.8338519115168612e-16
-7.3936610262311686e-16
-1.1554537835363572e-16
7.1430964883711029e-16
-4.5749142163502023e-16
-1.4426011077259049e-15
-5.9352393648167229e-16
