0.0000000000000000e+00
-4.4634146340809018e-05
-8.9270284978046373e-05
-1.3390243902182809e-04
-1.7853658518342965e-04
-2.2317272364102235e-04
-2.6781085457346641e-04
-5.3743902426936258e-04
-1.0904065037571082e-03
-1.6433739766353486e-03
-2.1963414563097201e-03
-2.1517073106011083e-03
-2.1070751570110196e-03
-2.0624449953595128e-03
-2.0178048721914872e-03
-1.9731667416757240e-03
-1.9285365795143573e-03
-1.8839024331730497e-03
-1.8392702789497564e-03
-1.7946341404907213e-03
-1.7499999941516598e-03
-1.7053658478093151e-03
-1.6607336935864463e-03
-1.6160975551248490e-03
-1.5714634089599589e-03
-1.5268312549123501e-03
-1.4822010928053613e-03
-1.4375609697526034e-03
-1.3929228393499036e-03
-1.3482867014219541e-03
-1.3036525557898744e-03
-1.3482926764747864e-03
-1.3929347899892183e-03
-1.4375609697414309e-03
-1.4821891410782026e-03
-1.5268292624372119e-03
-1.5714634087806807e-03
-1.6160995474195682e-03
-1.6607317014655379e-03
-1.7053658476291417e-03
-1.7499999941497373e-03
-1.7946341404910082e-03
-1.8392702791281284e-03
-1.8839024331720887e-03
-1.9285365793335826e-03
-1.9731727177916695e-03
-2.0178108487237021e-03
-2.0624390185313953e-03
-2.1070691801021685e-03
-2.1517013336121238e-03
-2.1963354792416076e-03
-2.1517251684470533e-03
-2.1071168476443367e-03
-2.0624568763643303e-03
-2.0177988995079281e-03
-1.9731885836914110e-03
-1.9285544373504196e-03
-1.8839222831271870e-03
-1.8392861446678798e-03
-1.7946519985044629e-03
-1.7500178519875809e-03
-1.7053837056458061e-03
-1.6607515514227538e-03
-1.6161154129616237e-03
-1.5714812667956695e-03
-1.5268491127483123e-03
-1.4822189506411439e-03
-1.4375788275876214e-03
-1.3929406971858540e-03
-1.3483045592575626e-03
-1.3036704136251715e-03
-1.3483105343104187e-03
-1.3929526478256571e-03
-1.4375788275764684e-03
-1.4822069989127954e-03
-1.5268471202730381e-03
-1.5714812666166133e-03
-1.6161174052560497e-03
-1.6607495593013331e-03
-1.7053837054644794e-03
-1.7500178519861110e-03
-1.7946519983277134e-03
-1.8392881369650390e-03
-1.8839202910079292e-03
-1.9285544371693576e-03
-1.9731905756270695e-03
-2.0178287065582864e-03
-2.0624568763679507e-03
-2.1070870379393696e-03
-2.1517191914520021e-03
-2.1963533370820115e-03
-2.1517410163102808e-03
-2.1071306857103596e-03
-2.0624727242279980e-03
-2.0178167569893917e-03
-1.9732044315552413e-03
-1.9285702852140422e-03
-1.8839381309908333e-03
-1.8393019925319486e-03
-1.7946678463690419e-03
-1.7500336998516114e-03
-1.7053995535093115e-03
-1.6607673992856649e-03
-1.6161312608241720e-03
-1.5714971146583618e-03
-1.5268649606110774e-03
-1.4822347985042989e-03
-1.4375946754510201e-03
-1.3929565450499753e-03
-1.3483204071223953e-03
-1.3036862614916045e-03
-1.3483263821745797e-03
-1.3929684956874903e-03
-1.4375946754405504e-03
-1.4822228467778571e-03
-1.5268629681363419e-03
-1.5714971144808589e-03
-1.6161332531210723e-03
-1.6607654071648726e-03
-1.7053995533270342e-03
-1.7500336998495934e-03
-1.7946678461906989e-03
-1.8393039848281089e-03
-1.8839361388722606e-03
-1.9285702850351642e-03
-1.9732064234933297e-03
-2.0178445544255515e-03
-2.0624727242318213e-03
-2.1071028858003151e-03
-2.1517350393093831e-03
-2.1963691849371573e-03
-2.1517550804301296e-03
-2.1071429662525933e-03
-2.0624867883462226e-03
-2.0178326045250721e-03
-1.9732184956742101e-03
-1.9285843493334377e-03
-1.8839521951111457e-03
-1.8393160566511804e-03
-1.7946819104882506e-03
-1.7500477639708818e-03
-1.7054136176295818e-03
-1.6607814634063088e-03
-1.6161453249449076e-03
-1.5715111787795158e-03
-1.5268790247319418e-03
-1.4822488626247306e-03
-1.4376087395727528e-03
-1.3929706091711795e-03
-1.3483344712444429e-03
-1.3037003256129800e-03
-1.3483404462950603e-03
-1.3929825598063799e-03
-1.4376087395616445e-03
-1.4822369109015131e-03
-1.5268770322572145e-03
-1.5715111786013792e-03
-1.6161473172403274e-03
-1.6607794712848332e-03
-1.7054136174476759e-03
-1.7500477639698880e-03
-1.7946819103111969e-03
-1.8393180489494356e-03
-1.8839502029921031e-03
-1.9285843491531104e-03
-1.9732204876103786e-03
-2.0178586185404766e-03
-2.0624867883516397e-03
-2.1071169499246546e-03
-2.1517491034389758e-03
-2.1963832490695056e-03
-2.1517675615785122e-03
-2.1071538645577323e-03
-2.0624992694943623e-03
-2.0178466683746571e-03
-1.9732309768233816e-03
-1.9285968304830262e-03
-1.8839646762602064e-03
-1.8393285378005661e-03
-1.7946943916378982e-03
-1.7500602451194442e-03
-1.7054260987776518e-03
-1.6607939445543673e-03
-1.6161578060931042e-03
-1.5715236599273979e-03
-1.5268915058795440e-03
-1.4822613437725730e-03
-1.4376212207196017e-03
-1.3929830903189498e-03
-1.3483469523915786e-03
-1.3037128067603238e-03
-1.3483529274430223e-03
-1.3929950409550841e-03
-1.4376212207090134e-03
-1.4822493920485507e-03
-1.5268895134054176e-03
-1.5715236597484354e-03
-1.6161597983885324e-03
-1.6607919524339963e-03
-1.7054260985978234e-03
-1.7500602451187477e-03
