0.0000000000000000e+00
-2.5345242559325526e-16
-3.7947814797212659e-16
2.0722486830546448e-16
3.2299339638981152e-16
2.3711294524600798e-16
3.4917770346617544e-16
-4.4735187209656442e-16
7.1409091173013927e-16
1.2792698177453254e-16
2.9812812852268851e-16
3.2441236964141331e-16
5.4019318813383063e-16
7.9277283213519970e-16
-3.7904588572818135e-16
-1.1264298455152193e-15
-1.2299662024078191e-17
-5.3287783362201751e-17
-8.0509640172169343e-16
-7.9394338681761931e-17
-5.2105914342930180e-16
-6.4926022681383723e-16
-3.0536755051848126e-16
-2.0987172649558212e-16
8.2247552237272910e-17
-3.0891840990012936e-16
-1.3591580961377048e-16
-6.8799836939122966e-16
-2.7767164640386597e-16
-9.2296563503989002e-16
-7.4728288800784554e-16
-3.3893458592902446e-16
8.6016884409644290e-16
-4.7745211452300215e-16
-1.1691082249867916e-15
-3.7010399025016255e-16
-7.0559807831683137e-16
-1.8664718433159288e-16
-3.4195106866646453e-16
-6.8239921992273299e-16
-5.8573395731017456e-16
-1.0071132443534107e-15
-4.0672541343281406e-16
-2.7640542370425028e-16
-2.9527305978593249e-16
-1.3208874599613070e-16
-3.7185752056224203e-17
-3.2114340210602458e-16
-9.9546635132220054e-16
-1.1834930993081758e-15
-1.1058235144117642e-15
-1.0825513997826026e-16
1.6358009089982269e-16
-2.6992578197814174e-16
-2.7232476594748839e-16
4.0478159802745631e-16
-1.9678976530385239e-16
-4.7684355211601084e-16
2.8812740233753388e-16
4.6847986063836951e-16
-3.8323147978352020e-16
-3.7905930394364885e-16
-5.3232610480517672e-16
-8.5830148641934319e-16
-9.5160090939809258e-16
-1.2398508981573490e-15
-1.2313872325685053e-15
-2.0142742398038776e-16
-1.9012382813610708e-16
5.9635032453545949e-16
1.2216498067302188e-15
-8.7691322502511269e-16
-3.0835995390357859e-15
-7.4694253577349715e-16
1.8937623335328455e-15
-9.7335842801015121e-16
-3.8196585315788138e-16
-1.0906421995268922e-15
-1.0388740119372169e-15
-8.4091898090638457e-16
-1.1242469535406134e-16
-2.6968569752170599e-16
-3.3573204253883120e-16
-9.1047733680762131e-17
-1.2266920807249211e-16
-1.2484963523982919e-16
-2.3501915633220816e-16
-2.4802005888631593e-16
-9.2879196967438158e-16
-1.8310554546648239e-15
-2.1338223331393816e-15
1.0593616007776942e-16
1.9740231476094536e-15
3.5724259057654766e-16
-1.3371554449834279e-15
4.8842465046563186e-16
4.5084929218718042e-17
8.5184349694271044e-17
-1.6632615060770088e-16
-5.0837031223256566e-16
-2.2787254208790777e-18
6.2092288676974082e-16
2.3474686813935928e-16
3.4024464437463498e-17
7.2606923245726624e-16
8.4336891217841043e-16
8.2797624545140404e-16
6.3110754265720781e-16
4.1962890372554391e-16
8.5923473509285321e-17
-2.7807354270906939e-16
-5.4148213286251801e-18
6.4877923633646784e-16
6.0673448345662981e-16
6.2836523977742404e-16
4.1104015587009010e-17
6.2954152280335317e-17
-8.0036334411140673e-17
-1.2618208327209601e-16
1.8547039864784770e-16
-9.6474841217535597e-17
7.8463563136289848e-16
2.9583638225869105e-16
-4.2788084513823879e-17
-8.4873469128410012e-16
-1.4420784886952555e-15
-2.1506514256307161e-15
-1.6321805769735949e-16
2.4139463900501270e-15
4.7425845797624067e-15
7.2897648814530024e-15
1.0573268567257097e-15
-4.5370957532758012e-15
1.7794632730421404e-15
8.2505522196480540e-15
1.6568264226305861e-15
1.8142203077728016e-15
1.4472661082803424e-15
1.5658133731685918e-15
1.0691351151142160e-15
1.7566629290140445e-15
1.4898709012112034e-15
1.3536726113149620e-15
1.4261654612881671e-15
1.6894997175531672e-15
1.7480405135886040e-15
2.0953801457045823e-15
1.6860459207715677e-15
9.7638784233626015e-16
8.9486662999693675e-16
8.4717043733551859e-16
1.7235005789784734e-15
2.7920976048140751e-15
1.4357958830919750e-15
6.5754010548773960e-16
1.6450772055998650e-15
1.5052047803936976e-15
1.1113831151558521e-15
1.4967014884898932e-15
1.0093598206511070e-15
1.6133951055696692e-15
1.2263900788704983e-15
1.7713371476263262e-15
1.6058352547202904e-15
1.9851685268802075e-15
1.9012247274099161e-15
2.1144620669766062e-15
1.3451641547688634e-15
6.8226007346107718e-16
-5.3893358671233235e-16
-8.0974452554674203e-16
7.7888658917370739e-16
2.5254865489756643e-15
5.3538494158811104e-16
-9.6962326482046824e-16
6.7485770025913904e-16
3.3636943270794436e-16
-1.2784759319239970e-16
2.7638517806865499e-16
4.2243057109173926e-16
9.1445116992442543e-16
4.9827302808736202e-16
8.8713005122176859e-17
-2.6560170925946985e-16
-1.6612905002050064e-16
-3.9344636920015926e-16
-2.0248917322154264e-16
7.4750340861390512e-16
9.6532776416240135e-16
1.5751568901199486e-15
2.1264047264077384e-15
-6.6809018241345273e-17
-1.8545784909580768e-15
2.1813034645147078e-16
2.5286366676959213e-15
5.0325643165047842e-16
2.6695077900105438e-16
2.4197506463362705e-16
3.6479671881962706e-16
6.5577408914523416e-16
6.8985403868018642e-16
