0.0000000000000000e+00
-4.4634146341425516e-05
-8.9270284978073533e-05
-1.3390243902229156e-04
-1.7853658518436483e-04
-2.2317272364285614e-04
-2.6781085457466055e-04
-5.3743902426826482e-04
-1.0904065037555834e-03
-1.6433739766335523e-03
-2.1963414563078180e-03
-2.1517073105986372e-03
-2.1070751570087007e-03
-2.0624449953577321e-03
-2.0178048721899875e-03
-1.9731667416741502e-03
-1.9285365795132842e-03
-1.8839024331717088e-03
-1.8392702789489007e-03
-1.7946341404890811e-03
-1.7499999941490499e-03
-1.7053658478080700e-03
-1.6607336935848833e-03
-1.6160975551228545e-03
-1.5714634089561820e-03
-1.5268312549091591e-03
-1.4822010928015879e-03
-1.4375609697502281e-03
-1.3929228393504789e-03
-1.3482867014248702e-03
-1.3036525557949079e-03
-1.3482926764719788e-03
-1.3929347899804445e-03
-1.4375609697388240e-03
-1.4821891410823028e-03
-1.5268292624354648e-03
-1.5714634087789002e-03
-1.6160995474178389e-03
-1.6607317014631629e-03
-1.7053658476269798e-03
-1.7499999941483183e-03
-1.7946341404894114e-03
-1.8392702791271579e-03
-1.8839024331714976e-03
-1.9285365793328614e-03
-1.9731727177911161e-03
-2.0178108487220780e-03
-2.0624390185309412e-03
-2.1070691801026516e-03
-2.1517013336130610e-03
-2.1963354792427173e-03
-2.1517251684470139e-03
-2.1071168476428414e-03
-2.0624568763630024e-03
-2.0177988995093762e-03
-1.9731885836913937e-03
-1.9285544373513308e-03
-1.8839222831276712e-03
-1.8392861446676681e-03
-1.7946519985037467e-03
-1.7500178519869280e-03
-1.7053837056458512e-03
-1.6607515514233649e-03
-1.6161154129606214e-03
-1.5714812667950539e-03
-1.5268491127471535e-03
-1.4822189506387084e-03
-1.4375788275872133e-03
-1.3929406971880003e-03
-1.3483045592622611e-03
-1.3036704136324959e-03
-1.3483105343103565e-03
-1.3929526478171526e-03
-1.4375788275774698e-03
-1.4822069989210152e-03
-1.5268471202736517e-03
-1.5714812666167374e-03
-1.6161174052556977e-03
-1.6607495593009864e-03
-1.7053837054634713e-03
-1.7500178519853234e-03
-1.7946519983265291e-03
-1.8392881369643376e-03
-1.8839202910076107e-03
-1.9285544371695149e-03
-1.9731905756274594e-03
-2.0178287065595367e-03
-2.0624568763673691e-03
-2.1070870379375473e-03
-2.1517191914472273e-03
-2.1963533370749182e-03
-2.1517410163084979e-03
-2.1071306857128273e-03
-2.0624727242259159e-03
-2.0178167569824728e-03
-1.9732044315525646e-03
-1.9285702852118881e-03
-1.8839381309894473e-03
-1.8393019925299725e-03
-1.7946678463677188e-03
-1.7500336998489115e-03
-1.7053995535074558e-03
-1.6607673992839564e-03
-1.6161312608223325e-03
-1.5714971146548969e-03
-1.5268649606071259e-03
-1.4822347984989443e-03
-1.4375946754487893e-03
-1.3929565450499840e-03
-1.3483204071253895e-03
-1.3036862614960890e-03
-1.3483263821733079e-03
-1.3929684956789496e-03
-1.4375946754395196e-03
-1.4822228467848044e-03
-1.5268629681365030e-03
-1.5714971144795847e-03
-1.6161332531199855e-03
-1.6607654071658256e-03
-1.7053995533286848e-03
-1.7500336998505224e-03
-1.7946678461916356e-03
-1.8393039848280538e-03
-1.8839361388732438e-03
-1.9285702850360530e-03
-1.9732064234945948e-03
-2.0178445544269882e-03
-2.0624727242328591e-03
-2.1071028858005926e-03
-2.1517350393086970e-03
-2.1963691849355535e-03
-2.1517550804324020e-03
-2.1071429662582854e-03
-2.0624867883476581e-03
-2.0178326045216417e-03
-1.9732184956760702e-03
-1.9285843493353485e-03
-1.8839521951125235e-03
-1.8393160566533015e-03
-1.7946819104897090e-03
-1.7500477639714788e-03
-1.7054136176298720e-03
-1.6607814634063871e-03
-1.6161453249449328e-03
-1.5715111787805692e-03
-1.5268790247335040e-03
-1.4822488626268723e-03
-1.4376087395730924e-03
-1.3929706091699225e-03
-1.3483344712409819e-03
-1.3037003256080233e-03
-1.3483404462956135e-03
-1.3929825598121570e-03
-1.4376087395623479e-03
-1.4822369108954401e-03
-1.5268770322588142e-03
-1.5715111786019998e-03
-1.6161473172409554e-03
-1.6607794712867826e-03
-1.7054136174506063e-03
-1.7500477639716672e-03
-1.7946819103126352e-03
-1.8393180489498701e-03
-1.8839502029942778e-03
-1.9285843491573403e-03
-1.9732204876161778e-03
-2.0178586185481402e-03
-2.0624867883538046e-03
-2.1071169499225755e-03
-2.1517491034317984e-03
-2.1963832490584775e-03
-2.1517675615801935e-03
-2.1071538645724688e-03
-2.0624992694965442e-03
-2.0178466683628609e-03
-1.9732309768251905e-03
-1.9285968304844413e-03
-1.8839646762619728e-03
-1.8393285378022854e-03
-1.7946943916396303e-03
-1.7500602451216176e-03
-1.7054260987794320e-03
-1.6607939445558895e-03
-1.6161578060957631e-03
-1.5715236599314676e-03
-1.5268915058851561e-03
-1.4822613437783208e-03
-1.4376212207232355e-03
-1.3929830903213422e-03
-1.3483469523921025e-03
-1.3037128067586467e-03
-1.3483529274467610e-03
-1.3929950409648712e-03
-1.4376212207127298e-03
-1.4822493920457537e-03
-1.5268895134091280e-03
-1.5715236597524951e-03
-1.6161597983923007e-03
-1.6607919524376051e-03
-1.7054260986009511e-03
-1.7500602451222004e-03
