0.0000000000000000e+00
0.0000000000000000e+00
0.0000000000000000e+00
0.0000000000000000e+00
0.0000000000000000e+00
0.0000000000000000e+00
0.0000000000000000e+00
4.4999999978086777e-04
1.4666666661113286e-03
2.4833333216363312e-03
3.4999999883023442e-03
3.4999999883023442e-03
3.4999999883023442e-03
3.4999999883023442e-03
3.4999999883023442e-03
3.4999999883023442e-03
3.4999999883023442e-03
3.4999999883023442e-03
3.4999999883023442e-03
3.4999999883023442e-03
3.4999999883023442e-03
3.4999999883023442e-03
3.4999999883023442e-03
3.4999999883023442e-03
3.4999999883023442e-03
3.4999999883023442e-03
3.4999999883023442e-03
3.4999999883023442e-03
3.4999999883023442e-03
3.4999999883023442e-03
3.4999999883023442e-03
3.4999999883023442e-03
3.4999999883023442e-03
3.4999999883023442e-03
3.4999999883023442e-03
3.4999999883023442e-03
3.4999999883023442e-03
3.4999999883023442e-03
3.4999999883023442e-03
3.4999999883023442e-03
3.4999999883023442e-03
3.4999999883023442e-03
3.4999999883023442e-03
3.4999999883023442e-03
3.4999999883023442e-03
3.4999999883023442e-03
3.4999999883023442e-03
3.4999999883023442e-03
3.4999999883023442e-03
3.4999999883023442e-03
3.5000357039798114e-03
3.5000357039798114e-03
3.5000357039798114e-03
3.5000357039798114e-03
3.5000357039798114e-03
3.5000357039798114e-03
3.5000357039798114e-03
3.5000357039798114e-03
3.5000357039798114e-03
3.5000357039798114e-03
3.5000357039798114e-03
3.5000357039798114e-03
3.5000357039798114e-03
3.5000357039798114e-03
3.5000357039798114e-03
3.5000357039798114e-03
3.5000357039798114e-03
3.5000357039798114e-03
3.5000357039798114e-03
3.5000357039798114e-03
3.5000357039798114e-03
3.5000357039798114e-03
3.5000357039798114e-03
3.5000357039798114e-03
3.5000357039798114e-03
3.5000357039798114e-03
3.5000357039798114e-03
3.5000357039798114e-03
3.5000357039798114e-03
3.5000357039798114e-03
3.5000357039798114e-03
3.5000357039798114e-03
3.5000357039798114e-03
3.5000357039798114e-03
3.5000357039798114e-03
3.5000357039798114e-03
3.5000357039798114e-03
3.5000357039798114e-03
3.5000357039798114e-03
3.5000357039798114e-03
3.5000673997062906e-03
3.5000673997062906e-03
3.5000673997062906e-03
3.5000673997062906e-03
3.5000673997062906e-03
3.5000673997062906e-03
3.5000673997062906e-03
3.5000673997062906e-03
3.5000673997062906e-03
3.5000673997062906e-03
3.5000673997062906e-03
3.5000673997062906e-03
3.5000673997062906e-03
3.5000673997062906e-03
3.5000673997062906e-03
3.5000673997062906e-03
3.5000673997062906e-03
3.5000673997062906e-03
3.5000673997062906e-03
3.5000673997062906e-03
3.5000673997062906e-03
3.5000673997062906e-03
3.5000673997062906e-03
3.5000673997062906e-03
3.5000673997062906e-03
3.5000673997062906e-03
3.5000673997062906e-03
3.5000673997062906e-03
3.5000673997062906e-03
3.5000673997062906e-03
3.5000673997062906e-03
3.5000673997062906e-03
3.5000673997062906e-03
3.5000673997062906e-03
3.5000673997062906e-03
3.5000673997062906e-03
3.5000673997062906e-03
3.5000673997062906e-03
3.5000673997062906e-03
3.5000673997062906e-03
3.5000955279485104e-03
3.5000955279485104e-03
3.5000955279485104e-03
3.5000955279485104e-03
3.5000955279485104e-03
3.5000955279485104e-03
3.5000955279485104e-03
3.5000955279485104e-03
3.5000955279485104e-03
3.5000955279485104e-03
3.5000955279485104e-03
3.5000955279485104e-03
3.5000955279485104e-03
3.5000955279485104e-03
3.5000955279485104e-03
3.5000955279485104e-03
3.5000955279485104e-03
3.5000955279485104e-03
3.5000955279485104e-03
3.5000955279485104e-03
3.5000955279485104e-03
3.5000955279485104e-03
3.5000955279485104e-03
3.5000955279485104e-03
3.5000955279485104e-03
3.5000955279485104e-03
3.5000955279485104e-03
3.5000955279485104e-03
3.5000955279485104e-03
3.5000955279485104e-03
3.5000955279485104e-03
3.5000955279485104e-03
3.5000955279485104e-03
3.5000955279485104e-03
3.5000955279485104e-03
3.5000955279485104e-03
3.5000955279485104e-03
3.5000955279485104e-03
3.5000955279485104e-03
3.5000955279485104e-03
3.5001204902494086e-03
3.5001204902494086e-03
3.5001204902494086e-03
3.5001204902494086e-03
3.5001204902494086e-03
3.5001204902494086e-03
3.5001204902494086e-03
3.5001204902494086e-03
3.5001204902494086e-03
3.5001204902494086e-03
3.5001204902494086e-03
3.5001204902494086e-03
3.5001204902494086e-03
3.5001204902494086e-03
3.5001204902494086e-03
3.5001204902494086e-03
3.5001204902494086e-03
3.5001204902494086e-03
3.5001204902494086e-03
3.5001204902494086e-03
3.5001204902494086e-03
3.5001204902494086e-03
3.5001204902494086e-03
3.5001204902494086e-03
3.5001204902494086e-03
3.5001204902494086e-03
3.5001204902494086e-03
3.5001204902494086e-03
3.5001204902494086e-03
3.5001204902494086e-03
3.5001204902494086e-03
