0.0000000000000000e+00
1.0166666666765192e+01
2.0328871690829189e+01
3.0500000000288864e+01
4.0666665603262906e+01
5.0828869563667453e+01
6.0986612945584021e+01
7.1166666665585055e+01
8.1333333331113494e+01
9.1500000263947982e+01
1.0166666693065604e+02
9.1500000008951901e+01
8.1328870379759138e+01
7.1153276979066391e+01
6.1000000000979199e+01
5.0842263509992542e+01
4.0666666667463467e+01
3.0500000000612712e+01
2.0328870626660194e+01
1.0166666666972658e+01
2.5361452301645425e-10
-1.0166666666391022e+01
-2.0337796040272046e+01
-3.0499999999658364e+01
-4.0666665601337911e+01
-5.0837793910017822e+01
-6.1013385990384528e+01
-7.1166666665805735e+01
-8.1324406854719001e+01
-9.1486607621372954e+01
-1.0165327002931517e+02
-9.1499999989565595e+01
-8.1351188397748970e+01
-7.1166666664691803e+01
-6.0986610834698837e+01
-5.0833333332438059e+01
-4.0666666665725685e+01
-3.0504461641520393e+01
-2.0333333332644578e+01
-1.0166667730333511e+01
7.7096605125654862e-10
1.0166666667442019e+01
2.0328871691496222e+01
3.0500000000682977e+01
4.0666665603530816e+01
5.0828869563694397e+01
6.0986612945785360e+01
7.1166666668080481e+01
8.1342255554003870e+01
9.1513380669589594e+01
1.0168004307886170e+02
9.1500000009989535e+01
8.1315493403065176e+01
7.1166666671782821e+01
6.1013379128342905e+01
5.0833333335751306e+01
4.0666666668334038e+01
3.0495537294002023e+01
2.0333333334178253e+01
1.0166667732092989e+01
5.7242243850767135e-10
-1.0166666666105051e+01
-2.0337796040135530e+01
-3.0499999999469548e+01
-4.0666665601016270e+01
-5.0837793909521906e+01
-6.1013385989549917e+01
-7.1166666664797049e+01
-8.1324406854325275e+01
-9.1486607620899505e+01
-1.0165327002888247e+02
-9.1499999989069508e+01
-8.1351188396769771e+01
-7.1166666664145609e+01
-6.0986610834378581e+01
-5.0833333332014746e+01
-4.0666666665195002e+01
-3.0504461641335038e+01
-2.0333333332181422e+01
-1.0166667729530996e+01
1.1041698491487276e-09
1.0166666667646853e+01
2.0328871691782449e+01
3.0500000001517694e+01
4.0666665604328074e+01
5.0828869564713024e+01
6.0986612946796612e+01
7.1166666668531036e+01
8.1342255554337370e+01
9.1513380669233044e+01
1.0168004307848300e+02
9.1500000010611529e+01
8.1315493138798587e+01
7.1166666671720222e+01
6.1013379658694610e+01
5.0833333336058409e+01
4.0666666668673955e+01
3.0495537294162972e+01
2.0333333334499358e+01
1.0166667732549094e+01
8.8379206050263008e-10
-1.0166666665692597e+01
-2.0337796039441780e+01
-3.0499999998667928e+01
-4.0666665599817016e+01
-5.0837793908034172e+01
-6.1013385987888846e+01
-7.1166666664300976e+01
-8.1324406854652324e+01
-9.1486607622410048e+01
-1.0165327003137227e+02
-9.1499999989047836e+01
-8.1351188394013462e+01
-7.1166666663698635e+01
-6.0986610836352014e+01
-5.0833333331411424e+01
-4.0666666665143111e+01
-3.0504461641601235e+01
-2.0333333332128973e+01
-1.0166667729208163e+01
1.0680840597203199e-09
1.0166666667938051e+01
2.0328871692039993e+01
3.0500000001208932e+01
4.0666665603568688e+01
5.0828869563870512e+01
6.0986612945602538e+01
7.1166666668498479e+01
8.1342255555213143e+01
9.1513380671217803e+01
1.0168004308110133e+02
9.1500000010423008e+01
8.1315492900404777e+01
7.1166666671685874e+01
6.1013380132871269e+01
5.0833333335950158e+01
4.0666666668724304e+01
3.0495537294315568e+01
2.0333333334674109e+01
1.0166667732645299e+01
1.0815756472303414e-09
-1.0166666665473258e+01
-2.0337796039362647e+01
-3.0499999998661025e+01
-4.0666665600497105e+01
-5.0837793909037934e+01
-6.1013385988998010e+01
-7.1166666665037980e+01
-8.1324406854339898e+01
-9.1486607621250087e+01
-1.0165327002948770e+02
-9.1499999989098995e+01
-8.1351188396143257e+01
-7.1166666664198658e+01
-6.0986610834684313e+01
-5.0833333331738515e+01
-4.0666666665269375e+01
-3.0504461641231053e+01
-2.0333333331956979e+01
-1.0166667729489987e+01
1.2201361142523992e-09
1.0166666668039001e+01
2.0328871691783778e+01
3.0500000001385022e+01
4.0666665603911134e+01
5.0828869564092514e+01
6.0986612946184479e+01
7.1166666668734678e+01
8.1342255554859335e+01
9.1513380669880590e+01
1.0168004307980701e+02
9.1500000010425651e+01
8.1315492692747725e+01
7.1166666671364723e+01
6.1013380549213245e+01
5.0833333335628922e+01
4.0666666668260241e+01
3.0495537293603018e+01
2.0333333334257269e+01
1.0166667732105422e+01
6.6360415224962226e-10
-1.0166666665733938e+01
-2.0337796039579139e+01
-3.0499999999028002e+01
-4.0666665600855730e+01
-5.0837793909392119e+01
-6.1013385989739298e+01
-7.1166666665150643e+01
-8.1324406854793068e+01
-9.1486607621517607e+01
-1.0165327002960260e+02
-9.1499999989595949e+01
-8.1351188396982494e+01
-7.1166666664218937e+01
-6.0986610834857693e+01
-5.0833333331989763e+01
-4.0666666665327774e+01
-3.0504461641630179e+01
-2.0333333332360969e+01
-1.0166667729952032e+01
7.0126586903395283e-10
