0.0000000000000000e+00
1.7141462179681544e-10
-3.4029990317952152e-03
6.0743454303830646e-10
-7.0741999828854560e-07
-3.4044146901101554e-03
-1.0210412726578274e-02
1.0533132344729788e-09
3.2898775595036450e-09
3.8087984125893327e-07
3.8094030234213578e-07
1.0457589573891348e-07
-3.4038802784264362e-03
-1.0212281866605534e-02
2.0896202303831526e-09
6.8107050492417932e-03
1.0409825392458764e-09
9.0364939201579102e-10
-3.4037074014451655e-03
5.4859707717752737e-10
1.3095996646728495e-10
2.7889736402036011e-10
-3.4037080487380792e-03
5.6234923284238626e-10
7.1003131371373184e-07
-3.4022884910853350e-03
-1.0209704163839903e-02
1.9319007606904249e-09
6.8081269486661000e-03
1.0213961722501958e-02
1.0216798222319030e-02
1.0232063988633151e-07
-1.3617465235934056e-02
4.4186989880463763e-09
1.0211637486086006e-02
1.6430012112857931e-09
1.3585592226168598e-09
-3.4029980044682096e-03
8.8005464810936860e-10
-7.0791873197867871e-07
7.4914811694239081e-10
7.8276961925132942e-10
-3.4029984192684493e-03
1.0122807017276353e-09
-7.0709644606521433e-07
-3.4044145975401642e-03
-1.0210412435349236e-02
2.5774891093262944e-09
6.8052913032469707e-03
1.0206163975795556e-02
1.3019372614116259e-02
1.0408973546789271e-07
-1.6423112592815960e-02
6.0394589596256727e-09
1.3020364870659315e-02
2.6034078716632220e-09
2.0093332419751353e-09
-3.4037065706359220e-03
1.3415068258974693e-09
7.1027094548394185e-07
7.1710425215871563e-10
7.6142684661975916e-10
-3.4037076237432712e-03
9.1533267598612503e-10
7.1064494868164745e-07
-3.4022877879101051e-03
-1.0209703227730660e-02
3.1288735859019266e-09
6.8081275777319809e-03
1.0213962474033771e-02
1.0216798945379527e-02
1.0308554826778181e-07
-1.3617464275368547e-02
5.2930247214649302e-09
1.0211638248010123e-02
2.3089094946101601e-09
2.0819115847060889e-09
-3.4029976267377295e-03
1.5670624116815752e-09
-7.0692625259058091e-07
1.2374948457937693e-09
1.1380225290792781e-09
-3.4029980191585744e-03
1.9445293747274162e-09
-7.0619074319893341e-07
-3.4044134702707713e-03
-1.0210411198269856e-02
3.0945604000770244e-09
6.8052916062330202e-03
1.0206163399252828e-02
1.2702414268161205e-02
1.0434893340000132e-07
-1.6106366149492332e-02
5.7855476203515442e-09
1.2703830578026473e-02
2.5733516477912926e-09
2.0373928491416800e-09
-3.4037066668250945e-03
1.2899214792844334e-09
7.1024324504683590e-07
6.6495603157350002e-10
8.5485081436913231e-10
-3.4037072397414794e-03
1.4413762616399393e-09
7.1139691510679477e-07
-3.4022868251130608e-03
-1.0209702204277006e-02
3.2810833405235272e-09
6.8081270340845509e-03
1.0213960997957508e-02
1.0216796585669773e-02
1.0278360811882420e-07
-1.3617462313663439e-02
5.3167880085434167e-09
1.0211636428736796e-02
2.5420473972997933e-09
1.8038234191157361e-09
-3.4029982538480979e-03
1.3935866120680183e-09
-7.0675515037592920e-07
1.0221186314810370e-09
1.2202488176751275e-09
-3.4029979745256950e-03
1.4267977590757183e-09
-7.0725219578697567e-07
-3.4044146743188145e-03
-1.0210412800778624e-02
2.8250596078932106e-09
6.8052924445687361e-03
1.0206165549378409e-02
1.2421134814743849e-02
1.0430476300876827e-07
-1.5825274651815130e-02
6.0743074043605180e-09
1.2422927924864697e-02
2.6822500161430425e-09
2.1775287085720901e-09
-3.4037065989944316e-03
1.5514875678571813e-09
7.1045279918714283e-07
9.4603574915110410e-10
9.9486534820747094e-10
-3.4037072705461794e-03
1.3492554930017269e-09
7.1076531126935657e-07
-3.4022876584386169e-03
-1.0209703032715418e-02
2.5106990752835457e-09
6.8081270856986016e-03
1.0213961518153342e-02
1.0216797688134752e-02
1.0268652054800892e-07
-1.3617463588389087e-02
4.7911660533561618e-09
1.0211637026466130e-02
2.1873290376463717e-09
1.6434000202700710e-09
-3.4029978500681691e-03
1.5534411320041389e-09
-7.0704292531234640e-07
1.1045168851599435e-09
1.2324036049713380e-09
-3.4029983520752522e-03
1.5503372652023256e-09
-7.0669840930327347e-07
-3.4044140417526505e-03
-1.0210411610555718e-02
2.9946238962852123e-09
6.8052915057698051e-03
1.0206163087423246e-02
1.2171509645017868e-02
1.0439345614773208e-07
-1.5575816070722793e-02
6.0425617756750923e-09
1.2173636495673410e-02
2.4901405667232205e-09
1.8273439790183175e-09
-3.4037070530843630e-03
1.2713149119230305e-09
7.1003206031839558e-07
7.7838355140177888e-10
1.0275352558117665e-09
-3.4037072104863815e-03
1.2670108733286727e-09
7.1074931740092154e-07
-3.4022876563374440e-03
-1.0209703330366554e-02
2.7951304820219257e-09
6.8081269993462614e-03
1.0213961667180402e-02
1.0216797916650922e-02
1.0255750528592176e-07
-1.3617464063422454e-02
5.1251976803547547e-09
1.0211637273897742e-02
2.2180743898836201e-09
1.9632358180167550e-09
-3.4029979490450670e-03
1.3039925948743596e-09
-7.0744866044153001e-07
8.4006555725325201e-10
