0.0000000000000000e+00
3.0500000000049983e+01
6.0993421070579373e+01
9.1499999999747089e+01
1.2199999822480730e+02
1.5249341752071348e+02
1.8298025966240144e+02
2.1349999999453598e+02
2.4399999998667374e+02
2.7450000003000821e+02
3.0500000003003635e+02
2.7449999981756656e+02
2.4399341889971745e+02
2.1348025550089483e+02
1.8299999999876925e+02
1.5251316911988039e+02
1.2200000000037103e+02
9.1500000000080405e+01
6.0993419294898068e+01
3.0499999999760458e+01
2.9989538718934730e-10
-3.0499999999718035e+01
-6.1006580704772034e+01
-9.1500000000184457e+01
-1.2199999822442261e+02
-1.5250657715333134e+02
-1.8301973856314720e+02
-2.1350000000138920e+02
-2.4398683681769717e+02
-2.7448025078689051e+02
-3.0498024368335308e+02
-2.7450000017357212e+02
-2.4402633026394986e+02
-2.1350000000310203e+02
-1.8298025577814866e+02
-1.5250000000067138e+02
-1.2199999999997357e+02
-9.1506578928616022e+01
-6.0999999999860655e+01
-3.0500001775293121e+01
7.9754101129883793e-10
3.0500000000720014e+01
6.0993421071376204e+01
9.1500000000128736e+01
1.2199999822486421e+02
1.5249341752039018e+02
1.8298025966217668e+02
2.1349999999923753e+02
2.4401315607973879e+02
2.7451972968122982e+02
3.0501409049179159e+02
2.7449999982205077e+02
2.4397932643439620e+02
2.1350000000330857e+02
1.8301409665578078e+02
1.5250000000228980e+02
1.2200000000138496e+02
9.1493419295473572e+01
6.1000000000051287e+01
3.0500001775843415e+01
3.9172254015373928e-10
-3.0499999999615632e+01
-6.1006580704844012e+01
-9.1500000000188123e+01
-1.2199999822420534e+02
-1.5250657715293988e+02
-1.8301973856237416e+02
-2.1350000000049377e+02
-2.4398683681756660e+02
-2.7448025078670389e+02
-3.0498024368324332e+02
-2.7450000017322577e+02
-2.4402633026293793e+02
-2.1350000000272422e+02
-1.8298025577818828e+02
-1.5250000000043761e+02
-1.2199999999958270e+02
-9.1506578928664808e+01
-6.0999999999594614e+01
-3.0500001774752455e+01
8.4468593467204521e-10
3.0500000000632188e+01
6.0993421071454904e+01
9.1500000000767258e+01
1.2199999822553281e+02
1.5249341752130917e+02
1.8298025966313850e+02
2.1349999999946363e+02
2.4401315607964602e+02
2.7451972968029060e+02
3.0501472440594273e+02
2.7449999982299499e+02
2.4397869214922255e+02
2.1350000000339719e+02
1.8301473131400891e+02
1.5250000000275759e+02
1.2200000000175764e+02
9.1493419295752602e+01
6.1000000000731291e+01
3.0500001777062192e+01
9.9065193019166085e-10
-3.0499999998985814e+01
-6.1006580704032650e+01
-9.1499999999111594e+01
-1.2199999822273799e+02
-1.5250657715099794e+02
-1.8301973856002638e+02
-2.1349999999972945e+02
-2.4398683681796422e+02
-2.7448025078872945e+02
-3.0498024368655831e+02
-2.7450000017291308e+02
-2.4402633025877753e+02
-2.1350000000190983e+02
-1.8298025578084642e+02
-1.5249999999931728e+02
-1.2199999999924430e+02
-9.1506578928511559e+01
-6.0999999999067967e+01
-3.0500001773877656e+01
1.2575621876450521e-09
3.0500000001485081e+01
6.0993421072019814e+01
9.1500000000913232e+01
1.2199999822533181e+02
1.5249341752113818e+02
1.8298025966260798e+02
2.1349999999998565e+02
2.4401315608077641e+02
2.7451972968242791e+02
3.0501528697340581e+02
2.7449999982301551e+02
2.4397812925141449e+02
2.1350000000311479e+02
1.8301529454223513e+02
1.5250000000277589e+02
1.2200000000210339e+02
9.1493419296341685e+01
6.1000000001220798e+01
3.0500001777222423e+01
1.4140560821339352e-09
-3.0499999998420815e+01
-6.1006580703603198e+01
-9.1499999998744158e+01
-1.2199999822295121e+02
-1.5250657715164934e+02
-1.8301973856068545e+02
-2.1350000000017354e+02
-2.4398683681748631e+02
-2.7448025078745161e+02
-3.0498024368476695e+02
-2.7450000017276511e+02
-2.4402633026053527e+02
-2.1350000000228906e+02
-1.8298025577928018e+02
-1.5249999999956907e+02
-1.2199999999921828e+02
-9.1506578928111566e+01
-6.0999999998890978e+01
-3.0500001774159550e+01
1.5163669091354611e-09
3.0500000001654307e+01
6.0993421071889266e+01
9.1500000001145580e+01
1.2199999822555043e+02
1.5249341752106633e+02
1.8298025966271524e+02
2.1350000000027720e+02
2.4401315608098096e+02
2.7451972968207059e+02
3.0501578621812990e+02
2.7449999982244401e+02
2.4397762971247619e+02
2.1350000000210355e+02
1.8301579437251067e+02
1.5250000000193484e+02
1.2200000000109236e+02
9.1493419294916450e+01
6.1000000000241194e+01
3.0500001776262735e+01
4.9154758931789833e-10
-3.0499999999242110e+01
-6.1006580704367629e+01
-9.1499999999514657e+01
-1.2199999822374539e+02
-1.5250657715235701e+02
-1.8301973856201244e+02
-2.1350000000084191e+02
-2.4398683681837068e+02
-2.7448025078816960e+02
-3.0498024368528485e+02
-2.7450000017371394e+02
-2.4402633026166973e+02
-2.1350000000271550e+02
-1.8298025577997424e+02
-1.5250000000022550e+02
-1.2199999999968561e+02
-9.1506578928828873e+01
-6.0999999999524093e+01
-3.0500001774856802e+01
5.7742461118584625e-10
