0.0000000000000000e+00
2.9793766442710063e-12
3.1454367244311769e-12
-8.9920914102686297e-12
5.1203900661031936e-11
8.7590296692604099e-11
-3.3993702218022700e-12
2.4841508175142660e-11
1.7676572726870076e-11
-4.6029184472211364e-11
2.4204236845673499e-12
1.8633199997581408e-11
-8.1550056266266969e-11
-3.7447731536198777e-11
-7.0639970499544424e-11
5.3538607621189072e-12
7.2086854335875757e-12
-1.0396366192407220e-10
-1.2983575841447292e-10
9.2411171494706663e-12
-1.6787395990262834e-11
-3.4800646514104813e-11
9.4875303799207111e-12
-7.3785435030966611e-11
-1.4025108316025202e-10
-2.5562258323485099e-10
-2.8287384027184735e-10
-7.0796033036910487e-11
1.7563494004576669e-10
3.5026688764774708e-10
5.5005319191724369e-10
6.8768762965194093e-12
-5.0688180511821899e-10
-1.8436477891579052e-11
4.0250110088109076e-10
-1.1177713853619817e-11
4.8215162626705618e-11
3.5898780380168927e-11
-3.6003698993617812e-11
-8.6939298589366155e-11
4.9218517216637752e-11
-1.2161128645356423e-11
1.6398433190367537e-11
-4.5917351716559433e-11
-7.5343940564552178e-12
-3.9453688120058493e-11
-7.9361915697790887e-11
6.7466941101579077e-12
1.3814592905128102e-11
9.8186438717879730e-11
1.8500288600586373e-10
-7.1590950367453417e-11
-2.8472317317486362e-10
-3.6466089037292975e-12
3.4669323675500425e-10
4.5576357989017048e-11
1.4582484888872524e-11
5.6275798046588049e-11
-1.2696888497925821e-11
-2.4717152168892022e-11
9.7671667970367434e-12
1.8177422888328040e-11
-4.6274673653701918e-11
-4.3473359873899108e-11
4.1600004467897447e-11
-7.2334598638476683e-12
8.5112348878089058e-11
1.5838451483744642e-11
-5.1251736018271067e-11
-1.6195250335971869e-10
-2.2018397487731320e-10
-4.8350191253074332e-11
2.2467944902258718e-10
-2.4694846745039865e-11
-3.3951303338679874e-10
-4.5224995354310900e-11
1.5289129386241829e-11
1.0112456815855817e-11
-2.0094418451800376e-11
-4.9342340907364510e-11
3.6149797790726761e-11
1.2424477501072881e-11
9.0647049493007634e-12
8.5504719480134006e-11
1.7182700276898009e-10
3.4203407379716282e-10
3.9721009932481718e-10
1.6989961472484766e-11
-3.7272362583674018e-10
-7.1051265014162870e-10
-1.1225410019520714e-09
-1.5312013310578400e-10
7.5049589252447296e-10
-1.1494262348607210e-10
-9.3001673687213151e-10
-1.7880901347786911e-10
-1.4762719871485505e-10
-8.6483754615689662e-11
-1.4969277370587224e-10
-1.0944562682066282e-10
-1.6027253561902020e-10
-1.1933597152268088e-10
-1.8299205838449763e-10
-1.2137010293342851e-10
2.4224394999505642e-11
3.2688641499380377e-11
1.1901533274721733e-10
-1.2490753260443567e-10
-3.2655528423793855e-10
-6.4265383244939548e-10
-8.8379727873530781e-10
-1.3241911829735449e-10
6.5162432974483032e-10
-6.9512568353510650e-11
-7.7463172215431038e-10
-4.3048110991725335e-11
-1.3744561124400342e-10
-1.3077127970802698e-10
-5.9306223923156606e-11
-6.3996476606557410e-11
-1.0445465150285019e-10
-7.2550642876463730e-11
-1.4355472153060655e-10
-1.2478759081888834e-10
-1.0149541332293441e-10
-6.7910766240544708e-11
-9.2296713837204959e-11
-5.2785997059679183e-11
-9.4703831207235072e-11
-9.4072043948790562e-11
-1.2301363452583832e-10
6.4751020452218274e-11
2.8859839117435191e-10
8.2061739456071615e-11
-1.3486187973652756e-10
4.1006617789737960e-11
1.1514335230716163e-10
1.6836081832370244e-10
8.4978864382069649e-11
1.1034048794030187e-11
8.1707375310427169e-11
1.8130100922792247e-11
4.0080091165195871e-11
7.8877155377874802e-11
5.6417488799440615e-11
1.1129035139326251e-10
2.3209748556361871e-10
3.6587195013502602e-11
6.1201486750387101e-11
-5.6694464094407046e-11
-5.9089358566861992e-11
3.0155418748530083e-11
2.4932571613992772e-10
5.7045856104652136e-11
-6.9799505130466467e-11
1.1281103369978516e-10
1.7089340801424229e-10
1.8445369568127142e-10
1.0211782919574765e-10
-5.1740534657947898e-12
6.5709227768892644e-11
1.8232549876266813e-10
4.4704135792743275e-11
5.9425757478926481e-11
1.6888589374339807e-11
-3.2878391232627981e-12
-8.2739706276979982e-11
5.8330601445000705e-11
2.3847752319306823e-10
3.5241609201776929e-10
4.8914730792553124e-10
7.0974987880472413e-11
-2.2555382610567029e-10
1.3953438283823773e-10
4.3982748803216809e-10
6.0067703965215089e-11
9.9547766418757675e-11
8.1278357918934954e-11
4.2713544608808883e-11
-4.1679333136309802e-11
1.7776493438600761e-10
5.9222048659291818e-11
-1.1714970673810601e-10
3.4551529402058352e-11
2.4234823565415722e-10
3.7510328785219571e-10
4.9493735941829090e-10
1.0365872091419596e-10
-3.1545603065826336e-10
-8.2919292940017394e-10
-1.2275476587161651e-09
9.6527107016738509e-11
1.4233473555189563e-09
9.9499230287949094e-11
-1.1964150478538766e-09
1.4840183188034894e-10
1.3779428420106040e-10
1.0654639743947084e-10
1.4803182134755587e-10
1.0142022055916516e-10
5.1700591028859897e-11
