0.0000000000000000e+00
-3.9969105883523218e-11
-7.3953826038939927e-11
2.5216180217671134e-11
5.4266415702925608e-11
4.2688704924728482e-11
6.2987821167299511e-11
-4.5386451545989421e-11
6.3971611421666658e-11
-7.9982672524847936e-12
1.6399251107280401e-11
2.2493699993034339e-11
4.8378071126723957e-11
7.3288741607654546e-11
-9.5668279588081368e-11
-1.9913716244532824e-10
-3.5171179128074858e-11
-2.4706971393220955e-11
-1.5561716876863199e-10
-3.4487072833482241e-11
-1.0786429041157573e-10
-1.3086260837954604e-10
-6.9708451180337628e-11
-6.7754539217839709e-11
-1.7647322652187126e-11
-9.5120587288750166e-11
-6.8387898839768153e-11
-1.4953561984656377e-10
-8.9108624475126789e-11
-1.7810269557643978e-10
-1.5019156680873010e-10
-9.0853827547698560e-11
9.8711810577742113e-11
-1.1868926700618315e-10
-2.2986163488560368e-10
-1.0717588206382233e-10
-1.4283147774317621e-10
-7.3492884269515691e-11
-8.7382077694485090e-11
-1.5248583009703446e-10
-1.4081143379490089e-10
-2.1416291869383634e-10
-1.2278148130847877e-10
-1.1121188443334356e-10
-9.5558210862157768e-11
-7.2689520478398024e-11
-6.2396906997991984e-11
-1.2323005848227273e-10
-2.2378554252721802e-10
-2.6518725099178133e-10
-2.5252014591591000e-10
-1.1232848975193983e-10
-5.3600598288623721e-11
-1.2064563027977708e-10
-1.2927083405172062e-10
-2.0475265628565016e-11
-1.1555286195154485e-10
-1.3603687926839355e-10
1.8486254118703877e-12
3.5827190869556255e-11
-9.2768661369988779e-11
-9.2885492661812510e-11
-1.2005219585640947e-10
-1.5981945420049801e-10
-1.7096905925790389e-10
-2.1728602942747785e-10
-2.2367218726657600e-10
-6.9423109566805723e-11
-6.2190619801939128e-11
5.3597060701131920e-11
1.4156950219178520e-10
-1.8918465902994993e-10
-5.3983357911663791e-10
-1.6599829969669735e-10
2.4372557763009870e-10
-1.9674606437631964e-10
-1.2874430617909040e-10
-2.2678412028812034e-10
-2.2433177271984520e-10
-1.8889875759451954e-10
-9.8380314460298107e-11
-1.0606955006988512e-10
-1.3337230888130070e-10
-1.0051898672921499e-10
-1.0642046430114992e-10
-1.0169577675229231e-10
-1.2597234076707559e-10
-1.3370493786574797e-10
-2.4746469387383637e-10
-3.8871642008692929e-10
-4.3424811309782358e-10
-8.3219788270040289e-11
2.1978259078796044e-10
-3.9626840549292428e-11
-2.9358911396221642e-10
-2.4854719958275111e-11
-8.4917585445531806e-11
-8.7570531912369324e-11
-1.3669267340986293e-10
-1.9652354913575004e-10
-1.0667346809009857e-10
-2.3436088227254521e-12
-8.5251090268945070e-11
-1.1912433796513329e-10
-8.2696139787119813e-12
-3.2422571571768572e-12
-9.1702651598819926e-12
-4.9187265430628189e-11
-8.3986221256128252e-11
-1.3128492854969777e-10
-1.8550365823857555e-10
-1.3307936579295277e-10
-2.7351203430464866e-11
-4.1092916915236057e-11
-3.7326567842955843e-11
-1.2237724333765165e-10
-1.3522097312613443e-10
-1.4971753948152971e-10
-1.6591210731306939e-10
-1.2043385911172682e-10
-1.6330146528965058e-10
-2.4606749510264090e-11
-9.1810337329577796e-11
-1.5419228243036734e-10
-2.7591207184824388e-10
-3.6552231163349921e-10
-4.9248838784215843e-10
-1.7794092463097833e-10
2.3769629241545226e-10
6.0830971220924628e-10
1.0078916064670052e-09
2.1322451608992934e-11
-9.0084640173176324e-10
1.2057534927834259e-10
1.1149584755133501e-09
7.8532125645706677e-11
1.0147374105495317e-10
4.5046310629853658e-11
5.7127902959264623e-11
-7.4116764284400609e-12
5.8882269467696829e-11
2.3942723605608025e-12
-2.4117193267072678e-11
1.2628879469374189e-11
3.7111978696957168e-11
4.9486518529749659e-11
1.0133011939959151e-10
4.8111223720015542e-11
-6.5116432678982752e-11
-9.4091309147751952e-11
-1.1541447460106941e-10
2.0624791128786191e-11
1.8012402828059643e-10
-1.8230311702851747e-11
-1.4534427868768543e-10
8.3162007704370925e-12
-7.3670008799391061e-12
-6.5265328904947302e-11
-1.6418394272705761e-11
-8.1694927642441880e-11
2.3808898372322388e-11
-4.9893369910368197e-11
4.0569707551900017e-11
3.9181535879647931e-11
8.2919572632471869e-11
8.4228244595053826e-11
1.0642765447049425e-10
-1.9001289046053846e-11
-1.2725883460697453e-10
-3.1611799959535625e-10
-3.6060549232768038e-10
-1.0698191863485340e-10
1.6968668867887908e-10
-1.5595448687793717e-10
-3.9331665937655558e-10
-1.3761383646409022e-10
-1.7174000136929917e-10
-2.6348857292771492e-10
-1.8560043166556716e-10
-1.7266293996301122e-10
-1.0354809653974787e-10
-1.4427365691179015e-10
-1.9668000591214577e-10
-2.4129763171995734e-10
-2.2056382426513157e-10
-2.6187933361470379e-10
-2.3753448861922090e-10
-7.5960585500652084e-11
-5.0624613706209942e-11
4.1825597947182396e-11
1.3413307082414849e-10
-2.1429824290428349e-10
-4.9796139316284956e-10
-1.6267611308288130e-10
1.9358702848814652e-10
-1.2637561056364952e-10
-1.5651107000743058e-10
-1.6785638126623245e-10
-1.3270706887742226e-10
-1.0689183949072739e-10
-9.4831416611982403e-11
