0.0000000000000000e+00
7.4198285426899602e-11
-3.4029990599870876e-03
5.1224385622123094e-10
-7.0759867682104034e-07
-3.4044150210241816e-03
-1.0210412922842598e-02
1.1660028665100603e-09
3.3773439561960086e-09
3.8095616540445352e-07
3.8099144813040780e-07
1.0471317425040993e-07
-3.4038801614359538e-03
-1.0212281828851240e-02
2.0790215316074606e-09
6.8107050482072839e-03
9.7848994905209071e-10
8.5431147622492304e-10
-3.4037075159206362e-03
6.0906815425273041e-10
3.3013054986728662e-10
2.6622648507330250e-10
-3.4037079952627886e-03
6.4718620373098103e-10
7.1037765886000151e-07
-3.4022882308112120e-03
-1.0209703842329242e-02
2.0402860361140646e-09
6.8081265917020019e-03
1.0213961048902308e-02
1.0216797184714209e-02
1.0255456674731175e-07
-1.3617464061548026e-02
4.6072514380454380e-09
1.0211636565673442e-02
1.7138368943006395e-09
1.4377954258478042e-09
-3.4029979409660894e-03
1.0466031278640126e-09
-7.0778895051655019e-07
7.6593275077986310e-10
8.2304140680725340e-10
-3.4029984685001631e-03
9.0785289340068133e-10
-7.0717551722793424e-07
-3.4044147095080974e-03
-1.0210412385287825e-02
2.4264404200851723e-09
6.8052909698289232e-03
1.0206163563673579e-02
1.3019372180148944e-02
1.0382856090906477e-07
-1.6423112607453876e-02
6.0008660689385232e-09
1.3020364377684784e-02
2.3611216131125944e-09
1.6082499567661843e-09
-3.4037068963276695e-03
1.1424840433415375e-09
7.1016515200760562e-07
6.0898505956167658e-10
5.3958304176245389e-10
-3.4037079383502440e-03
8.6475514147045466e-10
7.1051218527127306e-07
-3.4022878372396187e-03
-1.0209703047068273e-02
2.9743516741414344e-09
6.8081270134054024e-03
1.0213961531799204e-02
1.0216797650921620e-02
1.0293234064987740e-07
-1.3617463095417700e-02
4.9948147686568957e-09
1.0211636805216525e-02
2.0851921591390555e-09
1.9165667580725010e-09
-3.4029977127472016e-03
1.4840756731468383e-09
-7.0691347389340929e-07
1.2311279975678794e-09
1.1711389457750549e-09
-3.4029980876413238e-03
1.8422155338771597e-09
-7.0635694476350598e-07
-3.4044136989263667e-03
-1.0210411549472718e-02
3.0360980515566126e-09
6.8052917610859874e-03
1.0206164010237995e-02
1.2702415239380767e-02
1.0449159194818485e-07
-1.6106366676081889e-02
5.9792287617252176e-09
1.2703831498168418e-02
2.8453984486458760e-09
2.2280985736151352e-09
-3.4037065956862150e-03
1.4779726497171067e-09
7.1034291743361548e-07
9.9684656718399466e-10
1.0542727306733772e-09
-3.4037070517385533e-03
1.6676105964934734e-09
7.1189135418065740e-07
-3.4022862783902701e-03
-1.0209701434753098e-02
3.5465927185006135e-09
6.8081269744473278e-03
1.0213960502614436e-02
1.0216795857065763e-02
1.0298721865698026e-07
-1.3617460948142665e-02
5.4983941594954715e-09
1.0211635363059322e-02
2.5424073423077424e-09
2.0124718790698651e-09
-3.4029980367736856e-03
1.2889683371041343e-09
-7.0699017568982756e-07
9.2608573808509963e-10
1.1103527065025996e-09
-3.4029979237495257e-03
1.2883570075524468e-09
-7.0737189678434362e-07
-3.4044148506285374e-03
-1.0210412997737152e-02
2.6866350184273397e-09
6.8052924205094512e-03
1.0206165678314349e-02
1.2421135085967192e-02
1.0395127229274937e-07
-1.5825275545717433e-02
5.8714750937104687e-09
1.2422928456733979e-02
2.3953310046709042e-09
1.8949799624849563e-09
-3.4037067929797169e-03
1.2530240880006347e-09
7.1026370113430230e-07
8.8765431654578345e-10
1.0092337463961691e-09
-3.4037072111622567e-03
1.4147815529789961e-09
7.1069763559059227e-07
-3.4022878027748734e-03
-1.0209703272642697e-02
2.5523478285975399e-09
6.8081273844051923e-03
1.0213962186832940e-02
1.0216798619348001e-02
1.0278496027539477e-07
-1.3617464302180898e-02
4.9054601664571572e-09
1.0211638204406927e-02
2.1700594568050996e-09
1.7705883963523774e-09
-3.4029977276694955e-03
1.4704356921297231e-09
-7.0726364459434198e-07
1.0433659435881455e-09
1.2341772199090298e-09
-3.4029981819857515e-03
1.4629196077866560e-09
-7.0711479542921548e-07
-3.4044147433167499e-03
-1.0210412547625971e-02
2.9360506144234671e-09
6.8052920956804680e-03
1.0206164487823013e-02
1.2171511650215457e-02
1.0444376617497564e-07
-1.5575818157973632e-02
5.9525708438091587e-09
1.2173638637820275e-02
2.4663122453131304e-09
1.8655583199379336e-09
-3.4037070497162846e-03
1.2638788025108367e-09
7.1002610547205074e-07
7.2549356381272368e-10
1.0173540535038335e-09
-3.4037071547217820e-03
1.1682103612426970e-09
7.1043352809557621e-07
-3.4022881585401080e-03
-1.0209703870602969e-02
2.5991697642838319e-09
6.8081269967906590e-03
1.0213961954052657e-02
1.0216798565055005e-02
1.0237311694963905e-07
-1.3617465209972177e-02
4.9376927582565560e-09
1.0211638131575581e-02
2.0422561456815563e-09
1.7431049435883318e-09
-3.4029981085809324e-03
1.1412182022892405e-09
-7.0754663596490666e-07
6.9030238323310288e-10
