2.0000000000000020e+02
2.0000000000000020e+02
2.0000000000000020e+02
2.0000000000000020e+02
2.0000000000000020e+02
2.0000000000000020e+02
2.0000000000000020e+02
2.1349999999342629e+02
2.4399999998334010e+02
2.7449999964908994e+02
3.0499999964907045e+02
3.0499999964907045e+02
3.0499999964907045e+02
3.0499999964907045e+02
3.0499999964907045e+02
3.0499999964907045e+02
3.0499999964907045e+02
3.0499999964907045e+02
3.0499999964907045e+02
3.0499999964907045e+02
3.0499999964907045e+02
3.0499999964907045e+02
3.0499999964907045e+02
3.0499999964907045e+02
3.0499999964907045e+02
3.0499999964907045e+02
3.0499999964907045e+02
3.0499999964907045e+02
3.0499999964907045e+02
3.0499999964907045e+02
3.0499999964907045e+02
3.0499999964907045e+02
3.0499999964907045e+02
3.0499999964907045e+02
3.0499999964907045e+02
3.0499999964907045e+02
3.0499999964907045e+02
3.0499999964907045e+02
3.0499999964907045e+02
3.0499999964907045e+02
3.0499999964907045e+02
3.0499999964907045e+02
3.0499999964907045e+02
3.0499999964907045e+02
3.0499999964907045e+02
3.0499999964907045e+02
3.0499999964907045e+02
3.0499999964907045e+02
3.0499999964907045e+02
3.0499999964907045e+02
3.0500107111939462e+02
3.0500107111939462e+02
3.0500107111939462e+02
3.0500107111939462e+02
3.0500107111939462e+02
3.0500107111939462e+02
3.0500107111939462e+02
3.0500107111939462e+02
3.0500107111939462e+02
3.0500107111939462e+02
3.0500107111939462e+02
3.0500107111939462e+02
3.0500107111939462e+02
3.0500107111939462e+02
3.0500107111939462e+02
3.0500107111939462e+02
3.0500107111939462e+02
3.0500107111939462e+02
3.0500107111939462e+02
3.0500107111939462e+02
3.0500107111939462e+02
3.0500107111939462e+02
3.0500107111939462e+02
3.0500107111939462e+02
3.0500107111939462e+02
3.0500107111939462e+02
3.0500107111939462e+02
3.0500107111939462e+02
3.0500107111939462e+02
3.0500107111939462e+02
3.0500107111939462e+02
3.0500107111939462e+02
3.0500107111939462e+02
3.0500107111939462e+02
3.0500107111939462e+02
3.0500107111939462e+02
3.0500107111939462e+02
3.0500107111939462e+02
3.0500107111939462e+02
3.0500107111939462e+02
3.0500202199118905e+02
3.0500202199118905e+02
3.0500202199118905e+02
3.0500202199118905e+02
3.0500202199118905e+02
3.0500202199118905e+02
3.0500202199118905e+02
3.0500202199118905e+02
3.0500202199118905e+02
3.0500202199118905e+02
3.0500202199118905e+02
3.0500202199118905e+02
3.0500202199118905e+02
3.0500202199118905e+02
3.0500202199118905e+02
3.0500202199118905e+02
3.0500202199118905e+02
3.0500202199118905e+02
3.0500202199118905e+02
3.0500202199118905e+02
3.0500202199118905e+02
3.0500202199118905e+02
3.0500202199118905e+02
3.0500202199118905e+02
3.0500202199118905e+02
3.0500202199118905e+02
3.0500202199118905e+02
3.0500202199118905e+02
3.0500202199118905e+02
3.0500202199118905e+02
3.0500202199118905e+02
3.0500202199118905e+02
3.0500202199118905e+02
3.0500202199118905e+02
3.0500202199118905e+02
3.0500202199118905e+02
3.0500202199118905e+02
3.0500202199118905e+02
3.0500202199118905e+02
3.0500202199118905e+02
3.0500286583845542e+02
3.0500286583845542e+02
3.0500286583845542e+02
3.0500286583845542e+02
3.0500286583845542e+02
3.0500286583845542e+02
3.0500286583845542e+02
3.0500286583845542e+02
3.0500286583845542e+02
3.0500286583845542e+02
3.0500286583845542e+02
3.0500286583845542e+02
3.0500286583845542e+02
3.0500286583845542e+02
3.0500286583845542e+02
3.0500286583845542e+02
3.0500286583845542e+02
3.0500286583845542e+02
3.0500286583845542e+02
3.0500286583845542e+02
3.0500286583845542e+02
3.0500286583845542e+02
3.0500286583845542e+02
3.0500286583845542e+02
3.0500286583845542e+02
3.0500286583845542e+02
3.0500286583845542e+02
3.0500286583845542e+02
3.0500286583845542e+02
3.0500286583845542e+02
3.0500286583845542e+02
3.0500286583845542e+02
3.0500286583845542e+02
3.0500286583845542e+02
3.0500286583845542e+02
3.0500286583845542e+02
3.0500286583845542e+02
3.0500286583845542e+02
3.0500286583845542e+02
3.0500286583845542e+02
3.0500361470748254e+02
3.0500361470748254e+02
3.0500361470748254e+02
3.0500361470748254e+02
3.0500361470748254e+02
3.0500361470748254e+02
3.0500361470748254e+02
3.0500361470748254e+02
3.0500361470748254e+02
3.0500361470748254e+02
3.0500361470748254e+02
3.0500361470748254e+02
3.0500361470748254e+02
3.0500361470748254e+02
3.0500361470748254e+02
3.0500361470748254e+02
3.0500361470748254e+02
3.0500361470748254e+02
3.0500361470748254e+02
3.0500361470748254e+02
3.0500361470748254e+02
3.0500361470748254e+02
3.0500361470748254e+02
3.0500361470748254e+02
3.0500361470748254e+02
3.0500361470748254e+02
3.0500361470748254e+02
3.0500361470748254e+02
3.0500361470748254e+02
3.0500361470748254e+02
3.0500361470748254e+02
