0.0000000000000000e+00
4.5313282989072860e-12
-4.6630121764892947e-11
-7.8942217635862837e-12
-3.2279969738799019e-11
-5.1605926447281906e-11
-1.1872660128348408e-10
5.7624944527469923e-11
1.9740206253891987e-11
-4.3565157525373446e-11
-7.1241688692852407e-12
-5.6564401533749125e-11
-6.6585191111682898e-11
-1.2594663563316475e-10
-9.6101855877555331e-11
-8.2705651017221701e-11
-6.1558279525195130e-11
-1.0383698374795231e-10
-1.9758762986218858e-10
-1.2123925860328248e-10
-4.8542663595951003e-11
-1.1152690137645547e-10
-7.8499271065299382e-11
-1.1083285803848141e-10
-1.7033056285007521e-10
-3.0280969443536134e-10
-3.4611491053677664e-10
-2.2545125600830679e-10
-5.3435425703572158e-11
3.7566675525029234e-11
2.1131469574280924e-10
-6.1599365213393432e-11
-4.5007241875598612e-10
-1.6150727894005661e-10
1.5059190209017822e-10
-1.3048375261001721e-10
-1.3841417483099224e-10
-7.0977519285391573e-11
-1.5064975091742159e-10
-2.6706508120295051e-10
-1.7543854090229360e-10
-1.6844831434462225e-10
-2.4048493321517837e-10
-2.5077012338831581e-10
-2.0930719050901067e-10
-2.5915612540652274e-10
-2.7170566861292893e-10
-1.8642137077184095e-10
-5.4848568621355979e-11
7.8546068523461988e-11
2.2403354803540013e-10
-2.3257004654558441e-10
-6.8632020164169422e-10
-2.5340463550658360e-10
2.8580508111358091e-10
-2.0720617609076892e-10
-1.3891235721837118e-10
-2.1106508619448735e-11
-1.3616746519479854e-10
-2.6522174741041476e-10
-1.3853591268399124e-10
-1.8943634726720773e-10
-2.1535797220706496e-10
-2.6920920811572758e-10
-2.1999279575713741e-10
-2.3577511731842171e-10
-3.4954440289024151e-10
-2.0884696999520246e-10
-3.3291964096543770e-11
1.8214130516300507e-10
3.8889696919559339e-10
-1.2686715249374362e-10
-5.8574969415968557e-10
-2.4386207087524393e-10
2.0395296236382815e-10
-1.3121336393515161e-10
-6.9850187459552889e-11
-1.1498466667236932e-10
-1.0941236944947400e-10
-1.3450337852832992e-10
-6.0414965719830319e-11
-1.0943464206777541e-10
-1.6440204351981603e-10
-8.9311788048938549e-11
-1.2715443308548319e-10
-8.4043829379612759e-11
2.7972708965252948e-11
-1.2999153138655070e-10
-3.0938185540158291e-10
-4.1285918944685530e-10
-5.5153836877596100e-10
-2.3301513278641637e-10
5.9808489194956090e-11
-2.4787466744036700e-10
-4.7866665643427302e-10
-3.0211825321391664e-10
-3.1195325250386925e-10
-3.0435102450295808e-10
-3.1815909808494183e-10
-3.6730234170363079e-10
-2.0344637654648285e-10
-3.1042440160680807e-10
-3.7386248663137827e-10
-3.1224858703776139e-10
-2.1293672192195310e-10
-1.1642778722718839e-10
-3.0825272649102123e-12
-2.4651082395869357e-10
-5.0438782038437321e-10
-7.1700489781465346e-10
-8.7477253454555637e-10
-3.6166813467402897e-10
3.1056813061289010e-10
-2.5003263421346510e-10
-7.5112207070813361e-10
-2.8569248577397897e-10
-3.1456281517994919e-10
-3.2137564144426298e-10
-3.0364837617737728e-10
-2.9422464781656431e-10
-3.1474344242102227e-10
-2.5082229856872192e-10
-2.5341012767943642e-10
-2.4261889853485029e-10
-2.6710447902462521e-10
-2.7259368986706611e-10
-3.6139995218850287e-10
-2.5314686626596694e-10
-1.9869856936418926e-10
-4.2282340757639075e-11
1.0386157415152179e-10
-3.3621888682028740e-10
-6.6483066149569652e-10
-2.0758436099370084e-10
3.5212281181792815e-10
-2.4616895332699933e-10
-2.1388119241755721e-10
-2.6516268793478864e-10
-2.5866698958204288e-10
-1.7889722388545347e-10
-2.1029365041604034e-10
-1.9927719006302827e-10
-1.8051827699772623e-10
-1.2063220371852417e-10
-1.7164109476240804e-10
-1.7913679791296797e-10
-1.6566868376067633e-10
-1.7784558503807186e-10
-5.7251796137461054e-11
4.8307752984148661e-11
1.3436580476301136e-10
-2.1718887567976274e-10
-4.7065017870996603e-10
-2.1407803930762623e-10
6.0870477165220283e-11
-1.9174573437497438e-10
-1.2842898063486088e-10
-1.4800281744268698e-10
-2.2605974813614561e-10
-3.5638659468209446e-10
-2.4722937080500454e-10
-1.9664936246186482e-10
-1.3385991637296089e-10
-2.8511464647372656e-10
-4.1613719544252223e-10
-4.6444405116255530e-10
-5.9845022551529910e-10
-2.6411362178541773e-10
9.5671461688668496e-11
4.6504275416214793e-10
7.7336572658967309e-10
-5.8394390890230276e-11
-8.6592758309612525e-10
-1.0188780090683774e-10
6.6062754665256836e-10
-1.9395615510106210e-11
-6.0204448622320563e-11
-1.9306120817136833e-10
-9.8056201805031074e-11
-7.7835000101190357e-11
-3.0142971845039043e-11
-1.8529247846409745e-11
-4.6399837734763295e-11
-6.2467681632877946e-11
-1.4726939786926672e-10
-1.2364909773398431e-10
-2.3592100665143086e-10
-1.2966451372008715e-10
-3.9037583762012328e-11
-6.5908470063444343e-12
1.3550914320862215e-10
-9.7665198387758481e-11
-3.5657806087564793e-10
-1.7385783195973941e-10
8.5282971439410133e-11
-1.2241727104526569e-10
-2.4145375253945939e-11
1.0666481299440155e-10
-7.8145821756680921e-11
-2.3358931366029292e-10
-9.9766092974748226e-11
