0.0000000000000000e+00
3.0499999999927162e+01
6.0996824069625248e+01
9.1499999999187168e+01
1.2199999893231663e+02
1.5249682193556893e+02
1.8299047007522609e+02
2.1349999999342634e+02
2.4399999998334010e+02
2.7449999964909017e+02
3.0499999964907033e+02
2.7449999971292192e+02
2.4399682277993728e+02
2.1349046778274260e+02
1.8299999999668492e+02
1.5250635841483165e+02
1.2199999999936141e+02
9.1499999999201421e+01
6.0996823002356770e+01
3.0499999999181636e+01
1.5299861203538409e-10
3.0499999999990600e+01
6.1003176996750028e+01
9.1500000000789171e+01
1.2199999893462714e+02
1.5250317486497048e+02
1.8300952885914410e+02
2.1350000000337533e+02
2.4399364494446746e+02
2.7449046474827639e+02
3.0499046048105663e+02
2.7450000027600976e+02
2.4401271279930103e+02
2.1350000000761491e+02
1.8299046741517446e+02
1.5250000000234976e+02
1.2200000000137177e+02
9.1503175930643309e+01
6.1000000000823967e+01
3.0500001067439289e+01
2.6156225549610099e-10
3.0499999999917112e+01
6.0996824069820121e+01
9.1499999999168651e+01
1.2199999893200020e+02
1.5249682193504361e+02
1.8299047007458708e+02
2.1349999999673571e+02
2.4400635078860239e+02
2.7450952351746014e+02
3.0500107111939457e+02
2.7449999971809166e+02
2.4399574954699625e+02
2.1349999999728837e+02
1.8300107629115669e+02
1.5249999999980753e+02
1.2199999999957616e+02
9.1496823002206995e+01
6.0999999998809315e+01
3.0500001065625369e+01
1.3501243343697745e-10
3.0500000000266148e+01
6.1003176997062980e+01
9.1500000001078178e+01
1.2199999893478389e+02
1.5250317486512722e+02
1.8300952885923678e+02
2.1350000000354541e+02
2.4399364494486213e+02
2.7449046474870681e+02
3.0499046048154122e+02
2.7450000027623474e+02
2.4401271279925248e+02
2.1350000000786815e+02
1.8299046741571487e+02
1.5250000000263452e+02
1.2200000000158187e+02
9.1503175930995042e+01
6.1000000001120178e+01
3.0500001067832606e+01
2.3134608820546846e-10
3.0499999999477613e+01
6.0996824069508328e+01
9.1499999998873903e+01
1.2199999893180664e+02
1.5249682193489389e+02
1.8299047007451247e+02
2.1349999999639846e+02
2.4400635078796236e+02
2.7450952351658583e+02
3.0500202199118883e+02
2.7449999971857477e+02
2.4399479851563518e+02
2.1349999999751483e+02
1.8300202748297079e+02
1.5250000000004823e+02
1.2199999999962488e+02
9.1496823002383906e+01
6.0999999999347374e+01
3.0500001066769112e+01
-4.4476563290204793e-11
3.0499999999940371e+01
6.1003176996886936e+01
9.1500000000666049e+01
1.2199999893438212e+02
1.5250317486444618e+02
1.8300952885820681e+02
2.1350000000314321e+02
2.4399364494496848e+02
2.7449046474947966e+02
3.0499046048277944e+02
2.7450000027579853e+02
2.4401271279714672e+02
2.1350000000731742e+02
1.8299046741674232e+02
1.5250000000185955e+02
1.2200000000115242e+02
9.1503175930366268e+01
6.1000000000409273e+01
3.0500001067004984e+01
1.3147594861215022e-11
3.0500000000319798e+01
6.0996824069968952e+01
9.1499999999555669e+01
1.2199999893264376e+02
1.5249682193590075e+02
1.8299047007550726e+02
2.1349999999722991e+02
2.4400635078834381e+02
2.7450952351681406e+02
3.0500286583845548e+02
2.7449999971888769e+02
2.4399395452651339e+02
2.1349999999714188e+02
1.8300287161404438e+02
1.5250000000023707e+02
1.2200000000006703e+02
9.1496823003037662e+01
6.0999999999818520e+01
3.0500001066864161e+01
4.3494597064417659e-10
3.0499999999422862e+01
6.1003176996362313e+01
9.1500000000126164e+01
1.2199999893368268e+02
1.5250317486391879e+02
1.8300952885753279e+02
2.1350000000270501e+02
2.4399364494472141e+02
2.7449046474930412e+02
3.0499046048292075e+02
2.7450000027550055e+02
2.4401271279659019e+02
2.1350000000713729e+02
1.8299046741689568e+02
1.5250000000174771e+02
1.2200000000092518e+02
9.1503175930322726e+01
6.1000000000402906e+01
3.0500001067006259e+01
6.4724593998245221e-10
3.0500000000421011e+01
6.0996824070156279e+01
9.1499999999639030e+01
1.2199999893245703e+02
1.5249682193545888e+02
1.8299047007479442e+02
2.1349999999731185e+02
2.4400635078918026e+02
2.7450952351828295e+02
3.0500361470748243e+02
2.7449999971802515e+02
2.4399320552959060e+02
2.1349999999610606e+02
1.8300362073494398e+02
1.5249999999945658e+02
1.2199999999924583e+02
9.1496823001967897e+01
6.0999999998973628e+01
3.0500001066233644e+01
-7.0439051905332436e-11
3.0500000000264563e+01
6.1003176997185030e+01
9.1500000000732271e+01
1.2199999893433686e+02
1.5250317486444962e+02
1.8300952885841195e+02
2.1350000000353896e+02
2.4399364494536889e+02
2.7449046474998022e+02
3.0499046048352579e+02
2.7450000027617926e+02
2.4401271279703315e+02
2.1350000000774696e+02
1.8299046741767714e+02
1.5250000000235568e+02
1.2200000000153878e+02
9.1503175930800055e+01
6.1000000000746724e+01
3.0500001067359143e+01
-1.0172020915764726e-10
