0.0000000000000000e+00
1.3537322505375611e-04
2.7078048780313792e-04
4.0616941790845486e-04
5.4154002033185628e-04
6.7689230003521370e-04
8.1234146340885844e-04
9.4777228279077413e-04
1.4962295255478871e-03
2.3627028372695579e-03
3.2545096150000609e-03
3.1191164312818274e-03
2.9837049137679825e-03
2.8482750574909252e-03
2.7129456994510418e-03
2.5775980248977219e-03
2.4421652116514464e-03
2.3067749677477770e-03
2.1713663908420346e-03
2.0359944799409110e-03
1.9006042410055213e-03
1.7651956690692958e-03
1.6298237482336906e-03
1.4944334993597964e-03
1.3590249174838891e-03
1.2235979976407787e-03
1.0882627726192173e-03
9.5290922949584165e-04
8.1753736330998075e-04
6.8214716910113601e-04
2.0477287186960623e-04
3.4009840584734401e-04
4.7540562930376853e-04
6.1087889361417303e-04
7.4626913752932227e-04
8.8164105340826887e-04
1.0169946462107375e-03
1.1524398692240574e-03
1.2878301131335694e-03
1.4232020290060800e-03
1.5586106009375035e-03
1.6940008398699795e-03
1.8293727507671330e-03
1.9647263385899798e-03
2.1001715765427979e-03
2.2355984715674302e-03
2.3710070286311153e-03
2.5063972527006838e-03
2.6417691487374919e-03
2.7771227217049444e-03
2.9124579765624648e-03
2.7771227961805828e-03
2.6417692977096538e-03
2.5063974761882187e-03
2.3710073266549453e-03
2.2355988441476564e-03
2.1001720237006759e-03
1.9647268603451640e-03
1.8293910887371763e-03
1.6940008448436076e-03
1.5586106009413804e-03
1.4232020240402109e-03
1.2878301131358598e-03
1.1524398741963318e-03
1.0170313022587682e-03
8.8160439235572107e-04
7.4626913752110576e-04
6.1091556457571080e-04
4.7554366856088941e-04
3.4015344451367028e-04
2.0474488747162579e-04
3.4001913491079076e-04
4.7527508570186774e-04
6.1079962263830157e-04
7.4630579516331307e-04
8.8158011047544387e-04
1.0169703544048645e-03
1.1523422702968888e-03
1.2877508422238068e-03
1.4231410811522147e-03
1.5585313300304597e-03
1.6939032508701607e-03
1.8293118178340064e-03
1.9647020517996627e-03
2.1000739577312073e-03
2.2354275405899546e-03
2.3707628053362896e-03
2.5062630373285559e-03
2.6417449114944538e-03
2.7772084328093897e-03
2.9124337690260311e-03
2.7770435252704746e-03
2.6416349485139140e-03
2.5062080337912938e-03
2.3707627761356156e-03
2.2354825495241341e-03
2.1000923056360326e-03
1.9646837287475745e-03
1.8293118178337045e-03
1.6939215788834452e-03
1.5585313300302895e-03
1.4231227481759385e-03
1.2877508422246551e-03
1.1523606082390926e-03
1.0169520412559286e-03
8.8152513630970839e-04
7.4618986660853826e-04
6.1083627879331961e-04
4.7546436790398987e-04
3.4007412897989783e-04
2.0466555705729421e-04
3.3995401291237148e-04
4.7522416827658727e-04
6.1073450065558311e-04
7.4622647247249668e-04
8.8151498848863883e-04
1.0169052324099615e-03
1.1522771482953963e-03
1.2876857202268402e-03
1.4230759591592091e-03
1.5584662080333528e-03
1.6938381288696979e-03
1.8292466958367678e-03
1.9646369298045941e-03
2.1000088357391871e-03
2.2353624186011692e-03
2.3706976833515418e-03
2.5061979153304919e-03
2.6416797894851241e-03
2.7771433107873487e-03
2.9123686470293292e-03
2.7769784032733659e-03
2.6415698265175977e-03
2.5061429117947173e-03
2.3706976541395634e-03
2.2354174275269435e-03
2.1000271836393385e-03
1.9646186067516632e-03
1.8292466958379249e-03
1.6938564568879523e-03
1.5584662080349067e-03
1.4230576261805490e-03
1.2876857202293198e-03
1.1522954862434808e-03
1.0168869192599594e-03
8.8146001431223503e-04
7.4612474461325704e-04
6.1077115680013838e-04
4.7539924591310845e-04
3.4000900699066857e-04
2.0460043506937320e-04
3.3990054025317159e-04
4.7518234179616927e-04
6.1068102800888500e-04
7.4616135681465536e-04
8.8146151583770886e-04
1.0168517597544642e-03
1.1522236756350863e-03
1.2876322475689861e-03
1.4230224865044662e-03
1.5584127353749228e-03
1.6937846562082386e-03
1.8291932231780774e-03
1.9645834571497983e-03
2.0999553630877831e-03
2.2353089459529667e-03
2.3706442107064981e-03
2.5061444426716381e-03
2.6416263168122130e-03
2.7770898381013292e-03
2.9123151743714010e-03
2.7769249306143847e-03
2.6415163538562577e-03
2.5060894391336214e-03
2.3706441814770251e-03
2.2353639548667661e-03
2.0999737109793099e-03
1.9645651340911025e-03
1.8291932231773733e-03
1.6938029842284005e-03
1.5584127353740671e-03
1.4230041535183379e-03
1.2876322475674725e-03
1.1522420135832649e-03
1.0168334466018577e-03
8.8140654165583926e-04
7.4607127195097970e-04
6.1071768413159338e-04
4.7534577323821083e-04
3.3995553430913857e-04
2.0454696238174377e-04
3.3985663269938543e-04
4.7514799678676569e-04
6.1063712046347397e-04
7.4610788932385401e-04
8.8141760828969694e-04
1.0167090210123722e-03
1.1521980960740423e-03
1.2875883400114154e-03
1.4229602559114745e-03
1.5583688278194173e-03
