0.0000000000000000e+00
2.2465793513785306e-17
-1.5286859570481802e-16
-3.2231118017106310e-16
1.4744575904238913e-16
-4.9551466265095470e-17
2.5383829679920689e-16
-2.6003352805282205e-16
-1.3337265305142060e-16
-3.0046994794073875e-16
-6.6670658982063587e-17
1.4960584785408841e-16
-4.2491151456437242e-17
-2.0475242836002741e-16
-2.0893041141919033e-16
-4.8110483692522725e-16
-2.0723785798963806e-16
-1.9305579088342390e-16
-9.9908608165536500e-16
-2.3960309261497675e-16
8.9681008667511675e-17
3.2202861463053076e-16
-8.9573082829630749e-17
-1.1286114778367493e-15
-1.7454759141182792e-15
-2.7489675441829549e-15
-6.6854715139456380e-16
2.2911421514504856e-15
4.4658181438168136e-15
6.8721171409092749e-15
-2.8850929505731484e-16
-9.5847301993633047e-16
-1.0022155970663473e-15
-1.0678293621216644e-16
1.8437151472793307e-17
3.2030301479889850e-16
8.5684257812350586e-16
-3.6822339750480207e-16
-1.9991786891329553e-16
2.8000143688343549e-16
-3.6935594405651426e-16
-1.2363303491291929e-15
-1.5648836918272620e-15
-2.0202497013099241e-15
-6.9528281170467154e-16
1.1936860266253814e-15
2.4510392709605555e-15
4.2235241495462666e-15
5.4870108095482957e-15
6.8299454291261943e-15
8.6243377991330549e-15
-6.8136504529341876e-16
-9.8650142298937008e-15
-1.9397410118006764e-14
-2.8335985450454754e-14
-3.7861391701479942e-14
-4.7024709506768943e-14
-5.6255355825052697e-14
-5.4564405845913179e-16
-3.4766106059240843e-16
-7.4556244178061228e-16
-8.3757375335076483e-16
-9.5660086945754285e-17
-2.2065156311990434e-16
4.6708372966172738e-16
1.0441753908791143e-15
-6.6611409627243870e-16
-2.7141012859185329e-15
-4.7783353861253467e-15
-6.6456710175472472e-15
-8.8165886066671599e-15
-1.2278326678757544e-15
6.5903761687243420e-15
-1.6586529945899889e-15
-9.2367845537426971e-15
-1.3721347988033702e-15
-1.7130356033737770e-15
-1.6660691568316171e-15
-1.5723872605215499e-15
-1.1128851831715183e-15
-2.2227847938348735e-15
-2.4707488254823999e-15
-1.8670435085460081e-15
-1.2673832536093371e-15
-5.1082470728507428e-16
2.8708036469855520e-16
9.6200792306550796e-16
-1.3389582746088527e-15
-3.6320188595395541e-15
-5.7546620319629817e-15
-2.0683807255790047e-15
-1.6369920936046652e-15
-1.7869990192439271e-15
-2.2535832542832284e-15
-1.6576843829710345e-15
-1.8062410282028957e-15
-1.7135841471858217e-15
-1.3290980327640138e-15
-1.8795693881393919e-15
-2.5961178772913661e-15
-1.9331679987115694e-15
-1.3295740687095684e-15
-2.2354450398536180e-15
-2.9910407654941551e-15
-3.8515890917128057e-15
-4.5290925534122951e-15
-1.2886594905296320e-15
5.7331594676434101e-16
3.2742657013048452e-15
5.8613654570126020e-15
9.1537859982599518e-15
-8.2196656906417485e-16
-1.1070619874115078e-14
-1.0225710399471463e-15
9.1112519476636326e-15
-7.6034890262363454e-16
-9.1449098546342977e-16
-5.6265154419264839e-16
-6.3215432362931418e-16
-2.7441233113366854e-16
-7.9723038632646534e-16
-1.3269673023674712e-15
-1.1511028935544832e-15
-1.1023908555823387e-15
-1.1880969749545098e-15
-1.4212133935171571e-15
-1.2106495619847915e-15
-1.1974768310562862e-15
-1.3928938481358469e-15
-1.4764541545539739e-15
-1.9474128932129726e-15
-1.3119807061621877e-15
-8.5516649765778095e-16
-4.9635731198071568e-16
-5.0991481421627286e-17
-1.5423828971699326e-15
-1.5039968749347460e-15
-2.0839148712487182e-15
-1.0718392802806105e-15
-1.2440423456336119e-15
-1.4083776558233618e-15
-1.7465134938495008e-15
-1.2175723286829294e-15
-1.1512678097927864e-15
-7.0082697665300709e-16
-9.2430702874027627e-16
-1.3094804343865696e-15
-2.0727987347142181e-15
-2.5481486325247375e-15
-3.1803176006589481e-15
-3.3572103047465373e-15
-1.4539023992033919e-15
5.6038304930653613e-16
-1.3963900004935124e-15
-3.3731608378603454e-15
-1.5936477009579532e-15
-1.5804003629798003e-15
-1.8967618859475680e-15
-1.5187127512532825e-15
-1.0503649753035139e-15
-1.1220452507725305e-15
-1.3707134870509645e-15
-1.3537818384853387e-15
-1.9418772339361970e-15
-2.0147836565847720e-15
-2.1261201328972391e-15
-2.1947304941675166e-15
-1.8668467942745001e-15
-1.0558123470126100e-15
-4.9788325826456302e-16
-1.6197047580266836e-15
-1.7304354851187384e-15
-2.0575957660730801e-15
-2.2453334856900276e-15
-2.4676949269017720e-15
-1.6695397679558562e-15
-1.6593193156034019e-15
-1.8929165669261394e-15
-2.0997737899597826e-15
-2.1478317536818617e-15
-2.2944646324353230e-15
-1.8753217579622744e-15
-1.8677155669411018e-15
-1.3775355091112053e-15
-1.3535826244375149e-15
-1.2209530949944786e-15
-2.0433615174205359e-15
-3.1280678854657793e-15
-4.0912471895775856e-15
-4.8449823744091878e-15
-5.8727328250465307e-15
-1.0070867398165571e-15
3.6249724411647892e-15
-8.6748594974699659e-16
-5.9106678059828985e-15
-9.1606845959110203e-16
3.2804213838130064e-15
-1.4316777395505276e-15
-5.4929558022467871e-16
-6.5034670337330699e-16
-1.3308381536855979e-15
