0.0000000000000000e+00
6.0927483337545057e-17
-9.8595428883528611e-17
-1.3299009831435092e-16
1.3557523344510940e-16
-2.1519466309824344e-16
1.8686948222872283e-16
-2.3647254503838222e-17
-1.7816423878772081e-16
-1.7008838173680327e-16
-1.4960616877408841e-16
-6.1969479602728459e-17
1.8487059577695613e-16
9.8531155671463029e-17
-2.7575044154234595e-16
-6.7585787111296322e-16
-4.1158581624256169e-16
-3.2870659195109347e-16
-2.6865184786117045e-16
-4.0166889289705497e-16
5.7014868019937724e-16
3.3364103716940417e-16
-9.7257777877718230e-16
-2.2605761177542815e-15
-3.6812311537109814e-15
-5.2977177727528343e-15
-4.3694548717821802e-16
4.1497144195209864e-15
8.8328242573579485e-15
1.3499312925914470e-14
-1.0196289086992218e-15
-7.4307898207094173e-16
-9.0351719157144963e-16
-8.0461266106768141e-16
-8.5933083005151809e-16
-1.1526263131105628e-15
-1.2833355334999984e-15
-1.3718174256912058e-15
-5.1572276414634790e-16
-2.7687784292843370e-17
-1.2434245574848534e-15
-1.4372658088052662e-15
-1.9884852791389190e-15
-2.8551263211124889e-15
-1.1126047631733483e-15
9.5988645002824551e-16
2.8892400194070531e-15
4.9222057970054129e-15
6.5929537178509781e-15
8.4856454396232749e-15
1.0319292422143231e-14
-1.0144359885729525e-15
-1.1610700089572763e-14
-2.3187097204166677e-14
-3.4303498001905463e-14
-4.5293777197457606e-14
-5.6732675543577866e-14
-6.7922399211728140e-14
-1.1198095579016046e-15
-9.8816275102910866e-16
-8.1277286258913326e-16
-6.5817551048810640e-16
-6.4746319759883016e-16
-8.9873192022038561e-16
-4.4973040638888531e-16
-6.3892124331515404e-16
-7.7413656458454771e-16
-1.7600354987916350e-15
-2.0049448967377072e-15
-2.5933270925286069e-15
-3.2890618289175289e-15
-1.8973574373390749e-15
-8.8643437042028457e-16
-1.8233416915018806e-15
-3.2042378328660699e-15
-2.1877419756622428e-15
-2.0498674894032283e-15
-1.5647969906539089e-15
-1.8983600316306441e-15
-1.9713659173689709e-15
-2.0273940927016731e-15
-1.8493726790226970e-15
-2.1018440843930113e-15
-1.9910623778240759e-15
-1.9337192018689767e-15
-1.9084382940126059e-15
-2.1413838047993530e-15
-1.9854840907661773e-15
-1.8347412309711955e-15
-1.6731290552958629e-15
-2.5056307709948754e-15
-2.0065929029817791e-15
-1.4613505643569678e-15
-1.6572161377704649e-15
-7.7210593582623140e-16
-2.5308770232924849e-15
-2.3153899845138727e-15
-2.0582312848334798e-15
-2.4843694839845351e-15
-3.1131851585045241e-15
-2.4091559682202716e-15
-1.8620220664777280e-15
-2.1188542428881536e-15
-3.1826785309197871e-15
-3.7237970053564957e-15
-4.4997310296164725e-15
-2.1844362277332168e-15
-4.1948457523269334e-16
1.9863651251582274e-15
4.1518963899885262e-15
6.6258626607855298e-15
3.2510209015969993e-16
-5.9687601692459322e-15
2.7928049227308577e-16
6.6999028622538286e-15
6.3089470772559886e-16
7.1971091459934390e-16
8.9805587709118979e-16
3.2867152330835809e-16
2.8287197812675796e-16
2.1042232659134450e-16
3.0490641653442169e-16
9.0171901867299137e-16
6.6660973204148530e-16
4.7573056997614409e-16
3.9186026827780800e-16
6.9917319268927317e-16
-2.3745102165034210e-17
-2.6623722708770004e-16
-7.1292092200840830e-16
-1.9609862408713506e-16
1.5463626989344214e-17
4.2270732234270016e-16
5.1741246972135156e-16
2.2435036830594469e-16
-2.4227096330402288e-16
-1.3589523036283314e-16
7.3527549152784890e-17
1.8191516335572795e-16
1.3697066552474834e-16
-2.8108187564493341e-16
3.0456737593516237e-16
2.2898774647669778e-16
2.3747765847513487e-16
3.6524880864764805e-16
-1.7177200122757635e-16
5.4762344312600207e-17
-4.4297389787905483e-16
-3.4581320035441746e-16
-3.0496874119618715e-16
-8.4249017902419215e-17
-1.3792212512211099e-15
-1.8938883533994182e-15
-9.7836500087523770e-16
-1.0690424108714657e-17
-7.3630753465783432e-16
-1.1787059268253521e-15
-1.0576738262122141e-15
-7.6015332562863352e-16
-5.5337573043239587e-16
-6.3944221463284568e-16
-8.8445284226464876e-16
-6.9343712787002281e-16
-1.1184501161706684e-15
-6.7093095844658779e-16
-1.0135673641767482e-15
-5.0878224770729642e-16
-1.1639883499891696e-15
-1.6323714251524275e-15
-1.9227965152002849e-15
-1.3297803357149030e-15
-9.1589843163741121e-16
-1.3871711831613463e-15
-1.6024621979795545e-15
-1.4311006381389211e-15
-1.1220019066214359e-15
-1.3282872170623073e-15
-1.2215591106745311e-15
-1.3446174973871907e-15
-1.4125592967275543e-15
-1.4568380242643702e-15
-1.2744389002033506e-15
-1.3636225090158337e-15
-8.5735885351179024e-16
-7.4523343045477649e-16
-8.4841795936583803e-16
-1.6626594052902203e-15
-2.0329247373256221e-15
-2.3282621277010843e-15
-3.1691625257688293e-15
-3.7811187183176212e-15
-2.3903728061028423e-15
-1.0566845839582800e-15
-2.2190661767621037e-15
-3.3094876721533849e-15
-2.1936307166448400e-15
-1.1169382008077627e-15
-2.1697137925285544e-15
-1.9076955609957364e-15
-2.0227855546409581e-15
-2.2871096109272589e-15
