0.0000000000000000e+00
-5.8022706893795352e-05
-1.1604878048616460e-04
-1.7407822129897267e-04
-2.3211102972360028e-04
-2.9014720614977725e-04
-3.4814634145380861e-04
-4.0614884085304323e-04
-8.4784779809081619e-04
-1.6046962302634557e-03
-2.3961780052470616e-03
-2.3381658123421902e-03
-2.2801569846570145e-03
-2.2221515218002080e-03
-2.1640926417581660e-03
-2.1060371323540642e-03
-2.0480438612773288e-03
-1.9900194710331786e-03
-1.9319984474246261e-03
-1.8739706905467502e-03
-1.8159463006941329e-03
-1.7579252774760044e-03
-1.6998975198142838e-03
-1.6418731291780535e-03
-1.5838521051765766e-03
-1.5258344474192098e-03
-1.4677999588331913e-03
-1.4097688380536369e-03
-1.3517410846897188e-03
-1.2937166983503167e-03
-9.3921159310742615e-04
-9.9706083118916928e-04
-1.0549134159979487e-03
-1.1131096118801760e-03
-1.1711340020418221e-03
-1.2291617592284313e-03
-1.2871928838306698e-03
-1.3452071727382377e-03
-1.4032315629887203e-03
-1.4612593202644663e-03
-1.5192803434756004e-03
-1.5773047333213657e-03
-1.6353324901905984e-03
-1.6933636144771053e-03
-1.7513779044447462e-03
-1.8093955602659943e-03
-1.8674165823300867e-03
-1.9254409710291341e-03
-1.9834687267531251e-03
-2.0414998498923748e-03
-2.0995343408390888e-03
-2.0414998553059602e-03
-1.9834687375785091e-03
-1.9254409872662120e-03
-1.8674166039784352e-03
-1.8093955873244958e-03
-1.7513779369127238e-03
-1.6933636523541070e-03
-1.6353291239544106e-03
-1.5773047337193432e-03
-1.5192803434763993e-03
-1.4612593198674911e-03
-1.4032315629866343e-03
-1.3452071731312278e-03
-1.2871861499102726e-03
-1.2291684929326735e-03
-1.1711340020054333e-03
-1.1131028788837530e-03
-1.0550751231783615e-03
-9.9705073449820659e-04
-9.3902971245253758e-04
-9.9699206432527572e-04
-1.0549577760270378e-03
-1.1130408448460874e-03
-1.1711272875031976e-03
-1.2290896253516386e-03
-1.2871140155873853e-03
-1.3451417728489986e-03
-1.4031627960746490e-03
-1.4611871859350465e-03
-1.5192115765652393e-03
-1.5772393342195939e-03
-1.6352603570509768e-03
-1.6932847465165996e-03
-1.7513125030081062e-03
-1.8093436269148904e-03
-1.8673781186292738e-03
-1.9253823082518097e-03
-1.9833898625550342e-03
-2.0414007819305763e-03
-2.0994554789747818e-03
-2.0414310883945393e-03
-1.9834100644483691e-03
-1.9253924067460094e-03
-1.8673781148984751e-03
-1.8093335277632708e-03
-1.7513091375362469e-03
-1.6932881139424681e-03
-1.6352603570517175e-03
-1.5772359671865578e-03
-1.5192115765645961e-03
-1.4611905525776341e-03
-1.4031627960756714e-03
-1.3451384065984147e-03
-1.2871173837565829e-03
-1.2290997271576874e-03
-1.1710652350944678e-03
-1.1130341108384516e-03
-1.0550063539986557e-03
-9.9698196418324678e-04
-9.3896094100175652e-04
-9.9693557095287852e-04
-1.0549135621577283e-03
-1.1129843514711985e-03
-1.1710585131971805e-03
-1.2290331319751791e-03
-1.2870575222142626e-03
-1.3450852794785638e-03
-1.4031063027015813e-03
-1.4611306925601884e-03
-1.5191550831923052e-03
-1.5771828408481774e-03
-1.6352038636781351e-03
-1.6932282531420936e-03
-1.7512560096317545e-03
-1.8092871335378686e-03
-1.8673216252496341e-03
-1.9253258148771977e-03
-1.9833333691854820e-03
-2.0413442885662096e-03
-2.0993989855992456e-03
-2.0413745950195444e-03
-1.9833535710743122e-03
-1.9253359133721594e-03
-1.8673216215231621e-03
-1.8092770343891831e-03
-1.7512526441601142e-03
-1.6932316205667817e-03
-1.6352038636759613e-03
-1.5771794738109646e-03
-1.5191550831905112e-03
-1.4611340592036596e-03
-1.4031063027000513e-03
-1.3450819132216612e-03
-1.2870608903785652e-03
-1.2290432337790566e-03
-1.1710087417195472e-03
-1.1129776174660772e-03
-1.0549498606293340e-03
-9.9692547081736802e-04
-9.3890444763936704e-04
-9.9688918302463054e-04
-1.0548772808337155e-03
-1.1129379635412889e-03
-1.1710020174880338e-03
-1.2289867440445487e-03
-1.2870111342855864e-03
-1.3450388915510387e-03
-1.4030599147732753e-03
-1.4610843046300114e-03
-1.5191086952622518e-03
-1.5771364529195554e-03
-1.6351574757480401e-03
-1.6931818652120860e-03
-1.7512096217005841e-03
-1.8092407456040706e-03
-1.8672752373153291e-03
-1.9252794269481880e-03
-1.9832869812623720e-03
-2.0412979006480684e-03
-2.0993525976696387e-03
-2.0413282070892921e-03
-1.9833071831434740e-03
-1.9252895254414358e-03
-1.8672752335924835e-03
-1.8092306464600502e-03
-1.7512062562324254e-03
-1.6931852326388061e-03
-1.6351574757479180e-03
-1.5771330858824770e-03
-1.5191086952614143e-03
-1.4610876712760645e-03
-1.4030599147723216e-03
-1.3450355252937560e-03
-1.2870145024497287e-03
-1.2289968458491637e-03
-1.1709623537908764e-03
-1.1129312295401921e-03
-1.0549034727050986e-03
-9.9687908289501268e-04
-9.3885805971998481e-04
-9.9685109265850846e-04
-1.0548474889835356e-03
-1.1128998731746761e-03
-1.1709556276414995e-03
-1.2289486536760652e-03
-1.2869450430977800e-03
-1.3449974341504050e-03
-1.4030218244067329e-03
-1.4610495816896588e-03
-1.5190706048940131e-03
