0.0000000000000000e+00
-3.0400873532949595e-17
-2.8150456241461488e-16
-3.6582843453062762e-16
-5.5492805422902652e-17
-7.5070734807564675e-19
-1.6570883098532452e-16
-4.1767183653062219e-16
-4.0306927570304893e-17
-5.5531409866810307e-17
-5.8649262273947935e-16
-4.3135383682951122e-16
-5.6292624991782677e-16
-4.6185394458864442e-16
-4.2713180047217321e-16
-5.3000721722986683e-16
-9.3224370399032930e-16
-3.7125372319937833e-16
-4.3684504011976717e-16
-8.9115067083342718e-16
-9.8794676531041302e-16
-9.5585770173574774e-16
-4.3402945493855658e-16
7.4266484490534422e-16
1.4367254454377456e-15
2.2505667764205807e-15
-8.4755734321434628e-16
-3.9365048423946526e-15
-7.1524202404245503e-15
-9.9146471613665122e-15
-6.3296424247590687e-16
-9.8607366125707904e-16
-6.9104572973710711e-16
-7.8391018210054314e-16
-3.4953267452963345e-16
2.7322950619253118e-16
5.6793862729525496e-16
-8.4379018313719028e-16
-5.7438178166258910e-16
-8.7937715868151309e-16
-7.0598367576667440e-16
-1.1117009567464480e-15
-8.8985957327966250e-16
-5.1133700457135674e-16
-8.3246546596652611e-16
-2.6363115438636388e-16
-2.7344618488348784e-16
-1.3247493938885438e-16
2.3497966947234148e-16
5.3873842558520477e-16
5.0493307827803856e-16
-8.6942585938326052e-16
-2.0844145299001435e-15
-3.5988991856918550e-15
-4.8011692498013475e-15
-5.7653930952820302e-15
-7.1222051701829095e-15
-8.9518537459980990e-15
-6.0530837303089783e-16
-4.6856636037788400e-16
-1.0684476283033366e-15
-1.2739022822743750e-15
-4.1313820987741897e-16
-4.9179915357087323e-16
-1.7706535907323172e-16
8.5601457234511312e-18
-4.7661034888668090e-16
-8.9730653126581806e-16
-1.9860889303006448e-15
-2.3114584061123327e-15
-3.1794892377834121e-15
-2.2759138194679449e-16
2.8599213700899576e-15
-1.3518972991826835e-16
-3.1954709195097246e-15
-3.2011650041586252e-16
-6.0927617668198734e-16
-8.7886898170764997e-16
-7.6903216114334709e-16
-1.0169637937517686e-16
-9.0965447752556765e-16
-1.1529670888744754e-15
-3.3403746123880361e-16
2.8834123857357278e-16
1.1030689138649388e-15
1.8836397213087349e-15
2.3640477472875261e-15
-5.3707063120205940e-16
-3.0205676129300291e-15
-5.9859635361892111e-15
-9.6687941518978135e-16
-1.0236482694780037e-15
-7.2832673834797749e-16
-8.4293216721950106e-16
-9.4357133468790022e-16
-2.9189125545628313e-16
-5.0433558422979825e-16
-7.5054535977894469e-16
-7.0069943993782251e-16
-1.0315854894449988e-15
-6.1912281844179715e-16
-3.8903424796615034e-16
-7.3190002580627986e-16
-9.8567788503330478e-16
-1.7333091989022491e-15
-1.7898717000043061e-15
-1.6462556644711848e-16
8.7862195040310271e-16
2.2856916204481897e-15
4.0265256318085634e-15
5.8116680466822470e-15
-1.8465632086455649e-15
-9.4722619957493329e-15
-1.7366505036943429e-15
6.0017692571816570e-15
-1.7732790347850962e-15
-2.1492629080521565e-15
-2.0475138700022503e-15
-1.7101865385480817e-15
-1.6076388665307509e-15
-1.9036539964409130e-15
-2.3677150537587600e-15
-2.2037071310034971e-15
-1.8663892152932512e-15
-1.1507498552597098e-15
-1.2996106605409680e-15
-8.4572206266702482e-16
-2.0280322655462975e-15
-2.7477821522125697e-15
-3.6802012982923282e-15
-2.1237489845157941e-15
-1.8179203074138652e-15
-1.9714585073733091e-15
-1.9385689624307878e-15
-1.8179989735177782e-15
-2.0786659239880881e-15
-1.9878657377911012e-15
-2.3647986945808525e-15
-1.6057600574114607e-15
-1.7170843206529990e-15
-1.3664665661785889e-15
-1.8014351233807017e-15
-1.6800905517578842e-15
-1.3859885090615053e-15
-1.2618400106019948e-15
-1.2875383835466322e-15
-1.6628567546549934e-15
-2.0174996804538496e-15
-2.3972313105240382e-15
-2.4064222815368168e-15
-2.4671509995930090e-15
-1.3826489983678112e-15
2.8571773943825387e-16
-1.0480398007302882e-15
-2.6427456767585293e-15
-1.3173385180382931e-15
-1.6267631425420270e-15
-1.4333108903504817e-15
-1.3481137750959817e-15
-1.6488457299298615e-15
-9.6899589955670052e-16
-7.4009025509085145e-16
-1.3853418195617507e-15
-1.9540220105002449e-15
-2.5881173777708870e-15
-2.6863368103985349e-15
-3.1170441529063859e-15
-1.7083223035310677e-15
-5.6240265982363618e-16
9.7838059091521140e-16
-1.5691785631015010e-15
-1.3470786988078646e-15
-1.2294001097988052e-15
-4.9351169456751253e-16
-5.5773552323925426e-16
-1.6898783399968089e-15
-1.6600675835729978e-15
-1.8754457176131500e-15
-1.7752655686543849e-15
-1.8347529226255547e-15
-1.9706603025921759e-15
-2.4900599672704285e-15
-1.8366839589519681e-15
-1.7267132613559010e-15
-9.8069072058291361e-16
-8.2514169422511759e-17
-2.0270247455553008e-15
-3.6980291534819989e-15
-5.5820446263348365e-15
-7.1042634003335345e-15
-9.0318088934362116e-15
-8.7867727211749279e-16
6.8710104491873608e-15
-9.6754415930283429e-16
-9.3071302399867749e-15
-9.4891935893597294e-16
6.9723586808610920e-15
-1.1926610158568699e-15
-7.4227437272594074e-16
-7.1422154291938756e-16
-9.4512993245509217e-16
