0.0000000000000000e+00
-2.3463537240147922e-29
-3.8947732352624943e-29
-4.1058701018403533e-28
1.7762734852639472e-29
4.8472619293799331e-16
7.0385319374527251e-17
2.9748336286504422e-17
4.4408920985008904e-16
2.0318491543968416e-17
-2.7755575615633795e-16
-7.2310376806489015e-16
-2.7901455821483236e-16
1.2988199194794347e-16
-4.9561483973925652e-16
-4.5497785665124842e-16
-2.2204460492521896e-16
5.6600015911380707e-16
9.2482988144600009e-16
-1.5710360895124425e-16
-9.1540003670334637e-16
-9.7489670927687283e-16
-4.4622504429649483e-17
1.4556373808750225e-15
2.2491264683190247e-15
3.0520454005108924e-15
4.1035535222115909e-16
-2.4588236243696687e-15
-4.9597430338474914e-15
-8.0658407833988214e-15
6.8246678497973003e-16
3.9946670542034045e-16
2.1805908358332886e-16
1.4874168143630285e-17
4.8472619293834830e-16
5.3080749942740876e-16
2.5723726461334438e-16
-2.1261476018165783e-16
-4.6081306488523725e-17
5.4443234002196169e-18
5.4568166757043317e-16
7.5829642775291055e-16
8.8565170041811836e-16
1.1131406287453959e-15
3.4142883490546825e-16
9.3621415035920717e-17
-3.2071945852524772e-16
-1.0884457310151367e-15
-1.2956161677911585e-15
-2.2095574024281265e-15
-2.4424906541462551e-15
-4.1832639490534669e-16
2.1569638553759655e-15
5.6204325254468834e-15
8.0222861967575390e-15
1.0864243556689386e-14
1.4005533966530081e-14
1.7272720847136008e-14
-1.3532631534815271e-16
2.0318491544001708e-16
3.1420721790210443e-16
1.1248110452083029e-16
-3.8711925656016399e-16
-5.2934869736747684e-16
-1.2767564783186226e-15
-1.5488679110739078e-15
-7.4740778095036327e-16
1.5020048349516267e-16
4.2085311419302395e-16
1.1573722483484823e-15
1.9276252401428814e-15
-9.8179983472832314e-16
-4.0225657035966222e-15
-1.0169924944192153e-15
1.3670694044109434e-15
-1.4367776913837666e-15
-9.8179983473295257e-16
-9.9122967947711459e-16
-1.4814001958151877e-15
-8.1925190238218747e-16
-4.6081306486757977e-17
-2.9933304975762793e-16
-1.1131406287406385e-15
-1.2593555908909496e-15
-1.9661263887546787e-15
-2.3304004344884581e-15
-2.7189784931076960e-15
-1.6980004773404360e-15
6.0663714220016171e-16
1.7738301201074206e-15
-1.4150003977833806e-15
-1.2430226206893305e-15
-1.8551040862920190e-15
-1.7847187669172741e-15
-2.6852446354777170e-15
-1.4610817042711313e-15
-1.9309337290660937e-15
-1.9106152375225129e-15
-5.6600015911159737e-16
-5.1048900787876833e-16
-3.4794107552860045e-16
-9.8432655401787191e-16
-7.6228194909220991e-16
-1.4077063874304092e-16
3.1965154131257747e-16
4.2522952038151877e-16
-1.7818011627968405e-15
-2.9544384641155696e-15
-4.7620024418516577e-15
-6.1606698693962461e-15
-7.6812482461197157e-15
-2.6565642164184054e-15
1.6613490156451297e-15
-2.6322602035318493e-15
-7.4809809349108628e-15
-2.2625418343981993e-15
-3.1670532243005220e-15
-3.3742236610819712e-15
-3.2280086989319825e-15
-3.5516457615765910e-15
-3.6423495724956070e-15
-3.6572237406396999e-15
-3.5055644550885616e-15
-3.4703717954009828e-15
-2.9653271109180512e-15
-2.9301344512309758e-15
-2.5306677458105682e-15
-2.7175196910494486e-15
-3.1764830690440613e-15
-3.2468683884204848e-15
-3.1412904093555536e-15
-2.7363793805345430e-15
-3.1913572371860041e-15
-2.7215052123913376e-15
-2.6268158801306901e-15
-3.7628017197007125e-15
-3.7424832281567731e-15
-3.5189798211736652e-15
-3.7519130728989811e-15
-3.7628017197003023e-15
-4.0106091395698145e-15
-3.3945421526258976e-15
-3.6775422321826604e-15
-3.5476602402341490e-15
-3.5937415467224348e-15
-2.7650597995956808e-15
-3.7141936939287993e-15
-4.0051648161714337e-15
-4.9082174040160889e-15
-5.2641295222318270e-15
-5.6566931021921532e-15
-3.5610756063173447e-15
-1.8446063243172070e-15
-3.6126012362078401e-15
-5.8043668664000915e-15
-3.5868384212636881e-15
-3.7087493705275100e-15
-3.6735567108400488e-15
-3.7940088580452655e-15
-3.2131345307884481e-15
-3.2835198501623959e-15
-3.6884308789828701e-15
-3.6274754043515851e-15
-3.6274754043520576e-15
-3.3702381397407587e-15
-3.5015789337472536e-15
-3.0669195686409495e-15
-3.8400901645339737e-15
-4.9314534996728865e-15
-5.6897499274253077e-15
-3.2334530223317584e-15
-3.2334530223318476e-15
-3.1779418711002801e-15
-3.2889641735623504e-15
-3.5922827446631836e-15
-3.5164531018890998e-15
-3.7994531814460097e-15
-3.4054307994271415e-15
-3.4609419506578227e-15
-3.7588161983576773e-15
-3.4297348123130468e-15
-3.0168527408100967e-15
-3.7588161983581104e-15
-3.9104754839084954e-15
-3.7588161983569003e-15
-3.8901569923629009e-15
-3.1427492114138393e-15
-2.9018449170157681e-15
-1.8863112246765775e-15
-1.1240292756302277e-15
-2.3585085604248005e-16
-1.7901630903205498e-15
-2.3438158006152230e-15
-1.8511185649525842e-15
-8.1128085979976470e-16
-1.3961407083003520e-15
-1.8496597629280330e-15
-8.6134768753220634e-16
-1.4828589978762793e-15
-1.7713034008334793e-15
-1.5695772874533770e-15
