0.0000000000000000e+00
0.0000000000000000e+00
0.0000000000000000e+00
0.0000000000000000e+00
0.0000000000000000e+00
0.0000000000000000e+00
0.0000000000000000e+00
0.0000000000000000e+00
4.6588607281035718e-04
1.2953430284443168e-03
2.1574376422722249e-03
2.1574376422722249e-03
2.1574376422722249e-03
2.1574376422722249e-03
2.1574376422722249e-03
2.1574376422722249e-03
2.1574376422722249e-03
2.1574376422722249e-03
2.1574376422722249e-03
2.1574376422722249e-03
2.1574376422722249e-03
2.1574376422722249e-03
2.1574376422722249e-03
2.1574376422722249e-03
2.1574376422722249e-03
2.1574376422722249e-03
2.1574376422722249e-03
2.1574376422722249e-03
2.1574376422722249e-03
2.1574376422722249e-03
2.5431879046165580e-03
2.5431879046165580e-03
2.5431879046165580e-03
2.5431879046165580e-03
2.5431879046165580e-03
2.5431879046165580e-03
2.5431879046165580e-03
2.5431879046165580e-03
2.5431879046165580e-03
2.5431879046165580e-03
2.5431879046165580e-03
2.5431879046165580e-03
2.5431879046165580e-03
2.5431879046165580e-03
2.5431879046165580e-03
2.5431879046165580e-03
2.5431879046165580e-03
2.5431879046165580e-03
2.5431879046165580e-03
2.5431879046165580e-03
2.5431879046165580e-03
2.5431879046165580e-03
2.5431879046165580e-03
2.5431879046165580e-03
2.5431879046165580e-03
2.5431879046165580e-03
2.5431879046165580e-03
2.5431879046165580e-03
2.5431879046165580e-03
2.5431879046165580e-03
2.5431879046165580e-03
2.5431879046165580e-03
2.5431879046165580e-03
2.5431879046165580e-03
2.5431879046165580e-03
2.5431879046165580e-03
2.5431879046165580e-03
2.5431879046165580e-03
2.5431879046165580e-03
2.5431879046165580e-03
2.5432773174435346e-03
2.5432773174435346e-03
2.5432773174435346e-03
2.5432773174435346e-03
2.5432773174435346e-03
2.5432773174435346e-03
2.5432773174435346e-03
2.5432773174435346e-03
2.5432773174435346e-03
2.5432773174435346e-03
2.5432773174435346e-03
2.5432773174435346e-03
2.5432773174435346e-03
2.5432773174435346e-03
2.5432773174435346e-03
2.5432773174435346e-03
2.5432773174435346e-03
2.5432773174435346e-03
2.5432773174435346e-03
2.5432773174435346e-03
2.5432773174435346e-03
2.5432773174435346e-03
2.5432773174435346e-03
2.5432773174435346e-03
2.5432773174435346e-03
2.5432773174435346e-03
2.5432773174435346e-03
2.5432773174435346e-03
2.5432773174435346e-03
2.5432773174435346e-03
2.5432773174435346e-03
2.5432773174435346e-03
2.5432773174435346e-03
2.5432773174435346e-03
2.5432773174435346e-03
2.5432773174435346e-03
2.5432773174435346e-03
2.5432773174435346e-03
2.5432773174435346e-03
2.5432773174435346e-03
2.5433507710471391e-03
2.5433507710471391e-03
2.5433507710471391e-03
2.5433507710471391e-03
2.5433507710471391e-03
2.5433507710471391e-03
2.5433507710471391e-03
2.5433507710471391e-03
2.5433507710471391e-03
2.5433507710471391e-03
2.5433507710471391e-03
2.5433507710471391e-03
2.5433507710471391e-03
2.5433507710471391e-03
2.5433507710471391e-03
2.5433507710471391e-03
2.5433507710471391e-03
2.5433507710471391e-03
2.5433507710471391e-03
2.5433507710471391e-03
2.5433507710471391e-03
2.5433507710471391e-03
2.5433507710471391e-03
2.5433507710471391e-03
2.5433507710471391e-03
2.5433507710471391e-03
2.5433507710471391e-03
2.5433507710471391e-03
2.5433507710471391e-03
2.5433507710471391e-03
2.5433507710471391e-03
2.5433507710471391e-03
2.5433507710471391e-03
2.5433507710471391e-03
2.5433507710471391e-03
2.5433507710471391e-03
2.5433507710471391e-03
2.5433507710471391e-03
2.5433507710471391e-03
2.5433507710471391e-03
2.5434110848433101e-03
2.5434110848433101e-03
2.5434110848433101e-03
2.5434110848433101e-03
2.5434110848433101e-03
2.5434110848433101e-03
2.5434110848433101e-03
2.5434110848433101e-03
2.5434110848433101e-03
2.5434110848433101e-03
2.5434110848433101e-03
2.5434110848433101e-03
2.5434110848433101e-03
2.5434110848433101e-03
2.5434110848433101e-03
2.5434110848433101e-03
2.5434110848433101e-03
2.5434110848433101e-03
2.5434110848433101e-03
2.5434110848433101e-03
2.5434110848433101e-03
2.5434110848433101e-03
2.5434110848433101e-03
2.5434110848433101e-03
2.5434110848433101e-03
2.5434110848433101e-03
2.5434110848433101e-03
2.5434110848433101e-03
2.5434110848433101e-03
2.5434110848433101e-03
2.5434110848433101e-03
2.5434110848433101e-03
2.5434110848433101e-03
2.5434110848433101e-03
2.5434110848433101e-03
2.5434110848433101e-03
2.5434110848433101e-03
2.5434110848433101e-03
2.5434110848433101e-03
2.5434110848433101e-03
2.5434606097644663e-03
2.5434606097644663e-03
2.5434606097644663e-03
2.5434606097644663e-03
2.5434606097644663e-03
2.5434606097644663e-03
2.5434606097644663e-03
2.5434606097644663e-03
2.5434606097644663e-03
2.5434606097644663e-03
2.5434606097644663e-03
