0.0000000000000000e+00
1.3214046852326632e+01
2.6433333333301277e+01
3.9648912754089849e+01
5.2860785895542321e+01
6.6068953538840859e+01
7.9300000000669243e+01
9.2527337997707008e+01
1.1076521177398514e+02
1.2949279536362056e+02
1.4663164999950524e+02
1.3341239740214937e+02
1.2018943788979531e+02
1.0696277068057147e+02
9.3762397355847952e+01
8.0558319142811925e+01
6.7329064022209195e+01
5.4112397355468360e+01
4.0892023667264361e+01
2.7679064021458473e+01
1.4462398136327913e+01
1.2420252302916528e+00
-1.1970935978407702e+01
-2.5187603427087524e+01
-3.8407977897148463e+01
-5.1632060170004806e+01
-6.4837602644871325e+01
-7.8046849795760991e+01
-9.1259802403259712e+01
-1.0447646124813191e+02
-1.2546661487803451e+02
-1.1223108099579092e+02
-9.8999246893497073e+01
-8.5797747703659283e+01
-7.2581081020680756e+01
-5.9368120577386208e+01
-4.6158865593243661e+01
-3.2931081016952987e+01
-1.9714414350195398e+01
-6.5014539232288575e+00
6.7189189832455343e+00
1.9935584868914546e+01
3.3148544515367661e+01
4.6357798702875392e+01
5.9585585650195355e+01
7.2809664014126412e+01
8.6030034576455989e+01
9.9246698118789169e+01
1.1245965542217128e+02
1.2566890726766017e+02
1.3887445443572497e+02
1.2566891906614380e+02
1.1245967902289182e+02
9.9246733525269946e+01
8.6030081792096922e+01
7.2809723042642631e+01
5.9585656495470531e+01
4.6357881368229023e+01
3.3152252317190658e+01
1.9935585650566392e+01
6.7189189837630128e+00
-6.5014547037167887e+00
-1.9714414349443267e+01
-3.2931080234652988e+01
-4.6151453140520992e+01
-5.9375533848656609e+01
-7.2581081016055833e+01
-8.5790332860810167e+01
-9.9003290163660395e+01
-1.1221995370540192e+02
-1.2544032426716545e+02
-1.1223287544177037e+02
-9.9029126264539912e+01
-8.5799542127303766e+01
-7.2573671607772127e+01
-5.9366208791580455e+01
-4.6149542118810487e+01
-3.2936581686125137e+01
-1.9716208783072112e+01
-6.4995429005097165e+00
6.7171245503487746e+00
1.9930085761177814e+01
3.3150457883633450e+01
4.6367122985690187e+01
5.9580081848234606e+01
7.2789335252460432e+01
8.5994883978693878e+01
9.9233791217004253e+01
1.1246898752728076e+02
1.2570047369217957e+02
1.3888379121692188e+02
1.2566712463287610e+02
1.1244675102766087e+02
9.9222669620049714e+01
8.5994879627654129e+01
7.2800457884021313e+01
5.9583791216824281e+01
4.6363417529006277e+01
3.3150457883584473e+01
1.9933791998200839e+01
6.7171245503781414e+00
-6.5032499187768398e+00
-1.9716208782996855e+01
-3.2932873886415734e+01
-4.6153246010476657e+01
-5.9377325936437565e+01
-7.2582875449943614e+01
-8.5792129641538352e+01
-9.9005089291994963e+01
-1.1222175518162334e+02
-1.2544212809180515e+02
-1.1223434949900070e+02
-9.9030271454371515e+01
-8.5801016181397458e+01
-7.2575473625015789e+01
-5.9367682845927995e+01
-4.6151016175373570e+01
-3.2938055744300755e+01
-1.9717682839944548e+01
-6.5010169565984759e+00
6.7156504930886554e+00
1.9928611703118339e+01
3.3148983826567196e+01
4.6365648929317466e+01
5.9578607792923123e+01
7.2787861197862554e+01
8.5993409925371168e+01
9.9232317160380234e+01
1.1246751346738340e+02
1.2569899962893632e+02
1.3888231716050743e+02
1.2566565057632863e+02
1.1244527697114412e+02
9.9221195563534877e+01
8.5993405571691255e+01
7.2798983827200246e+01
5.9582317160593490e+01
4.6361943472813010e+01
3.3148983827155021e+01
1.9932317941810247e+01
6.7156504936884822e+00
-6.5047239752079014e+00
-1.9717682839244972e+01
-3.2934347942618317e+01
-4.6154720066587245e+01
-5.9378799992588696e+01
-7.2584349506181113e+01
-8.5793603697642695e+01
-9.9006563348079425e+01
-1.1222322923786132e+02
-1.2544360214823442e+02
-1.1223555980725628e+02
-9.9031218752413068e+01
-8.5802226487271270e+01
-7.2576946199230349e+01
-5.9368893152486898e+01
-4.6152226482926167e+01
-3.2939266052842612e+01
-1.9718893147949217e+01
-6.5022272636280913e+00
6.7144401854076534e+00
1.9927401394578148e+01
3.3147773518713841e+01
4.6364438622099527e+01
5.9577397486450998e+01
7.2786650892369636e+01
8.5992199620514228e+01
9.9231106852148201e+01
1.1246630315562182e+02
1.2569778931397727e+02
1.3888110685272522e+02
1.2566444026837813e+02
1.1244406666299925e+02
9.9219985255324815e+01
8.5992195263086714e+01
7.2797773518979852e+01
5.9581106852021087e+01
4.6360733164209094e+01
3.3147773518667258e+01
1.9931107633513367e+01
6.7144401853765299e+00
-6.5059342840766732e+00
-1.9718893148048252e+01
-3.2935558251104858e+01
-4.6155930374499782e+01
-5.9380010300188232e+01
-7.2585559814744968e+01
-8.5794814007672741e+01
-9.9007773659121028e+01
-1.1222443955013692e+02
-1.2544481246184642e+02
-1.1223655357652012e+02
-9.9031996583968422e+01
-8.5803220255095127e+01
-7.2578155296019176e+01
-5.9369886920358397e+01
-4.6165320439852721e+01
-3.2936553588147561e+01
-1.9719886917696655e+01
-6.5069264873206265e+00
6.7134464162170779e+00
