0.0000000000000000e+00
3.5419977491288839e-12
-2.4120601364856318e-11
-5.0833007407917745e-11
2.3253239728782573e-11
-7.7811170075032937e-12
3.9847744085392401e-11
-4.1141067002455681e-11
-1.3899763344726225e-11
-2.2264775708002110e-11
8.1848053660887238e-12
4.2339883696193903e-11
1.2093622462565748e-11
-1.3479520350378165e-11
-1.4161290661043704e-11
-5.7123291262631692e-11
-1.3899651923610117e-11
-1.1666091279637459e-11
-1.3870592108272866e-10
-1.8963524293422525e-11
3.2969309461939800e-11
6.9649280760041798e-11
4.7060537008499780e-12
-1.5922658185013845e-10
-2.5671672075478332e-10
-4.1529648146482849e-10
-8.6533589447643349e-11
3.8126665311749875e-10
7.2545075374688875e-10
1.1064954843307988e-09
-1.9949639505080855e-11
-1.2570040895689829e-10
-1.3259115624268414e-10
8.6420660217372861e-12
2.8262536250686405e-11
7.5809956066946385e-11
1.6036490144413142e-10
-3.2627669774420067e-11
-6.1103778378288835e-12
6.9583782150651852e-11
-3.2924190951726247e-11
-1.6956836897227135e-10
-2.2187907583874848e-10
-2.9312785903140354e-10
-8.4306758682612984e-11
2.1347760937470489e-10
4.1157733891999854e-10
6.9081886592204800e-10
8.8997021328728801e-10
1.1014675986987322e-09
1.3841558795448794e-09
-8.2281141361518142e-11
-1.5296599651632013e-09
-3.0321759955148308e-09
-4.4412019580141374e-09
-5.9430600751966212e-09
-7.3880465241820938e-09
-8.8438436252514181e-09
-6.0670109716200362e-11
-2.9432951074189241e-11
-9.2152444445296115e-11
-1.0663218461720519e-10
1.0284934900156846e-11
-8.8088053100636797e-12
9.9134778391249298e-11
1.9031856433031469e-10
-7.9517529300200455e-11
-4.0244141146971661e-10
-7.2802838113227526e-10
-1.0227005491392431e-09
-1.3650658212983178e-09
-1.6804538115418842e-10
1.0650472406010638e-09
-2.3597261335883621e-10
-1.4312618692123590e-09
-1.9084322485818268e-10
-2.4454663223499164e-10
-2.3700582626105096e-10
-2.2225191812905687e-10
-1.4978260898801157e-10
-3.2480718286171626e-10
-3.6392393232967929e-10
-2.6870645978664297e-10
-1.7408685977172771e-10
-5.4756832780646398e-11
7.1170050425558176e-11
1.7778053556172751e-10
-1.8550608891317181e-10
-5.4762077266608225e-10
-8.8303277433889632e-10
-3.0079920229055492e-10
-2.3220874540853619e-10
-2.5576569659653281e-10
-3.2922236875746583e-10
-2.3530821722107310e-10
-2.5854857878446722e-10
-2.4391742930106263e-10
-1.8329577998657209e-10
-2.6999380980334136e-10
-3.8308685076400883e-10
-2.7854100562471309e-10
-1.8339503957158418e-10
-3.2621522760704749e-10
-4.4556108053010900e-10
-5.8077454060454837e-10
-6.8747025386097437e-10
-1.7687335142591057e-10
1.1605573184086458e-10
5.4123950991801076e-10
9.4825620389686112e-10
1.4661617751394738e-09
-1.0347982359272570e-10
-1.7166366703887855e-09
-1.3499956780283101e-10
1.4608893454270967e-09
-9.3623581222696022e-11
-1.1800635406458995e-10
-6.2542786669277602e-11
-7.3505515400762663e-11
-1.7062649346763801e-11
-9.9518212715695728e-11
-1.8303072592649694e-10
-1.5532779836522658e-10
-1.4766637708645367e-10
-1.6126407450969585e-10
-1.9810896952983914e-10
-1.6515021953764124e-10
-1.6256968365576596e-10
-1.9272779034760667e-10
-2.0518902975555990e-10
-2.8062885039288886e-10
-1.8005396052786096e-10
-1.0874353643893877e-10
-5.2227947708856026e-11
1.8021761715110701e-11
-2.1699040046340314e-10
-2.1069012077048285e-10
-3.0222456750435169e-10
-1.4256883293819239e-10
-1.6947905190487585e-10
-1.9544054179793517e-10
-2.4873985528596852e-10
-1.6532290746242654e-10
-1.5497714574740666e-10
-8.3943886284110126e-11
-1.1949808520453643e-10
-1.8004108638012299e-10
-3.0009232719716072e-10
-3.7454417032524984e-10
-4.7378803831693295e-10
-5.0094042859349040e-10
-2.0229025525832709e-10
1.1425514916670653e-10
-1.9318579466607454e-10
-5.0411297619665670e-10
-2.2433752166939744e-10
-2.2235792536058316e-10
-2.7232629990226674e-10
-2.1268665107497705e-10
-1.3887936215229891e-10
-1.5026415947343575e-10
-1.8948738605877939e-10
-1.8691605100357599e-10
-2.7980253334581587e-10
-2.9157531350689780e-10
-3.0940666849999685e-10
-3.2066206892174740e-10
-2.6796911623201215e-10
-1.3877010880539613e-10
-4.9212434474013285e-11
-2.2914731142532568e-10
-2.4653423092184942e-10
-2.9787752827707105e-10
-3.2739202353249181e-10
-3.6243801642389375e-10
-2.3681196506637545e-10
-2.3517732252286485e-10
-2.7199192786861486e-10
-3.0461749279492393e-10
-3.1219010018436999e-10
-3.3528463570114111e-10
-2.6912861713228428e-10
-2.6796445759996413e-10
-1.9065475000068524e-10
-1.8684445811990797e-10
-1.6608815931063945e-10
-2.9573802545698880e-10
-4.6646178756660697e-10
-6.1786507227941872e-10
-7.3657828890066889e-10
-8.9805326091784815e-10
-1.3176868538932965e-10
5.9791621290322674e-10
-1.0969546336007843e-10
-9.0440283062923577e-10
-1.1746201971589042e-10
5.4388330086293250e-10
-1.9881555863169966e-10
-5.9835849377833161e-11
-7.5819986820996644e-11
-1.8317780224102018e-10
