0.0000000000000000e+00
9.1481862823799744e+00
1.8299999999977818e+01
2.7449247291292977e+01
3.6595928696913901e+01
4.5740044757735525e+01
5.4900000000474414e+01
6.4057387844571082e+01
8.8269244996486236e+01
1.1397814222804047e+02
1.3488898235721027e+02
1.2573719209742019e+02
1.1658283551201431e+02
1.0742591205952726e+02
9.8287192065376487e+01
8.9145907148665657e+01
7.9987192065195330e+01
7.0837192065259501e+01
6.1684625665790271e+01
5.2537192064712983e+01
4.3387192605656843e+01
3.4234626747622393e+01
2.5087192064826588e+01
1.5937191523648734e+01
6.7846245829656509e+00
-2.3705092981279088e+00
-1.1512807934990535e+01
-2.0657671347594157e+01
-2.9805100076256853e+01
-3.8955094661658180e+01
-7.1356304954837881e+01
-6.2193243036361537e+01
-5.3032742504044862e+01
-4.3893243064908262e+01
-3.4743243053541342e+01
-2.5595808900484027e+01
-1.6450940065348338e+01
-7.2932430510673489e+00
1.8567569490218698e+00
1.1004191090776056e+01
2.0156756949192864e+01
2.9306756408526969e+01
3.8454190009937648e+01
4.7599058293608820e+01
5.6756756949327254e+01
6.5911888124365177e+01
7.5064452359758761e+01
8.4214450196637642e+01
9.3361882175869468e+01
1.0250674883798686e+02
1.1164905072353346e+02
1.0250675700648299e+02
9.3361898515398181e+01
8.4214474709898468e+01
7.5064485048849718e+01
6.5911928991983373e+01
5.6756805998282658e+01
4.7599115526092234e+01
3.8456756949587160e+01
2.9306756949661178e+01
2.0156756949572081e+01
1.1004190550518986e+01
1.8567569495438878e+00
-7.2932425094666815e+00
-1.6445808367493182e+01
-2.5600941165476137e+01
-3.4743243050469069e+01
-4.3888109712081373e+01
-5.3035541690935027e+01
-6.2185539527409119e+01
-7.1342244762048381e+01
-6.2198626344934681e+01
-5.3057569222728176e+01
-4.3898626358013800e+01
-3.4742254459498206e+01
-2.5598626356431812e+01
-1.6448626352131502e+01
-7.3011922064397066e+00
1.8513736494427717e+00
1.1001373106705776e+01
2.0151373649732935e+01
2.9298808334116309e+01
3.8451373649534176e+01
4.7601372566322851e+01
5.6748805624895979e+01
6.5893673366224832e+01
7.5035976330478974e+01
8.4201373649470199e+01
9.3364201864640478e+01
1.0252446151749137e+02
1.1165137364949379e+02
1.0250137370672309e+02
9.3348807364554460e+01
8.4193674082373278e+01
7.5035973318264226e+01
6.5901373649788439e+01
5.6751373649347165e+01
4.7598807250094936e+01
3.8451373649630341e+01
2.9301374190527330e+01
2.0151373649752642e+01
1.0998806709456117e+01
1.8513736496465041e+00
-7.2986252680070187e+00
-1.6451190584591988e+01
-2.5606322840965163e+01
-3.4748626350660345e+01
-4.3893494637333916e+01
-5.3040928241781202e+01
-6.2190927704052221e+01
-7.1346895235048152e+01
-6.2203048516160351e+01
-5.3061763715373203e+01
-4.3903048527065039e+01
-3.4746903681115789e+01
-2.5603048525536646e+01
-1.6453048522987750e+01
-7.3056143784283298e+00
1.8469514784567078e+00
1.0996950936106797e+01
2.0146951478183574e+01
2.9294386162047946e+01
3.8446951478305657e+01
4.7596950395599848e+01
5.6744383455098806e+01
6.5889251196985498e+01
7.5031554162246792e+01
8.4196951478762060e+01
9.3359779691230344e+01
1.0252003934152506e+02
1.1164695147878334e+02
1.0249695153595411e+02
9.3344385193831585e+01
8.4189251911714621e+01
7.5031551148145525e+01
6.5896951478703357e+01
5.6746951478748024e+01
4.7594385079550662e+01
3.8446951478673789e+01
2.9296952019587209e+01
2.0146951478540778e+01
1.0994384538632730e+01
1.8469514788733308e+00
-7.3030474388262103e+00
-1.6455612755439297e+01
-2.5610745011771161e+01
-3.4753048521327749e+01
-4.3897916807770123e+01
-5.3045350412061040e+01
-6.2195349874273802e+01
-7.1350708755666531e+01
-6.2206679442351202e+01
-5.3065212557935226e+01
-4.3906679451577418e+01
-3.4750716175587016e+01
-2.5606679450568805e+01
-1.6456679448584435e+01
-7.3092453046749002e+00
1.8433205525400074e+00
1.0993320011007757e+01
2.0143320552636787e+01
2.9290755235844809e+01
3.8443320552563733e+01
4.7593319470292300e+01
5.6740752530268495e+01
6.5885620272806818e+01
7.5027923238513907e+01
8.4193320552600213e+01
9.3356148762525152e+01
1.0251640841049783e+02
1.1164332055309529e+02
1.0249332061008575e+02
9.3340754267909105e+01
8.4185620985655504e+01
7.5027920221750506e+01
6.5893320552765388e+01
5.6743320552518533e+01
4.7590754153326230e+01
3.8443320552557758e+01
2.9293321093558085e+01
2.0143320552592172e+01
1.0990753612266593e+01
1.8433205524769591e+00
-7.3066783650476728e+00
-1.6459243681220258e+01
-2.5614375937486816e+01
-3.4756679447446722e+01
-4.3901547734820227e+01
-5.3048981339520878e+01
-6.2198980802411683e+01
-7.1353839977914490e+01
-6.2209660749856823e+01
-5.3068044370497162e+01
-4.3909660758122598e+01
-3.4753846555530146e+01
-2.5609660757087983e+01
-1.6468037809129079e+01
-7.3096607577927415e+00
1.8403392447291098e+00
1.0987773388790107e+01
2.0140339245117261e+01
