0.0000000000000000e+00
9.6064948991582894e-12
-1.5543530935111851e-11
-2.0957439439882736e-11
2.1372647729309759e-11
-3.3905260973609436e-11
2.9445110897780006e-11
-3.7304810287745320e-12
-1.8520439176617151e-11
-9.4709669084787384e-12
-3.5012080076464566e-12
1.0738667996275954e-11
4.9209566241819511e-11
3.5627524385910293e-11
-2.3387146338016982e-11
-8.6467891010446584e-11
-4.4937439012030945e-11
-3.1760222641696825e-11
-2.2315734354373590e-11
-4.3288907453503221e-11
1.0999640157341465e-10
7.2703507704864802e-11
-1.3341532435423837e-10
-3.3665693423290082e-10
-5.6094182311938284e-10
-8.1614299586739921e-10
-4.8913881455270471e-11
6.7524501560089392e-10
1.4148177546780550e-09
2.1519813299671082e-09
-1.0595535834968124e-10
-6.2366093585799978e-11
-8.7696184756211772e-11
-7.2029789639418300e-11
-8.0626922467370892e-11
-1.2694175915129606e-10
-1.4753408265880931e-10
-1.6143425546963093e-10
-2.6372949518313955e-11
5.0610823470772621e-11
-1.4112666808461153e-10
-1.7167085091371616e-10
-2.5856682568268001e-10
-3.9514999886721051e-10
-1.2043988532676992e-10
2.0622522774501876e-10
5.1026155744115314e-10
8.3051975759832174e-10
1.0936663230328711e-09
1.3915897439932874e-09
1.6802401542409782e-09
-1.0492943107553749e-10
-1.7742280460865537e-09
-3.5984615251783191e-09
-5.3507486946740838e-09
-7.0835992041678988e-09
-8.8876689124002053e-09
-1.0652912056795876e-08
-1.2160886514388214e-10
-1.0086894626318882e-10
-7.3257649174720935e-11
-4.8855185836623318e-11
-4.7196400828852369e-11
-8.6844552318563499e-11
-1.6033213660406676e-11
-4.5887123516412097e-11
-6.7200169855834755e-11
-2.2288304435013672e-10
-2.6158736468512602e-10
-3.5450744448719831e-10
-4.6443334170794599e-10
-2.4459555016452725e-10
-8.4946664888294126e-11
-2.3282836450639532e-10
-4.5076765212326754e-10
-2.9027987933330182e-10
-2.6851423050725875e-10
-1.9193516437522925e-10
-2.4453190816623360e-10
-2.5601350923489521e-10
-2.6480888799066720e-10
-2.3672674591208822e-10
-2.7650236294952573e-10
-2.5894760634380635e-10
-2.4988074186892475e-10
-2.4581135513149606e-10
-2.8246843839023383e-10
-2.5789578982571146e-10
-2.3409741545015377e-10
-2.0861111557736638e-10
-3.3968390010526428e-10
-2.6121818012454436e-10
-1.7526040220756134e-10
-2.0618011400135863e-10
-6.6708543359980537e-11
-3.4399090121213113e-10
-3.1006780236018712e-10
-2.6956864344069407e-10
-3.3679450066676400e-10
-4.3596793315443277e-10
-3.2503168152559842e-10
-2.3875245035964141e-10
-2.7930248395723106e-10
-4.4722037858705011e-10
-5.3263379084093412e-10
-6.5517273280165069e-10
-2.8983525980110585e-10
-1.1235858157131050e-11
3.6856274986173765e-10
7.1074924380524410e-10
1.1013007424324093e-09
1.0620999853299198e-10
-8.8748757991366135e-10
9.8992208659675524e-11
1.1124181804913886e-09
1.5443770268024001e-10
1.6843701426915556e-10
1.9657302178760432e-10
1.0672791548613011e-10
9.9501088712728530e-11
8.8065854131931156e-11
1.0290813576186310e-10
1.9706320301536435e-10
1.5997034700428256e-10
1.2978327499513080e-10
1.1661884628317742e-10
1.6503833426653493e-10
5.1108696423921458e-11
1.2900899420103307e-11
-5.7462078391029535e-11
2.3918946348935658e-11
5.7300346238986933e-11
1.2146972745595242e-10
1.3640531357773962e-10
9.0209932160765929e-11
1.6655327672249316e-11
3.3413216262569641e-11
6.6450600784870374e-11
8.3530940229825485e-11
7.6449408752480645e-11
1.0516984832995104e-11
1.0286455057097791e-10
9.0974968007514712e-11
9.2332248426871762e-11
1.1250141732042752e-10
2.7757911003540122e-11
6.3511378482726349e-11
-1.5061084631133227e-11
2.7990636978043186e-13
6.7307565799481301e-12
4.1551730843703414e-11
-1.6291608376126485e-10
-2.4417456003109366e-10
-9.9639329114673262e-11
5.3192816845458987e-11
-6.1378418000568251e-11
-1.3115351231655157e-10
-1.1204434323086155e-10
-6.5081367108045056e-11
-3.2441991453785183e-11
-4.6018848303888509e-11
-8.4629540858510701e-11
-5.4477795192411893e-11
-1.2149095065054064e-10
-5.0930108935993673e-11
-1.0491662512451320e-10
-2.5341845252385289e-11
-1.2855212142589530e-10
-2.0235177735484478e-10
-2.4804811290762608e-10
-1.5461636109355164e-10
-8.9440253911018858e-11
-1.6367740869947135e-10
-1.9764444678104877e-10
-1.7068182274246760e-10
-1.2197710217405578e-10
-1.5451191674511242e-10
-1.3771657769722741e-10
-1.5718755932071451e-10
-1.6793123230244750e-10
-1.7494325903875852e-10
-1.4621155134690081e-10
-1.6029590653986520e-10
-8.0475007364233534e-11
-6.2772439423215521e-11
-7.9059016384475795e-11
-2.0762046107739069e-10
-2.6613293305546194e-10
-3.1275747941268642e-10
-4.4563926927535337e-10
-5.4235597678439550e-10
-3.2264030153736752e-10
-1.1198787953703863e-10
-2.9546992256949670e-10
-4.6738555827857857e-10
-2.9126015403859450e-10
-1.2141894972747840e-10
-2.8751403172002281e-10
-2.4611375547822989e-10
-2.6421776194973123e-10
-3.0589976328811279e-10
