2.0000000000000020e+02
2.0000000000000020e+02
2.0000000000000020e+02
2.0000000000000020e+02
2.0000000000000020e+02
2.0000000000000020e+02
2.0000000000000020e+02
2.0000000000000020e+02
2.1397658218431087e+02
2.3886029085332967e+02
2.6472312926816704e+02
2.6472312926816704e+02
2.6472312926816704e+02
2.6472312926816704e+02
2.6472312926816704e+02
2.6472312926816704e+02
2.6472312926816704e+02
2.6472312926816704e+02
2.6472312926816704e+02
2.6472312926816704e+02
2.6472312926816704e+02
2.6472312926816704e+02
2.6472312926816704e+02
2.6472312926816704e+02
2.6472312926816704e+02
2.6472312926816704e+02
2.6472312926816704e+02
2.6472312926816704e+02
2.6472312926816704e+02
2.6472312926816704e+02
2.7629563713849700e+02
2.7629563713849700e+02
2.7629563713849700e+02
2.7629563713849700e+02
2.7629563713849700e+02
2.7629563713849700e+02
2.7629563713849700e+02
2.7629563713849700e+02
2.7629563713849700e+02
2.7629563713849700e+02
2.7629563713849700e+02
2.7629563713849700e+02
2.7629563713849700e+02
2.7629563713849700e+02
2.7629563713849700e+02
2.7629563713849700e+02
2.7629563713849700e+02
2.7629563713849700e+02
2.7629563713849700e+02
2.7629563713849700e+02
2.7629563713849700e+02
2.7629563713849700e+02
2.7629563713849700e+02
2.7629563713849700e+02
2.7629563713849700e+02
2.7629563713849700e+02
2.7629563713849700e+02
2.7629563713849700e+02
2.7629563713849700e+02
2.7629563713849700e+02
2.7629563713849700e+02
2.7629563713849700e+02
2.7629563713849700e+02
2.7629563713849700e+02
2.7629563713849700e+02
2.7629563713849700e+02
2.7629563713849700e+02
2.7629563713849700e+02
2.7629563713849700e+02
2.7629563713849700e+02
2.7629831952330625e+02
2.7629831952330625e+02
2.7629831952330625e+02
2.7629831952330625e+02
2.7629831952330625e+02
2.7629831952330625e+02
2.7629831952330625e+02
2.7629831952330625e+02
2.7629831952330625e+02
2.7629831952330625e+02
2.7629831952330625e+02
2.7629831952330625e+02
2.7629831952330625e+02
2.7629831952330625e+02
2.7629831952330625e+02
2.7629831952330625e+02
2.7629831952330625e+02
2.7629831952330625e+02
2.7629831952330625e+02
2.7629831952330625e+02
2.7629831952330625e+02
2.7629831952330625e+02
2.7629831952330625e+02
2.7629831952330625e+02
2.7629831952330625e+02
2.7629831952330625e+02
2.7629831952330625e+02
2.7629831952330625e+02
2.7629831952330625e+02
2.7629831952330625e+02
2.7629831952330625e+02
2.7629831952330625e+02
2.7629831952330625e+02
2.7629831952330625e+02
2.7629831952330625e+02
2.7629831952330625e+02
2.7629831952330625e+02
2.7629831952330625e+02
2.7629831952330625e+02
2.7629831952330625e+02
2.7630052313141448e+02
2.7630052313141448e+02
2.7630052313141448e+02
2.7630052313141448e+02
2.7630052313141448e+02
2.7630052313141448e+02
2.7630052313141448e+02
2.7630052313141448e+02
2.7630052313141448e+02
2.7630052313141448e+02
2.7630052313141448e+02
2.7630052313141448e+02
2.7630052313141448e+02
2.7630052313141448e+02
2.7630052313141448e+02
2.7630052313141448e+02
2.7630052313141448e+02
2.7630052313141448e+02
2.7630052313141448e+02
2.7630052313141448e+02
2.7630052313141448e+02
2.7630052313141448e+02
2.7630052313141448e+02
2.7630052313141448e+02
2.7630052313141448e+02
2.7630052313141448e+02
2.7630052313141448e+02
2.7630052313141448e+02
2.7630052313141448e+02
2.7630052313141448e+02
2.7630052313141448e+02
2.7630052313141448e+02
2.7630052313141448e+02
2.7630052313141448e+02
2.7630052313141448e+02
2.7630052313141448e+02
2.7630052313141448e+02
2.7630052313141448e+02
2.7630052313141448e+02
2.7630052313141448e+02
2.7630233254529952e+02
2.7630233254529952e+02
2.7630233254529952e+02
2.7630233254529952e+02
2.7630233254529952e+02
2.7630233254529952e+02
2.7630233254529952e+02
2.7630233254529952e+02
2.7630233254529952e+02
2.7630233254529952e+02
2.7630233254529952e+02
2.7630233254529952e+02
2.7630233254529952e+02
2.7630233254529952e+02
2.7630233254529952e+02
2.7630233254529952e+02
2.7630233254529952e+02
2.7630233254529952e+02
2.7630233254529952e+02
2.7630233254529952e+02
2.7630233254529952e+02
2.7630233254529952e+02
2.7630233254529952e+02
2.7630233254529952e+02
2.7630233254529952e+02
2.7630233254529952e+02
2.7630233254529952e+02
2.7630233254529952e+02
2.7630233254529952e+02
2.7630233254529952e+02
2.7630233254529952e+02
2.7630233254529952e+02
2.7630233254529952e+02
2.7630233254529952e+02
2.7630233254529952e+02
2.7630233254529952e+02
2.7630233254529952e+02
2.7630233254529952e+02
2.7630233254529952e+02
2.7630233254529952e+02
2.7630381829293435e+02
2.7630381829293435e+02
2.7630381829293435e+02
2.7630381829293435e+02
2.7630381829293435e+02
2.7630381829293435e+02
2.7630381829293435e+02
2.7630381829293435e+02
2.7630381829293435e+02
2.7630381829293435e+02
2.7630381829293435e+02
