0.0000000000000000e+00
-4.7942621252678565e-12
-4.4397303185606602e-11
-5.7697582439383031e-11
-8.7519769500642869e-12
-1.2017267870437066e-13
-2.6137567555861947e-11
-6.5867440432176987e-11
-4.2020905335034424e-12
-3.6385775185328615e-12
-4.9423079573927729e-11
-2.4932236619267731e-11
-4.5698916665749500e-11
-2.9753981191352038e-11
-2.4257355840893313e-11
-4.0447688608430215e-11
-1.0391322799194989e-10
-1.5404720072393281e-11
-2.5778733837853258e-11
-9.7429212922836403e-11
-1.1266392851752111e-10
-1.0756994343064842e-10
-2.5275455359497010e-11
1.6030293075052814e-10
2.6974841652727681e-10
3.9806765082928225e-10
-9.0468089512794840e-11
-5.7749845046287967e-10
-1.0845032832782188e-09
-1.5198947158652212e-09
-4.2536547586771488e-11
-9.8198675086665211e-11
-5.1699215828235997e-11
-6.6331603971017569e-11
2.1327913027017409e-12
1.0033671890099526e-10
1.4678357183851276e-10
-7.5821336071381834e-11
-3.3345314292864681e-11
-8.1448264184242571e-11
-5.4109758895000108e-11
-1.1810631241846820e-10
-8.3145926411293348e-11
-2.3444615929355158e-11
-7.4090779082289301e-11
1.5604492128089989e-11
1.4076139323154481e-11
3.6310458644636768e-11
9.4248771680739587e-11
1.4223013306040086e-10
1.3687108023176535e-10
-7.9953228548658892e-11
-2.7169911367078790e-10
-5.1061674270507767e-10
-7.0025339893642077e-10
-8.5234694270706051e-10
-1.0663113847981628e-09
-1.3548583778272828e-09
-3.8269796404291115e-11
-1.6701141740301821e-11
-1.1129463933203608e-10
-1.4369939334234486e-10
-7.9543674337839366e-12
-2.0355526838019154e-11
2.9272159131573919e-11
5.8530497889516103e-11
-1.7969454865795958e-11
-8.4336832476774132e-11
-2.5594007613781932e-10
-3.0725482475678826e-10
-4.4401149398085340e-10
2.1250920291715200e-11
5.0795817179478918e-10
3.5830392052309642e-11
-4.4665998049313334e-10
6.6641526727733251e-12
-3.8929355662656997e-11
-8.1441365064495012e-11
-6.4124981546264862e-11
4.1130529363111066e-11
-8.6289635564750813e-11
-1.2467381829201116e-10
4.4335987009238841e-12
1.0265743220174040e-10
2.3119728371925428e-10
3.5433204925837554e-10
4.3015530871385573e-10
-2.7543783854032823e-11
-4.1937215235837566e-10
-8.8736304038279946e-10
-9.5354577387745576e-11
-1.0428172795527897e-10
-5.7709096116864654e-11
-7.5773038778602269e-11
-9.1653498371074300e-11
1.1186633321202958e-11
-2.2340924318343070e-11
-6.1167916666654666e-11
-5.3298800006613120e-11
-1.0548443242007078e-10
-4.0421657842102416e-11
-4.1351191041898327e-12
-5.8201287490135303e-11
-9.8211013561876273e-11
-2.1609324245784723e-10
-2.2498857951672826e-10
3.1253618548832840e-11
1.9571541679506423e-10
4.1751903400977549e-10
6.9189810016495767e-10
9.7319048732299263e-10
-2.3393316221298101e-10
-1.4360625931413795e-09
-2.1663124399373486e-10
1.0033776707994104e-09
-2.2243655582158579e-10
-2.8173042553937377e-10
-2.6571497315167179e-10
-2.1253252065091341e-10
-1.9637293094610376e-10
-2.4307156343538059e-10
-3.1628335228154689e-10
-2.9042173714177398e-10
-2.3724365199807475e-10
-1.2438965049768442e-10
-1.4787132037153173e-10
-7.6287925273673778e-11
-2.6280891093944955e-10
-3.7637402452509463e-10
-5.2354609173115230e-10
-2.7796116236552752e-10
-2.2968493975949076e-10
-2.5388862041644138e-10
-2.4869703746327134e-10
-2.2968731262242956e-10
-2.7077391841714143e-10
-2.5646405533992448e-10
-3.1590349489396953e-10
-1.9615322439293968e-10
-2.1371321548753723e-10
-1.5841048870763711e-10
-2.2699388009380885e-10
-2.0784098762703649e-10
-1.6144651411948155e-10
-1.4185645749034205e-10
-1.4590040795745754e-10
-2.0507043965938356e-10
-2.6095500664299951e-10
-3.2081182798993192e-10
-3.2223218042657578e-10
-3.3175467686267587e-10
-1.6082776801634897e-10
1.0215396525830536e-10
-1.0810560096998582e-10
-3.5953250469209080e-10
-1.5056679716172069e-10
-1.9935256136039888e-10
-1.6886364860824701e-10
-1.5544161480224928e-10
-2.0287799858906509e-10
-9.5677237225693155e-11
-5.9586219508868866e-11
-1.6134937248538766e-10
-2.5107185024551430e-10
-3.5110206696088241e-10
-3.6662544802836424e-10
-4.3461288732814460e-10
-2.1238623329155262e-10
-3.1571852363132855e-11
2.1155233886005732e-10
-1.9045715308881582e-10
-1.5540841341734919e-10
-1.3683230715772556e-10
-2.0713277776903574e-11
-3.0847347325788847e-11
-2.0944623382773095e-10
-2.0472473060179984e-10
-2.3868659647715495e-10
-2.2286894307632671e-10
-2.3223484087149437e-10
-2.5365117043577538e-10
-3.3554435331081755e-10
-2.3248947008971902e-10
-2.1512871233969076e-10
-9.7478446600293259e-11
4.4143771928935985e-11
-2.6242678773523461e-10
-5.2583306675382694e-10
-8.2280682011564975e-10
-1.0626969256270673e-09
-1.3664047022879967e-09
-8.1288593293779935e-11
1.1403360449062272e-09
-9.5322862659989262e-11
-1.4101297507650464e-09
-9.2410898954006628e-11
1.1565802649581072e-09
-1.3085532614823672e-10
-5.9843616401425611e-11
-5.5447286490705890e-11
-9.1880420158985956e-11
