0.0000000000000000e+00
3.0495502540856897e+01
6.0999999999702403e+01
9.1499040115297390e+01
1.2199262421076664e+02
1.5248075360937119e+02
1.8299999999956106e+02
2.1351378628465551e+02
2.4400680640318294e+02
2.7450008065298681e+02
3.0500225389756855e+02
2.7450000005154448e+02
2.4399228878117529e+02
2.1347911876188107e+02
1.8300000000004175e+02
1.5251542794218301e+02
1.2200000000063055e+02
9.1500000000342126e+01
6.0994542627220135e+01
3.0499999999544517e+01
1.3238605426477745e-06
-3.0505454724121485e+01
-6.1000000000373362e+01
-9.1500001325713328e+01
-1.2200546002386923e+02
-1.5251637741880464e+02
-1.8300000000097234e+02
-2.1348907598258634e+02
-2.4398360668630065e+02
-2.7448359343491182e+02
-3.0500285764158843e+02
-2.7449999998046547e+02
-2.4400259113380119e+02
-2.1350000001495957e+02
-1.8300000000165693e+02
-1.5250545603691469e+02
-1.2201636679828317e+02
-9.1500000001074199e+01
-6.0999999999914586e+01
-3.0505456047489762e+01
3.0346281934264360e-11
3.0499998675613547e+01
6.0994541303106892e+01
9.1483629204999986e+01
1.2199999999952826e+02
1.5251091077458821e+02
1.8301636285469183e+02
2.1351635756420006e+02
2.4401089622617178e+02
2.7449998016407244e+02
3.0498361070026380e+02
2.7450000007649959e+02
2.4401093605690909e+02
2.1351641731864285e+02
1.8301644253854329e+02
1.5251101039354830e+02
1.2200011955960105e+02
9.1483768711603332e+01
6.0999999999612257e+01
3.0500000001016719e+01
9.2632881984061973e-10
-3.0505457370993540e+01
-6.0999999999068436e+01
-9.1499998675425928e+01
-1.2200545472349523e+02
-1.5251636946765530e+02
-1.8299999999979303e+02
-2.1348908393373034e+02
-2.4398362259192083e+02
-2.7448361729749598e+02
-3.0497532666064330e+02
-2.7449999999306675e+02
-2.4403011986099980e+02
-2.1350000001832390e+02
-1.8297534706815151e+02
-1.5250000001159782e+02
-1.2200000000310497e+02
-9.1505456043640947e+01
-6.0999999999208327e+01
-3.0500001326418335e+01
1.1437078499724316e-09
3.0494545279546418e+01
6.1000000000899391e+01
9.1499997350739832e+01
1.2199453865248248e+02
1.5248362522928500e+02
1.8296725840359807e+02
2.1349999999813357e+02
2.4402727760063667e+02
2.7454909253755278e+02
3.0499999999652965e+02
2.7450000007692165e+02
2.4399454278477901e+02
2.1348362679633124e+02
1.8296725078664360e+02
1.5249999999849823e+02
1.2200000000037281e+02
9.1494542630249413e+01
6.1000000000829566e+01
3.0500001322620950e+01
1.0972810804400847e-09
-3.0505458693068107e+01
-6.0999999999078184e+01
-9.1499997353021087e+01
-1.2200545207857283e+02
-1.5251636549962288e+02
-1.8300000000029769e+02
-2.1348908790383038e+02
-2.4398363053286272e+02
-2.7448362920984925e+02
-3.0497779551936071e+02
-2.7449999999334250e+02
-2.4402765223192478e+02
-2.1350000001392806e+02
-1.8297781345762982e+02
-1.5250000000801148e+02
-1.2200000000234290e+02
-9.1505456045057727e+01
-6.0999999999032717e+01
-3.0500001325090999e+01
1.0270434739442802e-09
3.0494545278332978e+01
6.1000000000918718e+01
9.1499997351607604e+01
1.2199453865456472e+02
1.5248362523234266e+02
1.8296725840819087e+02
2.1349999999834887e+02
2.4402727759680613e+02
2.7454909252936994e+02
3.0499999999709740e+02
2.7450000007731620e+02
2.4399454278533722e+02
2.1348362679685530e+02
1.8296725078767511e+02
1.5249999999870178e+02
1.2200000000112131e+02
9.1494542631104338e+01
6.1000000001535966e+01
3.0500001323422850e+01
1.7262855543611914e-09
-3.0505458692222682e+01
-6.0999999998111058e+01
-9.1499997352081323e+01
-1.2200545207759038e+02
-1.5251636549886925e+02
-1.8299999999930330e+02
-2.1348908790236280e+02
-2.4398363053101014e+02
-2.7448362920787650e+02
-3.0497981512400668e+02
-2.7449999999355038e+02
-2.4402563363535978e+02
-2.1350000001056534e+02
-1.8297983103794195e+02
-1.5250000000580962e+02
-1.2200000000155417e+02
-9.1505456045712918e+01
-6.0999999998905238e+01
-3.0500001323804874e+01
1.2829279428835294e-09
3.0494545277505203e+01
6.1000000000980073e+01
9.1499997352705762e+01
1.2199453865671877e+02
1.5248362523570745e+02
1.8296725841249059e+02
2.1349999999813414e+02
2.4402727759193309e+02
2.7454909252021019e+02
3.0499999999733990e+02
2.7450000007725976e+02
2.4399454278480823e+02
2.1348362679632658e+02
1.8296725078656567e+02
1.5249999999827546e+02
1.2200000000040505e+02
9.1494542630272321e+01
6.1000000000847344e+01
3.0500001323033629e+01
1.1307750142011004e-09
-3.0505458693430736e+01
-6.0999999999164622e+01
-9.1499997352624931e+01
-1.2200545207740581e+02
-1.5251636549817579e+02
-1.8300000000021888e+02
-2.1348908790528949e+02
-2.4398363053562269e+02
-2.7448362921435847e+02
-3.0498147338689063e+02
-2.7449999999311143e+02
-2.4402397619993820e+02
-2.1350000000786133e+02
-1.8298148763896489e+02
-1.5250000000351682e+02
-1.2202396197227645e+02
-9.1500000007536343e+01
-6.0999999999380591e+01
-3.0505456040256398e+01
1.4978731260331065e-09
