0.0000000000000000e+00
2.7106232324703843e+01
5.4217985945181852e+01
8.1327363232201080e+01
1.0843436499272205e+02
1.3553899205484979e+02
1.6265395783490627e+02
1.8976654535674697e+02
2.1397658218431093e+02
2.3886029085332939e+02
2.6472312926816704e+02
2.3800258873510512e+02
2.1137865890252826e+02
1.8489412405628815e+02
1.5862791675977340e+02
1.3269713839021770e+02
1.0734762904909505e+02
8.3117715955307389e+01
6.1345592563117400e+01
4.5694881464526723e+01
4.3387191703993423e+01
5.6097654577223835e+01
7.6685630477413852e+01
1.0042159790403389e+02
1.2553393037854356e+02
1.5134029141044385e+02
1.7752380374206660e+02
2.0394996702141941e+02
2.3053618958196185e+02
2.5723359914719885e+02
2.7629563713849700e+02
2.4929140431692841e+02
2.2230784403941198e+02
1.9528865658332734e+02
1.6833917980713238e+02
1.4145319901586356e+02
1.1467369792213037e+02
8.8080132012530058e+01
6.1949251167916664e+01
3.7246510651407831e+01
2.0156756948921018e+01
2.9921228038068914e+01
5.3421636027423745e+01
7.9257066065656957e+01
1.0574027194588361e+02
1.3247762123214437e+02
1.5934001672160957e+02
1.8627233044604313e+02
2.1324716738724706e+02
2.4024940137032723e+02
2.6727000708617817e+02
2.4024941295316034e+02
2.1324719047543346e+02
1.8627236492134659e+02
1.5934006239393841e+02
1.3247767776993189e+02
1.0574033870546005e+02
7.9257141574801523e+01
5.3423402932483086e+01
2.9921228516105263e+01
2.0156756948713596e+01
3.7246511424938888e+01
6.1949251167767486e+01
8.8080131195758725e+01
1.1466860331269385e+02
1.4145824032749741e+02
1.6833917981211533e+02
1.9528368416576430e+02
2.2226950692418171e+02
2.4928400534886637e+02
2.7629831952330625e+02
2.4928978356204257e+02
2.2230216431179980e+02
1.9528692397154970e+02
1.6831304966961713e+02
1.4144875098078981e+02
1.1466396510871705e+02
8.8080366684181598e+01
6.1946439582435247e+01
3.7240061440559629e+01
2.0151373649076248e+01
2.9917700008084061e+01
5.3422601424333848e+01
7.9262947555647870e+01
1.0573837490258255e+02
1.3246718608563796e+02
1.5932069321995121e+02
1.8626628264031359e+02
2.1325466176554568e+02
2.4027060662896685e+02
2.6727768382530155e+02
2.4025019150932263e+02
2.1324113570568284e+02
1.8625957392449851e+02
1.5932068853947411e+02
1.3247370141334562e+02
1.0574048811029145e+02
7.9260945655188820e+01
5.3422601424454697e+01
2.9918700335674057e+01
2.0151373649061746e+01
3.7242717211243665e+01
6.1946439582359915e+01
8.8077780107839544e+01
1.1466650992912926e+02
1.4145631001227201e+02
1.6833736487016483e+02
1.9528195399942757e+02
2.2226784182350610e+02
2.4928239189049529e+02
2.7630052313141425e+02
2.4928845225558680e+02
2.2229730710712840e+02
1.9528550077758882e+02
1.6831501457257096e+02
1.4144716750483403e+02
1.1466224699664217e+02
8.8078436195301435e+01
6.1944130229374736e+01
3.7236944282091955e+01
2.0146951477642510e+01
2.9915623059442499e+01
5.3421943411185140e+01
7.9262844388735544e+01
1.0573855260887100e+02
1.3246753145795344e+02
1.5932114955155845e+02
1.8626681802144930e+02
2.1325525606097892e+02
2.4027124649668221e+02
2.6727835971077019e+02
2.4025083115036637e+02
2.1324172982725514e+02
1.8626010920335187e+02
1.5932114486998458e+02
1.3247404693923133e+02
1.0574066588400363e+02
7.9260842389919972e+01
5.3421943410998267e+01
2.9916623709065863e+01
2.0146951477278460e+01
3.7239600072130656e+01
6.1944130229034116e+01
8.8075849647689694e+01
1.1466479178972315e+02
1.4145472646216493e+02
1.6833587408020500e+02
1.9528053084801272e+02
2.2226647012907645e+02
2.4928106063353232e+02
2.7630233254529952e+02
2.4928735921008305e+02
2.2229331906320061e+02
1.9528433229955749e+02
1.6831662788918214e+02
1.4144586744653520e+02
1.1466083641020639e+02
8.8076851257990910e+01
6.1942234254002415e+01
3.7234385065143378e+01
2.0143320550843764e+01
2.9913918111809000e+01
5.3421403399989053e+01
7.9262759864130146e+01
1.0573869865564737e+02
1.3246781514237611e+02
1.5932152432297607e+02
1.8626725768463217e+02
2.1325574408659406e+02
2.4027177193242909e+02
2.6727891471434179e+02
2.4025135640055117e+02
2.1324221770977687e+02
1.8626054878178564e+02
1.5932151963927166e+02
1.3247433074928944e+02
1.0574081198588016e+02
7.9260757784315402e+01
5.3421403399885200e+01
2.9914919026280057e+01
2.0143320550823432e+01
3.7237040871936387e+01
6.1942234254240866e+01
8.8074264734298453e+01
1.1466338118081256e+02
1.4145342634229198e+02
1.6833465011146518e+02
1.9527936240680643e+02
2.2226534393158670e+02
2.4927996763332186e+02
2.7630381829293435e+02
2.4928646175823076e+02
2.2229004453844780e+02
1.9528337292054752e+02
1.6831795265750210e+02
1.4144480004417272e+02
1.1467780831385008e+02
8.8072965105460341e+01
6.1940677607528983e+01
3.7234938127855237e+01
2.0140339243350208e+01
