0.0000000000000000e+00
-1.5482662569864393e-03
2.2369047164549742e-10
-1.5491443207725111e-03
-6.1952210534727947e-03
-1.3937750583980642e-02
1.9723342036372629e-09
1.0839863894626078e-02
1.9583922286332836e-02
1.6320983440933168e-04
3.7137437366118603e-03
5.7483330479986432e-08
-6.8106238038941509e-03
-1.6718779694167969e-02
2.1255460159811074e-09
1.3622337587173371e-02
8.0164789453518824e-10
8.0342732755186383e-10
-3.0972912173579787e-03
1.1793489540780388e-10
4.7946630721327463e-07
-3.0963326259369163e-03
3.2367394899116970e-10
-4.7919794796175103e-07
-3.0982505418540394e-03
-9.2937930817858991e-03
1.3489265063313894e-09
6.1979428976138232e-03
9.2995527784553809e-03
9.3043521743626286e-03
-4.0682037677184958e-02
2.9454380858298203e-08
3.7592957354844171e-02
-3.1110061814842203e-08
-6.8439836413120696e-09
-3.0967947599692676e-03
-9.2899160994637901e-03
1.2825194137823407e-09
3.0650485337805670e-10
-3.0968129728962380e-03
5.1335616765945924e-10
-4.7739688094287227e-07
-3.0977669415675375e-03
-9.2913899826079643e-03
1.7306061025895312e-09
6.1931434258100408e-03
9.2885149174464412e-03
9.2865955299016086e-03
6.1878644725748156e-03
-7.1990789233217126e-06
-9.2981166224682665e-03
1.1544882926186620e-07
6.2024963681809675e-03
9.3085472685343670e-03
9.3177888977202857e-03
6.2297423962976665e-03
4.3928527878092438e-05
-9.2401330085317892e-03
2.3725347160632119e-09
1.0212922901967502e-09
7.9062952405216159e-10
-3.0972906758180234e-03
1.1947511177947334e-09
4.8093363379177850e-07
-3.0963305746533982e-03
-9.2909128383985747e-03
2.0947032874399742e-09
6.1950633811413396e-03
9.2937918747621039e-03
9.2957086995044593e-03
-3.4013788047083052e-03
1.2690455495225190e-08
3.1029010824821482e-04
-5.5735694988840830e-09
-3.4132956667345940e-03
-6.7116369254534882e-09
-1.1950070420610581e-09
-3.0968082947423667e-03
5.4922162821927547e-10
-4.8181658111909516e-07
1.6967957119456637e-10
-3.0963301292753279e-03
4.6672337687179853e-10
-9.5999215509326758e-07
-3.0987326746539229e-03
-9.2928381284547480e-03
-1.8582797995355459e-02
3.4088448472058173e-09
1.5483116565139669e-02
2.7867021494596127e-02
4.7423723790116890e-09
1.1498366382741819e-07
-3.0970663509295635e-03
-9.2920185554206322e-03
-1.8585221945388863e-02
3.7773154036113458e-09
7.5289690676044768e-10
-3.0972933254392872e-03
2.9355750729564863e-10
4.8145421436493853e-07
2.8451430652693377e-10
-3.0977727185125545e-03
4.4116934466871863e-10
9.6178089560078257e-07
-3.0953682651621919e-03
-9.2894687246566146e-03
1.1272123086164553e-09
6.1936165491701242e-03
9.2908986591651848e-03
9.2913690315435359e-03
-1.6935210064279722e-03
1.2500837787005620e-08
-1.3984158167408378e-03
-3.1994530745714153e-09
-1.7037363018209085e-03
-4.2360696982055728e-09
-7.9027654831804105e-10
-3.0968094163657004e-03
7.4213563314650153e-10
-4.8081145392077728e-07
5.5108070947225950e-11
-3.0963310261288134e-03
4.7699865273540335e-10
-9.5925536851826426e-07
-3.0987308943929703e-03
-9.2928357408789929e-03
-1.8582794324345012e-02
4.0295622468864423e-09
1.5483114113470352e-02
2.7867015913899194e-02
5.6415062079795003e-09
1.1571547719448513e-07
-3.0970657365925439e-03
-9.2920179654353511e-03
-1.8585220746943729e-02
4.1954508173524107e-09
1.9110447234488613e-09
-3.0972922160234667e-03
1.2552395716384809e-09
4.8242062192289775e-07
7.9833711159368619e-10
-3.0977720337892131e-03
1.5027743296855831e-09
9.6305252914367458e-07
-3.0953667321089637e-03
-9.2894671257452849e-03
2.0877762614584153e-09
6.1936172047728326e-03
9.2908988327617091e-03
9.2913685664432564e-03
-2.8256503019479781e-04
1.4132693684495585e-08
-2.8100639442385804e-03
3.2885535516482549e-10
-2.9138416216471221e-04
-1.0824715434894791e-09
1.3600048625940425e-09
-3.0968081401504316e-03
2.5175173260132501e-09
-4.7808730055493736e-07
2.3031241136560123e-09
-3.0963296157246367e-03
2.5975897995419577e-09
-9.5669953402506994e-07
-3.0987276343099773e-03
-9.2928314054722145e-03
-1.8582789462000621e-02
5.7103473461119370e-09
1.5483112407069026e-02
2.7867011223876491e-02
7.7404218705890480e-09
1.1778890501147118e-07
-3.0970637196040445e-03
-9.2920160076722935e-03
-1.8585219055878698e-02
5.8987987861646788e-09
3.1396714373961429e-09
-3.0972909712211373e-03
2.5966943368918651e-09
4.8394844487730560e-07
2.4066832264020567e-09
-3.0977710658478394e-03
2.5429349390019881e-09
9.6435809197880390e-07
-3.0953648733461200e-03
-9.2894649021045550e-03
3.4307290056960537e-09
6.1936170916569262e-03
9.2908977806157398e-03
9.2913663593584862e-03
8.7597926614406429e-04
1.3407839980546054e-08
-3.9691814697740708e-03
6.9855963410760017e-10
8.6830643764456577e-04
-4.7026004340988763e-10
-3.9615381524741302e-03
8.8651488112132800e-10
1.5616162025765424e-09
-3.0968104954832562e-03
2.0362244089612984e-09
