0.0000000000000000e+00
0.0000000000000000e+00
0.0000000000000000e+00
0.0000000000000000e+00
0.0000000000000000e+00
0.0000000000000000e+00
0.0000000000000000e+00
2.3225753848050651e-01
9.8175207301533973e-01
2.2318006912268951e+00
3.9662564920142591e+00
5.1197061161372242e+00
5.7115406046624244e+00
5.7595525927806097e+00
5.7595525927806115e+00
5.7595525927806115e+00
5.7595525927806115e+00
5.7595525927806115e+00
5.7595525927806115e+00
5.7595525927806115e+00
5.7595525927806115e+00
5.7595525927806115e+00
5.7595525927806115e+00
5.7595525927806115e+00
5.7595525927806115e+00
5.7595525927806133e+00
5.7595525927806133e+00
5.4158182133263981e+00
4.5584394445995278e+00
3.2039870491630085e+00
1.3684956352426247e+00
1.1661951308899740e-01
-5.6981793508035350e-01
-7.0938079040466706e-01
-7.0938079040466706e-01
-7.0938079040466706e-01
-7.0938079040466706e-01
-7.0938079040466706e-01
-7.0938079040466706e-01
-7.0938079040466706e-01
-7.0938079040466706e-01
-7.0938079040466706e-01
-7.0938079040466706e-01
-7.0938079040466706e-01
-7.0938079040466706e-01
-7.0938079040466706e-01
-7.0938079040466706e-01
-5.3770987272647264e-01
1.5315219317108375e-01
1.3464597138251300e+00
3.0260047762311491e+00
4.6513044688126790e+00
6.2242438689956874e+00
7.7464432887455121e+00
9.2195395033865495e+00
1.0645116486735194e+01
1.2024707117126653e+01
1.3359794825215022e+01
1.4651815189063020e+01
1.5902157477765300e+01
1.7112166145284128e+01
1.8283142276112219e+01
1.9416344984275121e+01
2.0512992767221828e+01
2.1574264816031619e+01
2.2601302283372902e+01
2.3595209510528537e+01
2.4557055214887704e+01
2.5487873639074092e+01
2.6388665663057616e+01
2.7260399880354214e+01
2.8104013639534301e+01
2.8920414052117984e+01
2.9710478967964260e+01
3.0475057919197610e+01
3.1214973033686736e+01
3.1931019919040395e+01
3.2623968518110516e+01
3.3294563936884991e+01
3.3943527245674431e+01
3.4571556254462216e+01
3.5179326263226429e+01
3.5767490788084800e+01
3.6336682263984784e+01
3.6887512724750138e+01
3.7420574461178617e+01
3.7936440657910381e+01
3.8435666009761306e+01
3.8918787318173401e+01
3.9386324068403184e+01
3.9838778988127743e+01
4.0276638587998598e+01
4.0700373684778086e+01
4.1110439907584734e+01
4.1507278187834800e+01
4.1891315233340194e+01
4.2262963987155850e+01
4.2622624071586550e+01
4.2970682217895870e+01
4.3307512682147916e+01
4.3633477647628588e+01
4.3948927614294384e+01
4.4254201775649236e+01
4.4549628383474882e+01
4.4835525100782078e+01
4.5112199343392291e+01
4.5379948610485911e+01
4.5639060804495728e+01
4.5889814540678955e+01
4.6132479446703542e+01
4.6367316452574606e+01
4.6594578071194448e+01
4.6814508669892433e+01
4.7027344733180527e+01
4.7233315117038806e+01
4.7432641294997921e+01
4.7625537596273929e+01
4.7813472926058594e+01
4.7994084333579480e+01
4.8169045041771952e+01
4.8338186383373113e+01
4.8502837826142866e+01
4.8661211657236031e+01
4.8814742075689900e+01
4.8963054480696499e+01
4.9107340981228973e+01
4.9246214711143452e+01
4.9380912299233991e+01
4.9510961148680671e+01
4.9637423328984774e+01
4.9759197628706104e+01
4.9877355075648666e+01
4.9991389642047132e+01
5.0102243270414647e+01
5.0209023378723550e+01
5.0312660642282282e+01
5.0413873089525978e+01
5.0510600622049004e+01
5.0603867929428134e+01
5.0694465573356339e+01
5.0783003482734081e+01
5.0867823583755936e+01
5.0949775303961999e+01
5.1029513988042211e+01
5.1107545243172936e+01
5.1181896254884684e+01
5.1253407878820958e+01
5.1322728846341342e+01
5.1390359662350015e+01
5.1456686473066540e+01
5.1519774864680684e+01
5.1580364750763991e+01
5.1639026984519809e+01
5.1696201986818423e+01
5.1752229548242376e+01
5.1805784292540295e+01
5.1857431209183744e+01
5.1907606195091390e+01
5.1956645550557688e+01
5.2003606231291279e+01
5.2048963173296301e+01
5.2093082796046858e+01
5.2135642274310001e+01
5.2176998070156273e+01
5.2216850605213338e+01
5.2255543343763492e+01
5.2292862159361533e+01
5.2329120967407356e+01
5.2364066312292550e+01
5.2397998294440200e+01
5.2430721789141309e+01
5.2462512913865893e+01
5.2493155292744120e+01
5.2522911392328695e+01
5.2551605432314929e+01
5.2579480074791221e+01
5.2606349319438905e+01
5.2632442881124035e+01
5.2657603647317828e+01
5.2682044746072819e+01
5.2705605452921304e+01
5.2728486921650415e+01
5.2750549493019385e+01
5.2771980271701636e+01
5.2792639832541489e+01
5.2812704385374566e+01
5.2832050264393956e+01
5.2850841675154811e+01
5.2868957319738513e+01
5.2886551599219182e+01
5.2903515310073729e+01
5.2919992527473006e+01
5.2935877499382585e+01
5.2951305544039606e+01
5.2966180417985044e+01
5.2980628512355487e+01
5.2994557484738188e+01
5.3008085946030363e+01
5.3021129194122835e+01
5.3033798093038051e+01
5.3046011917642168e+01
