0.0000000000000000e+00
0.0000000000000000e+00
0.0000000000000000e+00
0.0000000000000000e+00
0.0000000000000000e+00
0.0000000000000000e+00
0.0000000000000000e+00
2.5724698665144370e-14
3.3368828107008676e-15
3.8631507108743737e-13
2.5689229687074529e-13
3.7930429814223400e-13
4.4084490558704127e-13
4.6984874556750911e-13
4.6824830428754225e-13
4.6757238873696223e-13
4.6889552555128194e-13
4.6274000340067844e-13
4.6637261140023001e-13
4.6663143678469458e-13
4.6849398974942936e-13
4.6414261539109123e-13
4.6380561728361538e-13
4.6689638202925280e-13
4.7072107542365143e-13
4.7724805490837101e-13
4.8127880486988829e-13
5.7067282167792164e-13
3.4376960131939653e-13
7.2668031664292407e-13
6.9858281609835940e-13
1.0703624120092497e-12
1.0972213526028066e-12
1.0931378075580529e-12
1.0929628563389496e-12
1.0928028166376604e-12
1.0927857497366928e-12
1.0936487350695513e-12
1.0929702761115705e-12
1.0932384063114169e-12
1.0934880630190769e-12
1.0925687536783102e-12
1.0923361907849559e-12
1.0929339555710852e-12
1.0940029425459155e-12
1.0945829713482885e-12
1.0953536973733969e-12
1.0593352217024213e-12
1.2243082820433210e-12
1.2754010639129101e-12
1.6625445643846649e-12
1.9360021269337058e-12
2.2999489054721644e-12
2.5256892851741881e-12
2.4275989048591970e-12
2.6447455580455822e-12
2.4129993999996369e-12
1.6604420073680108e-12
1.1493320072426921e-12
9.8142673176772431e-13
9.5007509413996025e-14
-4.3690750210315687e-13
-1.1203634194437061e-12
-1.4057717403515850e-12
-1.7877309027007441e-12
-2.2801447124166817e-12
-2.7942733893788409e-12
-3.1695153553240791e-12
-3.5328868377369457e-12
-3.6043422712057670e-12
-3.9964319864798744e-12
-4.4486407996552680e-12
-4.8021371587345530e-12
-5.1500634919844163e-12
-5.5207349544957671e-12
-5.3595343439399908e-12
-5.5132098758279993e-12
-5.5619758986700969e-12
-5.6323357216110727e-12
-5.4459108055008507e-12
-5.5251547261813089e-12
-5.5874662102227904e-12
-5.7718595964934188e-12
-5.7588959068611696e-12
-5.6743846296270498e-12
-5.5836011358727847e-12
-5.5742320012744641e-12
-5.7172962792166935e-12
-5.7676211794873949e-12
-5.9740736688483417e-12
-6.0543725720494315e-12
-6.1461561772573738e-12
-6.0634911435617176e-12
-6.0892049302238951e-12
-6.1308809987914087e-12
-6.0888186158036329e-12
-5.8467600335285472e-12
-5.9184094465847273e-12
-5.9831412318635632e-12
-5.9739770685196731e-12
-5.7728418222356162e-12
-5.5268072380843514e-12
-5.3606867441524773e-12
-5.2892562194201925e-12
-5.1678640288063294e-12
-5.0480883078195269e-12
-4.9651755199157823e-12
-4.9722867294306073e-12
-4.7728725535759752e-12
-4.6420989706716946e-12
-4.4714394171384624e-12
-4.4068372699320840e-12
-4.2189133151310218e-12
-4.0324347075690882e-12
-3.8940434918295771e-12
-3.7309789941648823e-12
-3.5270339890396073e-12
-3.3109736878456158e-12
-3.2302246339169870e-12
-3.1636445598201435e-12
-3.0303451103317879e-12
-2.8731060171205539e-12
-2.8380254617277946e-12
-2.7113928469549380e-12
-2.5516918555053138e-12
-2.4339377029243855e-12
-2.4381750030511219e-12
-2.3779786795492195e-12
-2.2820081002335670e-12
-2.2385797557197114e-12
-2.2246419973126280e-12
-2.1303463035292792e-12
-1.9977863461490215e-12
-1.8460674353979634e-12
-1.8677816323752361e-12
-1.8216348917094080e-12
-1.7296092719726033e-12
-1.4795846796656568e-12
-1.2296341347345886e-12
-1.0592712989810721e-12
-8.9007615050129263e-13
-1.2893105217295643e-12
-1.6409008741598223e-12
-1.9681573002652851e-12
-2.1982184652560602e-12
-6.8587354374047007e-13
7.3538814785933927e-13
2.0349339116667637e-12
3.2620192458875466e-12
4.4309745567210540e-12
-1.1791133514936803e-12
-6.5720919808820891e-12
-1.1796331699560658e-11
-1.6758066366901622e-11
-2.1554346473564860e-11
1.0963666964131441e-12
2.3125879643843453e-11
4.4557766866456720e-11
6.5376103279504113e-11
-1.5739406732733035e-12
-6.7050551670108765e-11
-1.3120982442555403e-10
1.3664434425815393e-12
1.3144942882518566e-10
2.3266087671884258e-13
-1.2881775752389111e-10
1.6241075162819869e-12
1.3000994818769702e-10
8.5550200656509865e-13
-1.2647708509279721e-10
1.6733136031495361e-12
1.2809808595958162e-10
1.1799246519189138e-12
-1.2414342846301744e-10
1.7397338840248944e-12
1.2608759999108771e-10
1.3736922052043099e-12
-1.2186948593568215e-10
1.7796892970899474e-12
1.2397752698310739e-10
1.4561438663666850e-12
-1.1965640114131635e-10
1.8018555386413832e-12
1.2193928351222234e-10
1.5741735947511315e-12
-1.1746293212575680e-10
1.8285738076880556e-12
1.1984977228516191e-10
1.5710618586576374e-12
-1.1542791328585431e-10
1.8424053736407599e-12
1.1784194461711237e-10
1.6528083911518844e-12
-1.1335737764603923e-10
1.9228245404310861e-12
1.1596781132649451e-10
1.7235692011445736e-12
-1.1143372841969603e-10
1.9698509242262205e-12
1.1419607082354502e-10
1.8016615525926958e-12
