0.0000000000000000e+00
0.0000000000000000e+00
0.0000000000000000e+00
0.0000000000000000e+00
0.0000000000000000e+00
0.0000000000000000e+00
0.0000000000000000e+00
-4.9141520993132982e-15
-8.7010172773229942e-14
9.0574898730100215e-13
1.3025618485332776e-12
8.9864033561649519e-13
1.1308289664380788e-12
1.1413937382844493e-12
1.1409334383540790e-12
1.1439798669111939e-12
1.1435206650618185e-12
1.1450058034118294e-12
1.1409715178327908e-12
1.1446984931770808e-12
1.1445671799624724e-12
1.1458420538103579e-12
1.1412852005925375e-12
1.1468208426755423e-12
1.1458712453542087e-12
1.1495582100592867e-12
1.1495043993177182e-12
1.0119090332239099e-12
7.0300198368336469e-13
1.3252287128652138e-12
7.9847389013207200e-13
7.2839844111345804e-13
7.2327001625971866e-13
6.4500815797948849e-13
6.4474008414411996e-13
6.4502243480790657e-13
6.4453271120928122e-13
6.4501230695409288e-13
6.4450839535712179e-13
6.4518707319398334e-13
6.4509339503391797e-13
6.4448785931295720e-13
6.4422379961177404e-13
6.4524262465630371e-13
6.4536403188803604e-13
6.4634793448226215e-13
6.4637160797549908e-13
5.6303335479285632e-13
4.5546071995860980e-13
7.8513387522597896e-15
-2.7574467957149481e-13
-5.0487422195688983e-13
-5.4662695706783426e-13
-8.2655174349497911e-13
-8.1375648391106391e-13
-1.0623834566011690e-12
-1.2497955931309905e-12
-1.4981712540692574e-12
-1.9840912903257029e-12
-2.4080308464504305e-12
-3.5391639570326947e-12
-4.1936662359462245e-12
-4.7309906807458617e-12
-5.4718515571011695e-12
-5.8005542002638516e-12
-6.0907214364556620e-12
-6.4466169804203463e-12
-6.9301239462307627e-12
-7.5443875547798972e-12
-7.7951518732476213e-12
-8.3312380250401005e-12
-8.7263580020169923e-12
-9.1371961399358378e-12
-9.5030449238536071e-12
-1.0006923667040215e-11
-9.9254280777242609e-12
-1.0441037596115534e-11
-1.0956135962834606e-11
-1.0880849853782459e-11
-1.1120438055889025e-11
-1.1487618981591269e-11
-1.1769640463885055e-11
-1.2004968973994441e-11
-1.2042091008721768e-11
-1.2112708574364898e-11
-1.2220208995416620e-11
-1.2393437893034916e-11
-1.2821708738661121e-11
-1.3209280929414627e-11
-1.3598384200062111e-11
-1.3972603338467136e-11
-1.4296306956873906e-11
-1.4650603407267730e-11
-1.4929189291600134e-11
-1.5358467762543320e-11
-1.5616560066830718e-11
-1.5687674340559849e-11
-1.5808305311236944e-11
-1.6063612094290740e-11
-1.6225967669590007e-11
-1.6300984440826359e-11
-1.6522230129663071e-11
-1.6595676468633965e-11
-1.6671615475807304e-11
-1.6753421341300887e-11
-1.6803585267586315e-11
-1.6893348238328118e-11
-1.6977589445877379e-11
-1.7037033441726454e-11
-1.7095402494034409e-11
-1.7223719436368487e-11
-1.7134761557616938e-11
-1.7039826661908886e-11
-1.7044590748172492e-11
-1.7117132890304739e-11
-1.7173891785285731e-11
-1.7180142746607651e-11
-1.7180794920823929e-11
-1.7300511175440645e-11
-1.7365028758761664e-11
-1.7275805097308396e-11
-1.7028551420722941e-11
-1.7070191362918394e-11
-1.7183457570206613e-11
-1.7218701680144046e-11
-1.7190826411839504e-11
-1.7236626324680851e-11
-1.7393604329977969e-11
-1.7406699500411518e-11
-1.7489037053386426e-11
-1.7471545118416067e-11
-1.7524761902664243e-11
-1.7497836628664079e-11
-1.7456134456476853e-11
-1.7551102525645966e-11
-1.7639486883654389e-11
-1.7718971384794555e-11
-1.7608293471024191e-11
-1.7420380016016759e-11
-1.7154118907800051e-11
-1.6873809901307748e-11
-1.7180014385673695e-11
-1.7654787675888050e-11
-1.8190781224448159e-11
-1.8896528772512174e-11
-1.7874253181276074e-11
-1.6500111694630639e-11
-1.4815818461411905e-11
-1.2870350862936433e-11
-1.0612350481397809e-11
-1.4567664379785480e-11
-1.9438764433170570e-11
-2.5141448039748137e-11
-3.1707678320197521e-11
-3.9102779486193352e-11
-2.2710065699123351e-11
-3.7333996698499719e-12
1.7718039912701979e-11
4.1502844431725827e-11
-8.4442202805204026e-12
-6.4111694888395372e-11
-1.2513868087503506e-10
-2.4238910857937375e-11
8.5386823550200073e-11
-1.6125937882411127e-11
-1.2469770930410864e-10
-2.3486028378731690e-11
8.3549009063963565e-11
-1.7779677489967097e-11
-1.2369770096563352e-10
-2.2708483542692916e-11
8.2025463461239307e-11
-1.8840509648149854e-11
-1.2255214707486254e-10
-2.2046953732437794e-11
8.0601811554543127e-11
-1.9601161101002650e-11
-1.2130820973892901e-10
-2.1531798459407456e-11
7.9218572865733874e-11
-2.0161207188974775e-11
-1.2006033358479064e-10
-2.1148571602050974e-11
7.7936133426717897e-11
-2.0537649787684587e-11
-1.1885885360139390e-10
-2.0826047383464007e-11
7.6703822618615913e-11
-2.0821520852423077e-11
-1.1758101702367935e-10
-2.0622972769877649e-11
7.5486172370739277e-11
-2.0962003182954429e-11
-1.1633931274866764e-10
-2.0440341009450793e-11
7.4328452227924462e-11
-2.1058591163037383e-11
-1.1517822320774183e-10
-2.0324276641382254e-11
7.3148812001572263e-11
-2.1134916816663980e-11
