0.0000000000000000e+00
0.0000000000000000e+00
0.0000000000000000e+00
0.0000000000000000e+00
0.0000000000000000e+00
0.0000000000000000e+00
0.0000000000000000e+00
-1.1612876924026913e-01
-4.9087603650788486e-01
-1.1159003456141516e+00
-1.9831282460085882e+00
-2.5598530580703533e+00
-2.8557703023335281e+00
-2.8797762963926248e+00
-2.8797762963926239e+00
-2.8797762963926248e+00
-2.8797762963926226e+00
-2.8797762963926168e+00
-2.8797762963926199e+00
-2.8797762963926226e+00
-2.8797762963926221e+00
-2.8797762963926234e+00
-2.8797762963926248e+00
-2.8797762963926221e+00
-2.8797762963926248e+00
-2.8797762963926283e+00
-2.8797762963926283e+00
-2.7079091066655057e+00
-2.2792197223019230e+00
-1.6019935245836363e+00
-6.8424781762269848e-01
-5.8309756545863185e-02
2.8490896753901218e-01
3.5469039520114637e-01
3.5469039520114654e-01
3.5469039520114620e-01
3.5469039520114604e-01
3.5469039520114659e-01
3.5469039520114642e-01
3.5469039520114576e-01
3.5469039520114576e-01
3.5469039520114576e-01
3.5469039520114592e-01
3.5469039520114581e-01
3.5469039520114615e-01
3.5469039520114620e-01
3.5469039520114698e-01
2.6885493636206992e-01
-7.6576096586631268e-02
-6.7322985691340953e-01
-1.5130023881164287e+00
-2.3256522344070065e+00
-3.1121219344981883e+00
-3.8732216443726983e+00
-4.6097697516932525e+00
-5.3225582433668812e+00
-6.0123535585624488e+00
-6.6798974126068131e+00
-7.3259075945302596e+00
-7.9510787388811472e+00
-8.5560830726401065e+00
-9.1415711380537097e+00
-9.7081724921351462e+00
-1.0256496383608038e+01
-1.0787132408012656e+01
-1.1300651141682931e+01
-1.1797604755260471e+01
-1.2278527607439848e+01
-1.2743936819532689e+01
-1.3194332831524299e+01
-1.3630199940172572e+01
-1.4052006819762592e+01
-1.4460207026054274e+01
-1.4855239483977455e+01
-1.5237528959593920e+01
-1.5607486516838637e+01
-1.5965509959515213e+01
-1.6311984259050078e+01
-1.6647281968437312e+01
-1.6971763622831809e+01
-1.7285778127225321e+01
-1.7589663131607203e+01
-1.7883745394036360e+01
-1.8168341131986235e+01
-1.8443756362369047e+01
-1.8710287230583312e+01
-1.8968220328949293e+01
-1.9217833004874748e+01
-1.9459393659080796e+01
-1.9693162034195755e+01
-1.9919389494057956e+01
-2.0138319293993298e+01
-2.0350186842383128e+01
-2.0555219953786608e+01
-2.0753639093911673e+01
-2.0945657616664501e+01
-2.1131481993572251e+01
-2.1311312035787672e+01
-2.1485341108942453e+01
-2.1653756341068490e+01
-2.1816738823808777e+01
-2.1974463807141714e+01
-2.2127100887819239e+01
-2.2274814191732119e+01
-2.2417762550385941e+01
-2.2556099671691150e+01
-2.2689974305238046e+01
-2.2819530402242954e+01
-2.2944907270334479e+01
-2.3066239723346641e+01
-2.3183658226282134e+01
-2.3297289035592165e+01
-2.3407254334941214e+01
-2.3513672366585283e+01
-2.3616657558514433e+01
-2.3716320647493959e+01
-2.3812768798131977e+01
-2.3906736463024281e+01
-2.3997042166784713e+01
-2.4084522520880945e+01
-2.4169093191681554e+01
-2.4251418913066676e+01
-2.4330605828613244e+01
-2.4407371037840047e+01
-2.4481527240343400e+01
-2.4553670490609832e+01
-2.4623107355567114e+01
-2.4690456149612253e+01
-2.4755480574335643e+01
-2.4818711664487886e+01
-2.4879598814348583e+01
-2.4938677537819707e+01
-2.4995694821018930e+01
-2.5051121635202836e+01
-2.5104511689357327e+01
-2.5156330321136551e+01
-2.5206936544758207e+01
-2.5255300311019674e+01
-2.5301933964709498e+01
-2.5347232786674120e+01
-2.5391501741363697e+01
-2.5433911791874642e+01
-2.5474887651977049e+01
-2.5514756994015993e+01
-2.5553772621579675e+01
-2.5590948127435549e+01
-2.5626703939405264e+01
-2.5661364423168447e+01
-2.5695179831177164e+01
-2.5728343236541154e+01
-2.5759887432348375e+01
-2.5790182375385168e+01
-2.5819513492253549e+01
-2.5848100993388783e+01
-2.5876114774082410e+01
-2.5902892146231181e+01
-2.5928715604569508e+01
-2.5953803097555685e+01
-2.5978322775336309e+01
-2.6001803115703581e+01
-2.6024481586663391e+01
-2.6046541397955206e+01
-2.6067821137086295e+01
-2.6088499035086677e+01
-2.6108425302615448e+01
-2.6127771671818881e+01
-2.6146431079617628e+01
-2.6164560483707056e+01
-2.6182033156149934e+01
-2.6198999147162084e+01
-2.6215360894512504e+01
-2.6231256456932073e+01
-2.6246577646371311e+01
-2.6261455696110410e+01
-2.6275802716103417e+01
-2.6289740037391066e+01
-2.6303174659715143e+01
-2.6316221440511804e+01
-2.6328801823608593e+01
-2.6341022373028920e+01
-2.6352802726453348e+01
-2.6364243460778216e+01
-2.6375274746462612e+01
-2.6385990135840800e+01
-2.6396319916260836e+01
-2.6406352192642981e+01
-2.6416025132152647e+01
-2.6425420837565067e+01
-2.6434478659857032e+01
-2.6443275799567608e+01
-2.6451757654994847e+01
-2.6459996263722225e+01
-2.6467938749677121e+01
-2.6475652771979853e+01
-2.6483090208952532e+01
-2.6490314256161803e+01
-2.6497278742353188e+01
-2.6504042972976890e+01
-2.6510564597023105e+01
-2.6516899046501585e+01
-2.6523005958803719e+01
