0.0000000000000000e+00
0.0000000000000000e+00
0.0000000000000000e+00
0.0000000000000000e+00
0.0000000000000000e+00
0.0000000000000000e+00
0.0000000000000000e+00
2.9676458542743579e-14
-2.1196079537257833e-13
-3.6381435743696180e-13
-1.2209332843826231e-13
3.2575454672592523e-14
-2.8799383660274841e-14
-3.1245947834337181e-14
-3.2199720039841115e-14
-3.2120840915411253e-14
-3.2253910902230546e-14
-3.1585307363596985e-14
-3.2051568053341861e-14
-3.1976167310775523e-14
-3.1869570118638656e-14
-3.1634138689291424e-14
-3.2264984008077095e-14
-3.2145585255720408e-14
-3.2402602680650411e-14
-3.2736426895705407e-14
-3.2886170097664256e-14
-3.4289475322059579e-13
-1.0379076883185661e-12
-1.1672767964292522e-12
-1.4724215512098021e-12
-1.2437646577222928e-12
-1.4311692747309603e-12
-1.4848419581391711e-12
-1.4848212546231206e-12
-1.4847196705320390e-12
-1.4846940108603225e-12
-1.4846987962116732e-12
-1.4846380835949352e-12
-1.4844998212413396e-12
-1.4845323573211190e-12
-1.4845576862936487e-12
-1.4847027193347168e-12
-1.4846123127307163e-12
-1.4845929687035213e-12
-1.4846250911011731e-12
-1.4846166090159868e-12
-1.5756460290204889e-12
-1.6697491536268468e-12
-2.2282276687669804e-12
-2.4755343156058153e-12
-2.6982467016389904e-12
-2.9647172768155075e-12
-2.9586771809752220e-12
-3.0166864614117095e-12
-3.4255453068015942e-12
-3.8622173359708873e-12
-4.4146056685980504e-12
-4.6451378823512932e-12
-5.2011919905524175e-12
-5.4770530659993711e-12
-5.5862679000809524e-12
-6.3814016504325020e-12
-6.5304303312773164e-12
-6.3110259357491568e-12
-6.6634517092936044e-12
-6.8694804464195715e-12
-7.6144255678069292e-12
-7.8420292229276264e-12
-8.1426145872824592e-12
-8.4860043218715343e-12
-8.6577688952412610e-12
-9.0345396808927646e-12
-9.3973761286647650e-12
-1.0079318144240538e-11
-1.0326900597581459e-11
-1.0867791822460358e-11
-1.1178570771043048e-11
-1.1359418007329336e-11
-1.1486737590625888e-11
-1.1925069832387084e-11
-1.2218149331157970e-11
-1.2309057839623504e-11
-1.2534327045549091e-11
-1.2755622225936992e-11
-1.2939449357861182e-11
-1.3253889061940175e-11
-1.3383941054054164e-11
-1.3399066517345258e-11
-1.3530054203785012e-11
-1.3671062215573324e-11
-1.3914686572215730e-11
-1.4168061711489804e-11
-1.4290031816099312e-11
-1.4423863509196978e-11
-1.4458302904311754e-11
-1.4317567554294365e-11
-1.4260383612098408e-11
-1.4616214347835747e-11
-1.4665340478352568e-11
-1.4578960766983313e-11
-1.4543956027609214e-11
-1.4487748133315108e-11
-1.4480776071473481e-11
-1.4747432288761519e-11
-1.4711105054878643e-11
-1.4694634230356759e-11
-1.4784103500018376e-11
-1.4816443395785048e-11
-1.4699064993155024e-11
-1.4667759175447814e-11
-1.4747505408132590e-11
-1.4664121163105294e-11
-1.4624025319908868e-11
-1.4637693428090808e-11
-1.4652655372410131e-11
-1.4661731433597193e-11
-1.4579892712294808e-11
-1.4643355905494818e-11
-1.4840920580179789e-11
-1.4878027783259661e-11
-1.4700627787144252e-11
-1.4677712594350336e-11
-1.4756300169818583e-11
-1.4789605851350393e-11
-1.4799835255406310e-11
-1.4830256253314228e-11
-1.4868996901269013e-11
-1.4849413498839184e-11
-1.4863378806556892e-11
-1.4899376977230368e-11
-1.4965940289271335e-11
-1.4967000641770341e-11
-1.4923663060637690e-11
-1.4930424130133120e-11
-1.4949294220445349e-11
-1.4995567863131456e-11
-1.4997124192466925e-11
-1.4942893656788323e-11
-1.4912643310566096e-11
-1.4819060052802997e-11
-1.4790127463541278e-11
-1.4857030768039198e-11
-1.4991181090306391e-11
-1.5193896899388493e-11
-1.5192800656437463e-11
-1.4964404589518561e-11
-1.4518284952607860e-11
-1.3877569817522921e-11
-1.3013165837504210e-11
-1.3007934394468088e-11
-1.3724813100525980e-11
-1.5134884937991180e-11
-1.7174191384089401e-11
-1.9861429579095887e-11
-1.9846910105834723e-11
-1.7350477172572892e-11
-1.2529800544279261e-11
-5.4917973389434958e-12
-5.4182840511868254e-12
-1.1737632757423702e-11
-2.4117472654347173e-11
-2.4259913557187003e-11
-1.2976631843167478e-11
-1.2908467623826306e-11
-2.3309819270192880e-11
-2.3389406612860047e-11
-1.3833406517255640e-11
-1.3726959122698119e-11
-2.2441751343687378e-11
-2.2488202633315362e-11
-1.4453875410281282e-11
-1.4354864085093083e-11
-2.1654140357003743e-11
-2.1723169183541120e-11
-1.4997986047831955e-11
-1.4901713006412829e-11
-2.0995380358992196e-11
-2.1040110591436052e-11
-1.5456781225872385e-11
-1.5371050283647508e-11
-2.0426948165618063e-11
-2.0459973020255492e-11
-1.5803583387768374e-11
-1.5733817639200112e-11
-1.9955098526216044e-11
-1.9990526339084288e-11
-1.6124166133693773e-11
-1.6064483194228923e-11
-1.9556947054342616e-11
-1.9589955814797968e-11
-1.6389947810874006e-11
-1.6319696064445018e-11
-1.9206122513604257e-11
-1.9235739482086282e-11
-1.6592904979061106e-11
-1.6533016695481707e-11
-1.8923531024353897e-11
-1.8951691963964682e-11
-1.6771352733953053e-11
-1.6729980811192605e-11
