0.0000000000000000e+00
1.4878048780476240e-04
2.9753884326835718e-04
4.4634146341188368e-04
5.9512194463081410e-04
7.4388029351045589e-04
8.9261651663466814e-04
1.0559793021325593e-03
1.2516023954372748e-03
1.4785109808372302e-03
1.7356950157633483e-03
1.6588957569183037e-03
1.5472140108105041e-03
1.4014343236799752e-03
1.2526549536416309e-03
1.1038534450080312e-03
9.5502979119032694e-04
8.0631350045249077e-04
6.5753301265832466e-04
5.0875252485441049e-04
3.5997203704964944e-04
2.1119154924457536e-04
6.2388922512602603e-05
-8.6369426368534689e-05
-2.3514990758799568e-04
-3.8395252773304174e-04
-5.3277729339312567e-04
-7.0297521816105974e-04
-9.0534243994367422e-04
-1.1387761336089936e-03
-1.4022747745738575e-03
-1.3318460650719520e-03
-1.2258587520914638e-03
-1.0858008410407488e-03
-9.3701931443213873e-04
-7.8825992047266340e-04
-6.3952265257953068e-04
-4.9067776282809476e-04
-3.4189727501320109e-04
-1.9311678720606649e-04
-4.4336299400201284e-05
1.0444418840311636e-04
2.5320254386716892e-04
4.0200516400998017e-04
5.5078564522845989e-04
6.9954399410778942e-04
8.4828021723324710e-04
1.0078564327914369e-03
1.1998148953782642e-03
1.4231771626361319e-03
1.6769292768831720e-03
1.7784885773794714e-03
1.8768201098417528e-03
1.9719575737501198e-03
2.0640260879289459e-03
2.1531246499638338e-03
2.2393490649018290e-03
2.3227920471604563e-03
2.4035433203740833e-03
2.4816897138614969e-03
2.5573152559949216e-03
2.6305012645602929e-03
2.7013264341841266e-03
2.7698669209596555e-03
2.8361964243296509e-03
2.9003862663376000e-03
2.9625054683141642e-03
3.0226208250997521e-03
3.0807969768565082e-03
3.1370964785863232e-03
3.1915798673824167e-03
3.2443057275333906e-03
3.2953307535085255e-03
3.3447098109259483e-03
3.3924959955436702e-03
3.4387406903553012e-03
3.4834936208352320e-03
3.5268029084133813e-03
3.5687151222147553e-03
3.6092753291340723e-03
3.6485271422956032e-03
3.6865127679478662e-03
3.7232730508509164e-03
3.7588475181869283e-03
3.7932744220716907e-03
3.8265907806798649e-03
3.8588324180499991e-03
3.8900340026107724e-03
3.9202290844539966e-03
3.9494501314049479e-03
3.9777285639466279e-03
4.0050947889928743e-03
4.0315782325931046e-03
4.0572073715650168e-03
4.0820097641260369e-03
4.1060120795114374e-03
4.1292401266652167e-03
4.1517188819792236e-03
4.1734725161577937e-03
4.1945244202065482e-03
4.2148972305794024e-03
4.2346128535250480e-03
4.2536924886355330e-03
4.2721566516496379e-03
4.2900251965034822e-03
4.3073173366887964e-03
4.3240516659021752e-03
4.3402461780466563e-03
4.3559182865761329e-03
4.3710848432193562e-03
4.3857621561017249e-03
4.3999660072799101e-03
4.4137116697121658e-03
4.4270139236802473e-03
4.4398870726843637e-03
4.4523449588189127e-03
4.4644009776589775e-03
4.4764568511539539e-03
4.4874351477712454e-03
4.4984133238674230e-03
4.5089415268129811e-03
4.5194696189182100e-03
4.5291306058966941e-03
4.5387914995410226e-03
4.5479957828891606e-03
4.5571999815205034e-03
4.5656932970052043e-03
4.5741865403535389e-03
4.5822399496536657e-03
4.5902932940979028e-03
4.5977547295040673e-03
4.6052161092370635e-03
4.6122667305132422e-03
4.6193173020784130e-03
4.6258688389783555e-03
4.6324203329543906e-03
4.6389717840097612e-03
4.6447174162971439e-03
4.6504630155726973e-03
4.6562085818372114e-03
4.6619541150893437e-03
4.6670438516182421e-03
4.6721335622422989e-03
4.6772232469609962e-03
4.6823129057746689e-03
4.6866733934615885e-03
4.6910338621346187e-03
4.6953943117943597e-03
4.6997547424403310e-03
4.7041151540734407e-03
4.7077908066496333e-03
4.7114664457144750e-03
4.7151420712692850e-03
4.7188176833136541e-03
4.7224932818479360e-03
4.7256663960409985e-03
4.7288395001664624e-03
4.7320125942223491e-03
4.7351856782103987e-03
4.7380302675142320e-03
4.7408748487256800e-03
4.7437194218463465e-03
4.7462825199924112e-03
4.7488456115683374e-03
4.7513580409719374e-03
4.7538704640624676e-03
4.7561087628670414e-03
4.7583470566608128e-03
4.7605590226843988e-03
4.7627709838155338e-03
4.7647249897538827e-03
4.7666789918733212e-03
4.7686270839669975e-03
4.7705751722668856e-03
4.7722802174682078e-03
4.7739852597618202e-03
4.7757017106362584e-03
4.7774181585641499e-03
4.7789051059172671e-03
4.7803920510590472e-03
4.7819052189761466e-03
4.7834183846029313e-03
4.7847142212819110e-03
4.7860100562825986e-03
4.7873448676994130e-03
4.7886796773343749e-03
4.7898080195013515e-03
4.7909363603954929e-03
4.7921147106450125e-03
4.7932930595064828e-03
4.7942745848627731e-03
4.7952561092557810e-03
4.7962972218687176e-03
4.7973383333982022e-03
4.7981911541113498e-03
4.7990439740977706e-03
4.7999647209503336e-03
4.8008854669534433e-03
4.8016254526249743e-03
4.8023654377500934e-03
4.8031806230024688e-03
