0.0000000000000000e+00
-4.4634146340809018e-05
-8.9270284978046373e-05
-1.3390243902182809e-04
-1.7853658518342965e-04
-2.2317272364102235e-04
-2.6781085457346641e-04
-3.1969708722903609e-04
-3.8775300050961428e-04
-4.7145116026596457e-04
-5.7028704564079154e-04
-5.6168784962619118e-04
-5.3555890720565109e-04
-4.9242512738585740e-04
-4.4779089685930177e-04
-4.0315865845823990e-04
-3.5852841200555250e-04
-3.1388845754023439e-04
-2.6925431120540625e-04
-2.2462016486486230e-04
-1.7998601852349132e-04
-1.3535187218298851e-04
-9.0719717959426120e-05
-4.6083579499069966e-05
-1.4494333339039380e-06
4.3182720713386344e-05
8.7812882820621909e-05
1.4319467009875160e-04
2.1462186258852691e-04
3.0158265010293524e-04
4.0357590747656772e-04
3.9807327092882157e-04
3.7487989099173775e-04
3.3460708732906510e-04
2.8997302562706076e-04
2.4533697163608428e-04
2.0069892517871632e-04
1.5607058873312097e-04
1.1143644238434126e-04
6.6802296042638214e-05
2.2168149701117850e-05
-2.2465996639758043e-05
-6.7102135276792205e-05
-1.1173428932116656e-04
-1.5636843548364512e-04
-2.0100457394150667e-04
-2.4564270487325315e-04
-2.9563559878195993e-04
-3.6185925486902548e-04
-4.4378425528548298e-04
-5.4090418005481311e-04
-5.9169221516364547e-04
-6.4084908515753616e-04
-6.8841781693084554e-04
-7.3445207360489542e-04
-7.7900135428846952e-04
-8.2211356144557012e-04
-8.6383505228402420e-04
-9.0421068861629714e-04
-9.4328388510316074e-04
-9.8109665592998989e-04
-1.0176896599876028e-03
-1.0531022445898867e-03
-1.0873724877797626e-03
-1.1205372392797393e-03
-1.1526321601116468e-03
-1.1836917609377709e-03
-1.2137494391791231e-03
-1.2428375149155799e-03
-1.2709872656473341e-03
-1.2982289599214349e-03
-1.3245918898801045e-03
-1.3501044027589809e-03
-1.3747939313654915e-03
-1.3986870235782713e-03
-1.4218093708949036e-03
-1.4441858360503383e-03
-1.4658404797608176e-03
-1.4867965865876453e-03
-1.5070766899768341e-03
-1.5267025964927554e-03
-1.5456954092582099e-03
-1.5640755506525017e-03
-1.5818627842667729e-03
-1.5990762361590338e-03
-1.6157344154161400e-03
-1.6318552340589855e-03
-1.6474560262984658e-03
-1.6625535671813312e-03
-1.6771640906210689e-03
-1.6913033068576362e-03
-1.7049864193497879e-03
-1.7182281411209711e-03
-1.7310427105803824e-03
-1.7434439068347654e-03
-1.7554450645032639e-03
-1.7670590880563353e-03
-1.7782984656925104e-03
-1.7891752827620721e-03
-1.7997012347668545e-03
-1.8098876399353183e-03
-1.8197454513913527e-03
-1.8292852689321987e-03
-1.8385173504252223e-03
-1.8474516228398374e-03
-1.8560976929193496e-03
-1.8644648575149431e-03
-1.8725621135767269e-03
-1.8803981678303138e-03
-1.8879814461419816e-03
-1.8953201025749314e-03
-1.9024220281558604e-03
-1.9092948593638164e-03
-1.9159459863406607e-03
-1.9223825608345809e-03
-1.9286115038951218e-03
-1.9346395133091070e-03
-1.9406675590598831e-03
-1.9461565989237258e-03
-1.9516456689171431e-03
-1.9569097879089652e-03
-1.9621739346118400e-03
-1.9670043277577485e-03
-1.9718347442361293e-03
-1.9764369159506849e-03
-1.9810391088445527e-03
-1.9852856731737765e-03
-1.9895322555368122e-03
-1.9935589993237161e-03
-1.9975857593253197e-03
-2.0013163893362763e-03
-2.0050470332643711e-03
-2.0085723897400667e-03
-2.0120977586433855e-03
-2.0153734440168576e-03
-2.0186491401200783e-03
-2.0219248469541089e-03
-2.0247977328994881e-03
-2.0276706270989995e-03
-2.0305435295510143e-03
-2.0334164402575545e-03
-2.0359609504368094e-03
-2.0385054670913000e-03
-2.0410499902217918e-03
-2.0435945198247129e-03
-2.0457757214143984e-03
-2.0479569277614589e-03
-2.0501381388658827e-03
-2.0523193547283942e-03
-2.0545005753480530e-03
-2.0563344279792058e-03
-2.0581682839733583e-03
-2.0600021433303008e-03
-2.0618360060504944e-03
-2.0636698721343519e-03
-2.0652722225409465e-03
-2.0668745755146167e-03
-2.0684769310570306e-03
-2.0700792891656288e-03
-2.0714541582240020e-03
-2.0728290291722215e-03
-2.0742039020117146e-03
-2.0755802843792697e-03
-2.0769566686425303e-03
-2.0781180448561751e-03
-2.0792794224192249e-03
-2.0804934057934263e-03
-2.0817073906422181e-03
-2.0827185357052318e-03
-2.0837296817911369e-03
-2.0848015192341837e-03
-2.0858733578270725e-03
-2.0867525663436754e-03
-2.0876317756328869e-03
-2.0885791330898886e-03
-2.0895264914450422e-03
-2.0902898796743294e-03
-2.0910532684869378e-03
-2.0918915773137665e-03
-2.0927298868431907e-03
-2.0933916338427131e-03
-2.0940533812797454e-03
-2.0947961349953065e-03
-2.0955388892616310e-03
-2.0961114582008183e-03
-2.0966840274680458e-03
-2.0973430341035089e-03
-2.0980020411719130e-03
-2.0984963796738198e-03
-2.0989907184196027e-03
-2.0995763167832643e-03
-2.1001619154906561e-03
-2.1005876352844506e-03
-2.1010133552606209e-03
-2.1015346014090575e-03
-2.1020558478301713e-03
-2.1024213848239411e-03
-2.1027869219525340e-03
-2.1032517506655688e-03
-2.1037165795946755e-03
-2.1040293358508566e-03
