0.0000000000000000e+00
-4.4634146341425516e-05
-8.9270284978073533e-05
-1.3390243902229156e-04
-1.7853658518436483e-04
-2.2317272364285614e-04
-2.6781085457466055e-04
-3.1969708722888121e-04
-3.8775300050902881e-04
-4.7145116026496835e-04
-5.7028704563943271e-04
-5.6168784962561330e-04
-5.3555890720342067e-04
-4.9242512738547836e-04
-4.4779089685843582e-04
-4.0315865845820520e-04
-3.5852841200556957e-04
-3.1388845754005984e-04
-2.6925431120571660e-04
-2.2462016486431190e-04
-1.7998601852317215e-04
-1.3535187218182410e-04
-9.0719717959070786e-05
-4.6083579498024829e-05
-1.4494333327299970e-06
4.3182720714966976e-05
8.7812882822475624e-05
1.4319467009893096e-04
2.1462186258848194e-04
3.0158265010285778e-04
4.0357590747578710e-04
3.9807327092915426e-04
3.7487989099144095e-04
3.3460708732941199e-04
2.8997302562622121e-04
2.4533697163460412e-04
2.0069892517691527e-04
1.5607058873196209e-04
1.1143644238284953e-04
6.6802296040877551e-05
2.2168149700358252e-05
-2.2465996640594102e-05
-6.7102135278474304e-05
-1.1173428932280069e-04
-1.5636843548424962e-04
-2.0100457394205243e-04
-2.4564270487361658e-04
-2.9563559878229836e-04
-3.6185925486958455e-04
-4.4378425528619075e-04
-5.4090418005509717e-04
-5.9169221516412003e-04
-6.4084908515833988e-04
-6.8841781693181883e-04
-7.3445207360508689e-04
-7.7900135429003056e-04
-8.2211356144617196e-04
-8.6383505228405011e-04
-9.0421068861751329e-04
-9.4328388510397812e-04
-9.8109665593140803e-04
-1.0176896599890304e-03
-1.0531022445904828e-03
-1.0873724877813584e-03
-1.1205372392808380e-03
-1.1526321601131356e-03
-1.1836917609391120e-03
-1.2137494391803083e-03
-1.2428375149171364e-03
-1.2709872656485814e-03
-1.2982289599221862e-03
-1.3245918898809946e-03
-1.3501044027601783e-03
-1.3747939313662084e-03
-1.3986870235795834e-03
-1.4218093708952080e-03
-1.4441858360519835e-03
-1.4658404797621197e-03
-1.4867965865882733e-03
-1.5070766899783145e-03
-1.5267025964948344e-03
-1.5456954092600262e-03
-1.5640755506533359e-03
-1.5818627842680351e-03
-1.5990762361595451e-03
-1.6157344154169640e-03
-1.6318552340594699e-03
-1.6474560262995667e-03
-1.6625535671823844e-03
-1.6771640906217400e-03
-1.6913033068589661e-03
-1.7049864193512503e-03
-1.7182281411216660e-03
-1.7310427105805032e-03
-1.7434439068356926e-03
-1.7554450645036017e-03
-1.7670590880578176e-03
-1.7782984656929918e-03
-1.7891752827623724e-03
-1.7997012347678427e-03
-1.8098876399368592e-03
-1.8197454513921045e-03
-1.8292852689325029e-03
-1.8385173504254539e-03
-1.8474516228395577e-03
-1.8560976929191824e-03
-1.8644648575152193e-03
-1.8725621135772725e-03
-1.8803981678320457e-03
-1.8879814461436827e-03
-1.8953201025760946e-03
-1.9024220281557980e-03
-1.9092948593640463e-03
-1.9159459863408745e-03
-1.9223825608351650e-03
-1.9286115038963168e-03
-1.9346395133099975e-03
-1.9406675590608507e-03
-1.9461565989243822e-03
-1.9516456689181224e-03
-1.9569097879089605e-03
-1.9621739346102510e-03
-1.9670043277582841e-03
-1.9718347442386607e-03
-1.9764369159508068e-03
-1.9810391088428605e-03
-1.9852856731736759e-03
-1.9895322555401641e-03
-1.9935589993236788e-03
-1.9975857593232190e-03
-2.0013163893360139e-03
-2.0050470332676341e-03
-2.0085723897401019e-03
-2.0120977586412232e-03
-2.0153734440168797e-03
-2.0186491401232702e-03
-2.0219248469594154e-03
-2.0247977329004387e-03
-2.0276706270942755e-03
-2.0305435295419564e-03
-2.0334164402428926e-03
-2.0359609504375506e-03
-2.0385054671065300e-03
-2.0410499902499823e-03
-2.0435945198676378e-03
-2.0457757214157176e-03
-2.0479569277202783e-03
-2.0501381387830683e-03
-2.0523193546030361e-03
-2.0545005751815880e-03
-2.0563344279740758e-03
-2.0581682841283814e-03
-2.0600021436452290e-03
-2.0618360065259933e-03
-2.0636698727700808e-03
-2.0652722225514494e-03
-2.0668745749009825e-03
-2.0684769298178487e-03
-2.0700792873017794e-03
-2.0714541581946765e-03
-2.0728290309774567e-03
-2.0742039056502247e-03
-2.0755802844097467e-03
-2.0769566650638920e-03
-2.0781180448445039e-03
-2.0792794259752818e-03
-2.0804934058154590e-03
-2.0817073871300779e-03
-2.0827185356933888e-03
-2.0837296852789008e-03
-2.0848015192527413e-03
-2.0858733543752637e-03
-2.0867525663310774e-03
-2.0876317790596548e-03
-2.0885791331055757e-03
-2.0895264880487294e-03
-2.0902898796626716e-03
-2.0910532718588183e-03
-2.0918915773263809e-03
-2.0927298834979924e-03
-2.0933916338299447e-03
-2.0940533845996818e-03
-2.0947961350066008e-03
-2.0955388859649963e-03
-2.0961114581900357e-03
-2.0966840307436920e-03
-2.0973430341148938e-03
-2.0980020379200528e-03
-2.0984963796636348e-03
-2.0989907216520847e-03
-2.0995763167942212e-03
-2.1001619122805351e-03
-2.1005876352752743e-03
-2.1010133584520026e-03
-2.1015346014194858e-03
-2.1020558446580967e-03
-2.1024213848167220e-03
-2.1027869251097307e-03
-2.1032517506754055e-03
-2.1037165764572784e-03
-2.1040293358434293e-03
