0.0000000000000000e+00
0.0000000000000000e+00
0.0000000000000000e+00
0.0000000000000000e+00
0.0000000000000000e+00
0.0000000000000000e+00
0.0000000000000000e+00
1.4516096155031648e-05
6.1359504563458702e-05
1.3948754320168094e-04
2.4789103075089112e-04
3.1998163225857622e-04
3.5697128779140137e-04
3.5997203704878794e-04
3.5997203704878794e-04
3.5997203704878794e-04
3.5997203704878794e-04
3.5997203704878794e-04
3.5997203704878794e-04
3.5997203704878794e-04
3.5997203704878794e-04
3.5997203704878794e-04
3.5997203704878794e-04
3.5997203704878794e-04
3.5997203704878794e-04
3.5997203704878794e-04
3.5997203704878794e-04
3.8145543576467640e-04
4.3504160881010557e-04
5.1969488352488857e-04
6.3441309689491290e-04
7.1265535452951412e-04
7.5555769504009863e-04
7.6428037349786804e-04
7.6428037349786804e-04
7.6428037349786804e-04
7.6428037349786804e-04
7.6428037349786804e-04
7.6428037349786804e-04
7.6428037349786804e-04
7.6428037349786804e-04
7.6428037349786804e-04
7.6428037349786804e-04
7.6428037349786804e-04
7.6428037349786804e-04
7.6428037349786804e-04
7.6428037349786804e-04
7.7500980585275552e-04
8.1818868497135261e-04
8.9277040501223055e-04
9.9774197141260716e-04
1.0993232021989519e-03
1.1976319147103901e-03
1.2927693784447545e-03
1.3848378918598192e-03
1.4739364533191096e-03
1.5601608677185753e-03
1.6436038494740991e-03
1.7243551222145986e-03
1.8025015152584901e-03
1.8781270569784179e-03
1.9513130651551730e-03
2.0221382344153540e-03
2.0906787208495232e-03
2.1570082239001343e-03
2.2211980656089642e-03
2.2833172673061911e-03
2.3434326238286397e-03
2.4016087753402885e-03
2.4579082768392598e-03
2.5123916654202954e-03
2.5651175253690538e-03
2.6161425511555319e-03
2.6655216083959271e-03
2.7133077928480102e-03
2.7595524875035802e-03
2.8043054178381829e-03
2.8476147052800666e-03
2.8895269189534679e-03
2.9300871257528075e-03
2.9693389388020441e-03
3.0073245643498087e-03
3.0440848471534557e-03
3.0796593143972055e-03
3.1140862181950396e-03
3.1474025767218201e-03
3.1796442140175542e-03
3.2108457985082378e-03
3.2410408802839934e-03
3.2702619271733537e-03
3.2985403596561408e-03
3.3259065846480700e-03
3.3523900281967876e-03
3.3780191671222018e-03
3.4028215596378312e-03
3.4268238749819184e-03
3.4500519220953974e-03
3.4725306773723164e-03
3.4942843115166474e-03
3.5153362155324001e-03
3.5357090258749430e-03
3.5554246487915545e-03
3.5745042838762325e-03
3.5929684468653349e-03
3.6108369916970362e-03
3.6281291318601737e-03
3.6448634610535256e-03
3.6610579731791376e-03
3.6767300816905914e-03
3.6918966383171284e-03
3.7065739511840706e-03
3.7207778023478121e-03
3.7345234647664341e-03
3.7478257187219402e-03
3.7606988677130852e-03
3.7731567538355289e-03
3.7852127726652782e-03
3.7969587307768206e-03
3.8082469437468779e-03
3.8191819880089048e-03
3.8297533218589774e-03
3.8400440370320891e-03
3.8499424014754105e-03
3.8595380526287768e-03
3.8688075779416868e-03
3.8778254842249680e-03
3.8865050923446213e-03
3.8949236916002794e-03
3.9030517446906978e-03
3.9109556309597027e-03
3.9185665246922888e-03
3.9259513651261979e-03
3.9330785255261005e-03
3.9400068772990704e-03
3.9466806340683778e-03
3.9531579630407961e-03
3.9594837409935284e-03
3.9655292117762178e-03
3.9713584184874143e-03
3.9770207712329234e-03
3.9825543905690338e-03
3.9878556468828990e-03
3.9929776293957785e-03
3.9979612971507913e-03
4.0028382505964627e-03
4.0074851888284475e-03
4.0119546653244655e-03
4.0162872257944885e-03
4.0205141517950316e-03
4.0246595774648146e-03
4.0286026019406935e-03
4.0323894698209000e-03
4.0360558594306423e-03
4.0396292970743021e-03
4.0431310196633041e-03
4.0464781911819228e-03
4.0497061234721424e-03
4.0528420600913747e-03
4.0559070198080208e-03
4.0588420623538695e-03
4.0616768712291845e-03
4.0644343476510924e-03
4.0670943150425340e-03
4.0696790522829242e-03
4.0721698357239905e-03
4.0745881318833737e-03
4.0769205578582469e-03
4.0791867333611108e-03
4.0813708174164322e-03
4.0834915663006633e-03
4.0855367847194880e-03
4.0875237300147770e-03
4.0894388786946690e-03
4.0912986349187046e-03
4.0930920124178441e-03
4.0948341775726149e-03
4.0965135053630990e-03
4.0981443529684199e-03
4.0997169008555306e-03
4.1012444695277166e-03
4.1027170137057506e-03
4.1041471055013219e-03
4.1055260162118816e-03
4.1068654398795229e-03
4.1081566624320172e-03
4.1094106969840798e-03
4.1106198144227916e-03
4.1117942775953419e-03
4.1129265053818191e-03
4.1140261478493576e-03
4.1150863797777713e-03
4.1161162058652280e-03
4.1171090166095799e-03
4.1180732694006458e-03
4.1190029490222350e-03
4.1199059549203877e-03
4.1207765156943002e-03
4.1216220445250548e-03
4.1224372475308375e-03
4.1232290537130366e-03
4.1239924177508018e-03
