0.0000000000000000e+00
0.0000000000000000e+00
0.0000000000000000e+00
0.0000000000000000e+00
0.0000000000000000e+00
0.0000000000000000e+00
0.0000000000000000e+00
-1.1612876924023711e-01
-4.9087603650745371e-01
-1.1159003456127405e+00
-1.9831282460056645e+00
-2.5598530580668588e+00
-2.8557703023288852e+00
-2.8797762963879761e+00
-2.8797762963879774e+00
-2.8797762963879774e+00
-2.8797762963879761e+00
-2.8797762963879716e+00
-2.8797762963879734e+00
-2.8797762963879747e+00
-2.8797762963879747e+00
-2.8797762963879756e+00
-2.8797762963879761e+00
-2.8797762963879743e+00
-2.8797762963879769e+00
-2.8797762963879805e+00
-2.8797762963879805e+00
-2.7079091066608854e+00
-2.2792197222975985e+00
-1.6019935245793624e+00
-6.8424781761991160e-01
-5.8309756543114329e-02
2.8490896754136391e-01
3.5469039520354362e-01
3.5469039520354345e-01
3.5469039520354317e-01
3.5469039520354290e-01
3.5469039520354334e-01
3.5469039520354306e-01
3.5469039520354267e-01
3.5469039520354195e-01
3.5469039520354190e-01
3.5469039520354223e-01
3.5469039520354179e-01
3.5469039520354206e-01
3.5469039520354217e-01
3.5469039520354295e-01
2.6885493636442570e-01
-7.6576096584428724e-02
-6.7322985691169257e-01
-1.5130023881146850e+00
-2.3256522344056352e+00
-3.1121219344974662e+00
-3.8732216443727729e+00
-4.6097697516932596e+00
-5.3225582433682908e+00
-6.0123535585641852e+00
-6.6798974126082005e+00
-7.3259075945327377e+00
-7.9510787388841431e+00
-8.5560830726440251e+00
-9.1415711380585236e+00
-9.7081724921400046e+00
-1.0256496383613829e+01
-1.0787132408018971e+01
-1.1300651141689977e+01
-1.1797604755268052e+01
-1.2278527607447831e+01
-1.2743936819541421e+01
-1.3194332831533327e+01
-1.3630199940181601e+01
-1.4052006819771712e+01
-1.4460207026063639e+01
-1.4855239483986740e+01
-1.5237528959603633e+01
-1.5607486516848073e+01
-1.5965509959525166e+01
-1.6311984259060399e+01
-1.6647281968447654e+01
-1.6971763622842627e+01
-1.7285778127236846e+01
-1.7589663131619236e+01
-1.7883745394048429e+01
-1.8168341131998517e+01
-1.8443756362381080e+01
-1.8710287230595267e+01
-1.8968220328961017e+01
-1.9217833004886501e+01
-1.9459393659092548e+01
-1.9693162034207361e+01
-1.9919389494069694e+01
-2.0138319294005214e+01
-2.0350186842394887e+01
-2.0555219953798026e+01
-2.0753639093923027e+01
-2.0945657616675632e+01
-2.1131481993583581e+01
-2.1311312035798782e+01
-2.1485341108953300e+01
-2.1653756341079319e+01
-2.1816738823819733e+01
-2.1974463807152578e+01
-2.2127100887829894e+01
-2.2274814191742575e+01
-2.2417762550396006e+01
-2.2556099671700974e+01
-2.2689974305247752e+01
-2.2819530402252632e+01
-2.2944907270344331e+01
-2.3066239723356698e+01
-2.3183658226292302e+01
-2.3297289035602070e+01
-2.3407254334951020e+01
-2.3513672366594964e+01
-2.3616657558524096e+01
-2.3716320647503686e+01
-2.3812768798141747e+01
-2.3906736463034072e+01
-2.3997042166794518e+01
-2.4084522520890786e+01
-2.4169093191691282e+01
-2.4251418913075987e+01
-2.4330605828622517e+01
-2.4407371037849586e+01
-2.4481527240352811e+01
-2.4553670490618881e+01
-2.4623107355576078e+01
-2.4690456149621539e+01
-2.4755480574344865e+01
-2.4818711664496718e+01
-2.4879598814357291e+01
-2.4938677537828717e+01
-2.4995694821027882e+01
-2.5051121635211452e+01
-2.5104511689365872e+01
-2.5156330321145354e+01
-2.5206936544767458e+01
-2.5255300311028950e+01
-2.5301933964718216e+01
-2.5347232786681868e+01
-2.5391501741370060e+01
-2.5433911791880984e+01
-2.5474887651984595e+01
-2.5514756994025863e+01
-2.5553772621592980e+01
-2.5590948127448868e+01
-2.5626703939415464e+01
-2.5661364423172653e+01
-2.5695179831172602e+01
-2.5728343236525220e+01
-2.5759887432332157e+01
-2.5790182375378738e+01
-2.5819513492266232e+01
-2.5848100993429547e+01
-2.5876114774159895e+01
-2.5902892146308933e+01
-2.5928715604614119e+01
-2.5953803097535598e+01
-2.5978322775221375e+01
-2.6001803115587588e+01
-2.6024481586632838e+01
-2.6046541398091609e+01
-2.6067821137223635e+01
-2.6088499035069614e+01
-2.6108425302597922e+01
-2.6127771671944544e+01
-2.6146431079743778e+01
-2.6164560483700203e+01
-2.6182033156142595e+01
-2.6198999147278059e+01
-2.6215360894628866e+01
-2.6231256456933764e+01
-2.6246577646372639e+01
-2.6261455696218203e+01
-2.6275802716211384e+01
-2.6289740037399991e+01
-2.6303174659723677e+01
-2.6316221440612182e+01
-2.6328801823709121e+01
-2.6341022373043725e+01
-2.6352802726467829e+01
-2.6364243460872071e+01
-2.6375274746556549e+01
-2.6385990135860652e+01
-2.6396319916280369e+01
-2.6406352192731269e+01
-2.6416025132240996e+01
-2.6425420837589353e+01
-2.6434478659881069e+01
-2.6443275799651119e+01
-2.6451757655078460e+01
-2.6459996263750337e+01
-2.6467938749705038e+01
-2.6475652772059323e+01
-2.6483090209032092e+01
-2.6490314256193201e+01
-2.6497278742384413e+01
-2.6504042973052751e+01
-2.6510564597098966e+01
-2.6516899046535688e+01
-2.6523005958837643e+01
