0.0000000000000000e+00
3.0500000000049983e+01
6.0993421070579373e+01
9.1499999999747089e+01
1.2199999822480730e+02
1.5249341752071348e+02
1.8298025966240144e+02
2.1349993892715432e+02
2.4399970251611873e+02
2.7449972018256636e+02
3.0499973774370170e+02
2.7447200340106889e+02
2.4399965262738584e+02
2.1349966873393885e+02
1.8299999710761855e+02
1.5249374486599231e+02
1.2198091023300151e+02
9.1499999999034529e+01
6.1000000000407333e+01
3.0500000000520163e+01
4.8491377929429615e-10
-3.0499999999735135e+01
-6.1006580704753532e+01
-9.1500000000492264e+01
-1.2199999822489045e+02
-1.5250657715363772e+02
-1.8301973856331841e+02
-2.1350013024485426e+02
-2.4400029459070637e+02
-2.7450027468702461e+02
-3.0500025704318813e+02
-2.7452802503500499e+02
-2.4400036041528818e+02
-2.1350033153292154e+02
-1.8300002484267603e+02
-1.5250629716525142e+02
-1.2201914672602631e+02
-9.1500000001813078e+01
-6.1000000000831811e+01
-3.0500000000335820e+01
1.0002386594461653e-11
3.0499999999646960e+01
6.0993421070231783e+01
9.1499999999187921e+01
1.2199999822406107e+02
1.5249341751994970e+02
1.8298025966207121e+02
2.1349996644813473e+02
2.4399970028418903e+02
2.7449971808592659e+02
3.0499973578407452e+02
3.0499429420394415e+02
3.0499999703693788e+02
3.0499999710718419e+02
3.0499999732595694e+02
3.0499999749552245e+02
3.0499999765435041e+02
3.0499999780256934e+02
3.0499999794193508e+02
3.0499999807266914e+02
3.0499999819452671e+02
3.0499999830907183e+02
3.0499999841609338e+02
3.0499999851659305e+02
3.0499999861077845e+02
3.0499999869863296e+02
3.0499999878103051e+02
3.0499999885842647e+02
3.0499999893062517e+02
3.0499999899853975e+02
3.0499999906182563e+02
3.0499999912130932e+02
3.0499999917679668e+02
3.0499999922899110e+02
3.0499999927778197e+02
3.0499999932364545e+02
3.0499999936639375e+02
3.0499999940653640e+02
3.0499999944427196e+02
3.0499999947972134e+02
3.0499999951271531e+02
3.0499999954357452e+02
3.0499999957289879e+02
3.0499999960015225e+02
3.0499999962581364e+02
3.0499999964974120e+02
3.0499999967148773e+02
3.0499999969212161e+02
3.0499999971194416e+02
3.0499999973020437e+02
3.0499999974749380e+02
3.0499999976338660e+02
3.0499999977842731e+02
3.0499999979212731e+02
3.0499999980538212e+02
3.0499999981770031e+02
3.0499999982954881e+02
3.0499999984041619e+02
3.0499999985050221e+02
3.0499999986028070e+02
3.0499999986926269e+02
3.0499999987788766e+02
3.0499999988540105e+02
3.0499999989256810e+02
3.0499999989911402e+02
3.0499999990571990e+02
3.0499999991141209e+02
3.0499999991674252e+02
3.0499999992207211e+02
3.0499999992707501e+02
3.0499999993159076e+02
3.0499999993595998e+02
3.0499999994000092e+02
3.0499999994369432e+02
3.0499999994760014e+02
3.0499999995102741e+02
3.0499999995416516e+02
3.0504884544267816e+02
3.0499999966915624e+02
3.0500680549817884e+02
3.0499999994249600e+02
3.0503740865112877e+02
3.0499999978577796e+02
3.0501029520199802e+02
3.0499999994054690e+02
3.0502935467617129e+02
3.0499999985626300e+02
3.0501177995371165e+02
3.0499999994519266e+02
3.0502354758671078e+02
3.0499999990067431e+02
3.0501208042520852e+02
3.0499999995216314e+02
3.0501925341224677e+02
3.0499999992956532e+02
3.0501170721597930e+02
3.0504729854987170e+02
3.0499999981532079e+02
3.0498679319900202e+02
3.0499988710768844e+02
3.0503327022221106e+02
3.0499999987829341e+02
3.0499499095346289e+02
3.0501178452145905e+02
3.0504539743528085e+02
3.0499999984883425e+02
3.0498258024079513e+02
3.0498674486465961e+02
3.0500756085923052e+02
3.0504122245682157e+02
3.0499999986853919e+02
3.0498339745030182e+02
3.0498578900493311e+02
3.0500283384561249e+02
3.0503118307484033e+02
3.0499999992216209e+02
3.0498761649293829e+02
3.0498973668714717e+02
3.0500304600750661e+02
3.0499999998699400e+02
3.0501275736507500e+02
3.0503770679619674e+02
3.0499999996648143e+02
3.0497415409142621e+02
3.0500000002138847e+02
3.0503727457668623e+02
3.0499999998214889e+02
3.0497317084584915e+02
3.0500000002627326e+02
3.0503681508399592e+02
3.0499999998722967e+02
3.0497237278803618e+02
3.0500000002761180e+02
3.0503636100179506e+02
3.0499999999030865e+02
3.0497171375676584e+02
3.0500000002846991e+02
3.0503593030148619e+02
3.0499999999249582e+02
3.0497116178314968e+02
3.0500000002857240e+02
3.0503553195262094e+02
3.0499999999424546e+02
3.0497069424523102e+02
3.0500000002863197e+02
3.0503516950433061e+02
3.0499999999577625e+02
3.0497029474476454e+02
3.0500000002787613e+02
3.0503484332427843e+02
3.0499999999715590e+02
3.0496995109002182e+02
3.0500000002731099e+02
3.0503455199218581e+02
3.0499999999749537e+02
3.0496965397885270e+02
3.0500000002682589e+02
3.0503429315360046e+02
3.0499999999837553e+02
3.0496939614029679e+02
3.0500000002614513e+02
