0.0000000000000000e+00
1.7141462179681544e-10
-3.4029990317952152e-03
6.0743454303830646e-10
-7.0741999828854560e-07
-3.4044146901101554e-03
-1.0210412726578274e-02
-3.0497035183134783e-05
-1.5018841284804009e-04
-1.4088795563600386e-04
-1.3197320277650798e-04
-8.9869236509951163e-03
-1.7598605392143605e-04
-1.6670918329787148e-04
-1.3233533792773642e-06
-3.2396095248718869e-03
-9.8822768240552777e-03
2.0663204474960673e-09
6.5141123610382646e-10
4.8080866730270742e-10
3.9735899719255924e-10
6.6238427381375472e-11
-3.4037080923724470e-03
3.0597570784842080e-11
7.0935342320150931e-07
-3.4022890115929785e-03
-1.0209704648921797e-02
-6.6105952352330560e-05
-1.4836383206210432e-04
-1.3871631390753990e-04
-1.2988157823314874e-04
-8.9903063182056146e-03
-1.8088285506999264e-04
-1.6749435901655386e-04
-1.1268455843441583e-05
-3.2580755400869036e-03
-9.9072069518174339e-03
1.6003855956912289e-09
-1.6004889752367989e-10
-5.1417231627038692e-11
1.1766749670573837e-10
1.2728437892528664e-10
-3.4029990725515315e-03
3.4465416953957670e-10
-7.0792092256927349e-07
-3.4044152130892078e-03
-1.0210412872619267e-02
-1.6697275145861691e-05
-1.5132211660303689e-04
-1.4195163864446129e-04
-1.3296908586824788e-04
-1.7094201574375902e-03
-1.5150722533592497e-06
-1.4574793446476821e-06
-1.3538442510671849e-06
-1.2677608030464894e-06
-1.1871474182868908e-06
-1.1120937361571234e-06
-1.0413162842194075e-06
-9.7499276012656237e-07
-9.1312927477935320e-07
-8.5503411292562473e-07
-8.0097004028719318e-07
-7.5000918292701750e-07
-7.0217271849106180e-07
-6.5795888987225964e-07
-6.1605175650827179e-07
-5.7703913165438346e-07
-5.4043453974605103e-07
-5.0612257676580329e-07
-4.7415515176352857e-07
-4.4407165840179994e-07
-4.1611427289817513e-07
-3.8968905555424130e-07
-3.6492412599363968e-07
-3.4194917914331803e-07
-3.2026943811691910e-07
-2.9995287350873797e-07
-2.8083363511921233e-07
-2.6264587483862329e-07
-2.4599983262436183e-07
-2.3027629680039389e-07
-2.1542449877560524e-07
-2.0154135053822773e-07
-1.8856596820623702e-07
-1.7646680987858906e-07
-1.6567531768316356e-07
-1.5516677016858419e-07
-1.4519708563102056e-07
-1.3588575198920483e-07
-1.2711108384115516e-07
-1.1919552898987210e-07
-1.1179106600253583e-07
-1.0491881752419076e-07
-9.8268340306413791e-08
-9.1925861295693985e-08
-8.5852038263978426e-08
-8.0459137562394288e-08
-7.5394969486058582e-08
-7.0309512647471259e-08
-6.5683457391086371e-08
-6.1270289171320323e-08
-5.7584969506877806e-08
-5.4077869005947922e-08
-5.0866140607685939e-08
-4.7423668939500168e-08
-4.4690638013803682e-08
-4.2138188459412198e-08
-3.9333976649320686e-08
-3.6690441195108565e-08
-3.4588799863869869e-08
-3.2363224606033441e-08
-3.0240450751129226e-08
-2.8405787986596182e-08
-2.6278699105739374e-08
-2.4650172645034480e-08
-2.2992499930362469e-08
-2.4478631438545659e-02
-1.6674791238508392e-07
-3.3938283331430312e-03
-2.8835442008018135e-08
-1.8755966254930694e-02
-1.0793888619153471e-07
-5.1322652059517717e-03
-2.9822343419710550e-08
-1.4725356160958707e-02
-7.2269628188337907e-08
-5.8699746305632163e-03
-2.7406276714702521e-08
-1.1818834849862389e-02
-4.9941245106007125e-08
-6.0167693363683585e-03
-2.4024101596596145e-08
-9.6693530681274762e-03
-3.5365031551022017e-08
-5.8276006813787621e-03
-2.3613687482666443e-02
-9.2826236181547823e-08
6.5547534237941499e-03
-5.3351475183134185e-05
-1.6818748995213146e-02
-6.1095282060087997e-08
2.6779606930672946e-03
-5.5552208465577818e-03
-2.2208030828482914e-02
-7.5190438438561156e-08
8.2115808892759372e-03
5.6238107834429762e-03
-5.2969554317893160e-03
-2.2647833445446783e-02
-6.8767411973038169e-08
1.0332425269175988e-02
1.1162747537348468e-02
4.6612409090732243e-03
-7.4976458558296839e-03
-3.0080056728180077e-08
-1.9061715001184715e-03
-1.1068020977711798e-02
-2.5828328591288720e-02
-2.7098541105872702e-08
1.7923532443791967e-02
2.9748022699247791e-02
1.4193165562304734e-08
-3.5681125947878922e-02
1.4050492489254452e-09
2.9964506041074434e-02
1.9679911208749929e-08
-3.5189234885486670e-02
2.6182113855756992e-09
3.0194523112798972e-02
1.9121302599013177e-08
-3.4790000786283408e-02
3.3981184345261637e-09
3.0421771769949393e-02
1.8760247469569797e-08
-3.4460327999357748e-02
4.7083342025634423e-09
3.0637282507293181e-02
1.8459948695350871e-08
-3.4184221958503076e-02
5.6153092822548189e-09
3.0836582364744625e-02
1.8326504808731590e-08
-3.3950362557261596e-02
6.9836876778878455e-09
3.1017905293460726e-02
1.8199321185025873e-08
-3.3750545432491737e-02
7.1458005043874280e-09
3.1181071949079962e-02
1.8188718391858751e-08
-3.3578668406743922e-02
7.7391862629758066e-09
3.1326798945673695e-02
1.7309485777801578e-08
-3.3430077876410683e-02
8.2190213378655251e-09
3.1456268181150611e-02
1.7090134993043126e-08
-3.3301133188431108e-02
8.3208888442345998e-09
