0.0000000000000000e+00
3.0499999999927162e+01
6.0996824069625248e+01
9.1499999999187168e+01
1.2199999893231663e+02
1.5249682193556893e+02
1.8299047007522609e+02
2.1349996942417968e+02
2.4399985270448818e+02
2.7449986107045061e+02
3.0499986971681591e+02
2.7448099032467411e+02
2.4399982861328490e+02
2.1349983544311189e+02
1.8299999843093369e+02
1.5249698447552794e+02
1.2199079250983792e+02
9.1499999996960156e+01
6.0999999999782695e+01
3.0499999999993719e+01
1.0789890258986421e-11
3.0499999999886857e+01
6.1003176996675094e+01
9.1500000000585075e+01
1.2199999893433957e+02
1.5250317486473364e+02
1.8300952885879730e+02
2.1350006413889830e+02
2.4400014622684793e+02
2.7450013597070927e+02
3.0500012716152821e+02
2.7451903472868543e+02
2.4400017953238745e+02
2.1350016403858695e+02
1.8300001357414419e+02
1.5250303908960197e+02
1.2200923951893751e+02
9.1500000003326818e+01
6.1000000000566942e+01
3.0500000000161005e+01
1.3336551746192034e-10
3.0499999999574431e+01
6.0996824069425159e+01
9.1499999998958884e+01
1.2199999893201324e+02
1.5249682193519396e+02
1.8299047007496657e+02
2.1349998314542549e+02
2.4399985160632252e+02
2.7449986003760114e+02
3.0499986875315790e+02
3.0499600362412377e+02
3.0499999855205039e+02
3.0499999856471447e+02
3.0499999867979699e+02
3.0499999876337887e+02
3.0499999884152106e+02
3.0499999891463801e+02
3.0499999898333181e+02
3.0499999904770198e+02
3.0499999910772925e+02
3.0499999916417948e+02
3.0499999921706865e+02
3.0499999926668318e+02
3.0499999931299863e+02
3.0499999935666096e+02
3.0499999939713382e+02
3.0499999943550756e+02
3.0499999947113724e+02
3.0499999950469527e+02
3.0499999953598490e+02
3.0499999956539614e+02
3.0499999959294166e+02
3.0499999961867587e+02
3.0499999964275980e+02
3.0499999966556578e+02
3.0499999968673296e+02
3.0499999970653965e+02
3.0499999972511188e+02
3.0499999974243531e+02
3.0499999975881644e+02
3.0499999977392656e+02
3.0499999978833068e+02
3.0499999980173470e+02
3.0499999981434740e+02
3.0499999982620182e+02
3.0499999983713269e+02
3.0499999984730709e+02
3.0499999985714430e+02
3.0499999986607048e+02
3.0499999987463480e+02
3.0499999988262203e+02
3.0499999989019364e+02
3.0499999989698415e+02
3.0499999990364620e+02
3.0499999990958088e+02
3.0499999991543729e+02
3.0499999992083997e+02
3.0499999992584179e+02
3.0499999993059407e+02
3.0499999993498079e+02
3.0499999993914059e+02
3.0499999994294132e+02
3.0499999994659731e+02
3.0499999994988605e+02
3.0499999995307400e+02
3.0499999995606703e+02
3.0499999995887015e+02
3.0499999996146926e+02
3.0499999996384111e+02
3.0499999996621290e+02
3.0499999996824693e+02
3.0499999997019802e+02
3.0499999997205668e+02
3.0499999997386641e+02
3.0499999997570984e+02
3.0499999997717771e+02
3.0507332407413645e+02
3.0499999983590112e+02
3.0501019932653639e+02
3.0499999997127964e+02
3.0505616461720689e+02
3.0499999989369564e+02
3.0501542746733833e+02
3.0499999997031546e+02
3.0504408003214650e+02
3.0499999992847137e+02
3.0501764992854464e+02
3.0499999997254122e+02
3.0503536642134100e+02
3.0499999995053923e+02
3.0501809719474869e+02
3.0499999997614037e+02
3.0502892276508857e+02
3.0499999996487162e+02
3.0501753481684682e+02
3.0507091223770720e+02
3.0499999990815115e+02
3.0498023844514438e+02
3.0499994045839151e+02
3.0505008897001301e+02
3.0499999993941083e+02
3.0499231299390874e+02
3.0501733974448001e+02
3.0506760546944122e+02
3.0499999992408300e+02
3.0497436865659421e+02
3.0498112104730046e+02
3.0501285780478378e+02
3.0506387027719416e+02
3.0499999993695911e+02
3.0497306503725656e+02
3.0497462628212986e+02
3.0499817264196793e+02
3.0503868077044297e+02
3.0499999995266023e+02
3.0498952261580405e+02
3.0500080461049168e+02
3.0502887418966685e+02
3.0500000001232343e+02
3.0499483397510198e+02
3.0500795905969449e+02
3.0499999995401691e+02
3.0500983493528412e+02
3.0500000001912360e+02
3.0500731035039018e+02
3.0499999996357917e+02
3.0500835980385398e+02
3.0500000002272964e+02
3.0500662083527027e+02
3.0499999996897219e+02
3.0500716251664676e+02
3.0500000002318637e+02
3.0500593949963604e+02
3.0499999997220635e+02
3.0500617381691552e+02
3.0500000002277102e+02
3.0500529328428649e+02
3.0499999997451181e+02
3.0500534574124288e+02
3.0500000002184584e+02
3.0500469563149977e+02
3.0499999997630107e+02
3.0500464434770913e+02
3.0500000002064837e+02
3.0500415185682579e+02
3.0499999997796783e+02
3.0500404503359937e+02
3.0500000001972876e+02
3.0500366250671090e+02
3.0499999997934901e+02
3.0500352950511399e+02
3.0500000001864612e+02
3.0500322544442258e+02
3.0499999998054216e+02
3.0500308380639063e+02
3.0500000001779364e+02
3.0500283713387938e+02
3.0499999998157176e+02
3.0500269702581335e+02
3.0500000001695702e+02
