0.0000000000000000e+00
7.4198285426899602e-11
-3.4029990599870876e-03
5.1224385622123094e-10
-7.0759867682104034e-07
-3.4044150210241816e-03
-1.0210412922842598e-02
-3.0497015569862588e-05
-1.5018832632455049e-04
-1.4088781257388900e-04
-1.3197302588948532e-04
-8.9869235595001554e-03
-1.7598574408767432e-04
-1.6670916265147597e-04
-1.3232768410447829e-06
-3.2396095463667843e-03
-9.8822768488307407e-03
2.0825121262209193e-09
5.9784823049566237e-10
5.7209220228759137e-10
4.5041018213311902e-10
2.3717684663028594e-10
-3.4037080643852559e-03
1.5495893371609147e-10
7.0954489048230960e-07
-3.4022887961750823e-03
-1.0209704392992479e-02
-6.6105959665778489e-05
-1.4836388497876279e-04
-1.3871631649414501e-04
-1.2988174137581345e-04
-8.9903063209835175e-03
-1.8088294650167236e-04
-1.6749431031651279e-04
-1.1268607687198765e-05
-3.2580757588224906e-03
-9.9072072257697930e-03
1.4271183501358876e-09
-3.6974170019010780e-10
-2.9820324978760149e-10
2.6345557025222455e-11
1.7754230101829503e-11
-3.4029993141681107e-03
1.1345315004606566e-10
-7.0798342850904018e-07
-3.4044152754992884e-03
-1.0210412918147898e-02
-1.6697306068746651e-05
-1.5132215052093021e-04
-1.4195171085185608e-04
-1.3296908086113412e-04
-1.7094202017382694e-03
-1.5151528669488417e-06
-1.4575813050264184e-06
-1.3538360225717090e-06
-1.2679518326338031e-06
-1.1871935715053936e-06
-1.1120435378398787e-06
-1.0414774773090828e-06
-9.7507277690432617e-07
-9.1327597657652630e-07
-8.5518133356576086e-07
-8.0098035311848183e-07
-7.5017084947718761e-07
-7.0226768543943955e-07
-6.5809705890533382e-07
-6.1615516800269497e-07
-5.7712291623383590e-07
-5.4058941186201800e-07
-5.0618887305044674e-07
-4.7416348398293270e-07
-4.4410200336107503e-07
-4.1617562630152311e-07
-3.8968099310706616e-07
-3.6503124943929777e-07
-3.4189132723537023e-07
-3.2040920279275424e-07
-3.0005367725814207e-07
-2.8084597222832189e-07
-2.6278181117721976e-07
-2.4620245516924404e-07
-2.3042821602946573e-07
-2.1543954787465459e-07
-2.0162370635915883e-07
-1.8850144476089337e-07
-1.7645414326247202e-07
-1.6561451764026001e-07
-1.5520423344198618e-07
-1.4520330734792297e-07
-1.3584662608517745e-07
-1.2717087772228265e-07
-1.1927509763730777e-07
-1.1174173104965540e-07
-1.0479476490588195e-07
-9.8260084288159717e-08
-9.1835085129791393e-08
-8.5924981211856619e-08
-8.0388482244857988e-08
-7.5284647932961547e-08
-7.0317340043039646e-08
-6.5752600477765557e-08
-6.1235547816563046e-08
-5.7495760593651793e-08
-5.3980013874506380e-08
-5.0677945301769541e-08
-4.7284416165788629e-08
-4.4619592461277031e-08
-4.2117128534313505e-08
-3.9460720229162529e-08
-3.6841747551228947e-08
-3.4655444213235711e-08
-3.2210872752577678e-08
-3.0153977036537278e-08
-2.8319036214518044e-08
-2.6253927666229984e-08
-2.4714905976526943e-08
-2.3032585568755885e-08
-2.4478631477797844e-02
-1.6674199745372965e-07
-3.3938283817392199e-03
-2.8731894428151247e-08
-1.8755965900867005e-02
-1.0789625178334302e-07
-5.1322654746380637e-03
-2.9714653672043590e-08
-1.4725355789175842e-02
-7.2146847478926740e-08
-5.8699750357338720e-03
-2.7290972809397666e-08
-1.1818834410925960e-02
-4.9788741573987480e-08
-6.0167697441700450e-03
-2.3930348096012136e-08
-9.6693526154422033e-03
-3.5247199071652117e-08
-5.8276010539396470e-03
-2.3613688188916279e-02
-9.2834343603671828e-08
6.5547542918139553e-03
-5.3349930932270406e-05
-1.6818746608798830e-02
-6.1139561430357958e-08
2.6779584152697771e-03
-5.5552251954764419e-03
-2.2208037491979287e-02
-7.5307398288562316e-08
8.2115875123527898e-03
5.6238239349379647e-03
-5.2969356744529683e-03
-2.2647807299747122e-02
-6.8072557369797232e-08
1.0332400821214786e-02
1.1162698069111828e-02
4.6611663799992833e-03
-7.4977453487122311e-03
-3.0916482866233376e-08
-1.9060742313440403e-03
-1.1067825711021049e-02
-2.5828035729246093e-02
-2.3560053506777821e-08
1.7923247502436311e-02
2.9747450305196568e-02
1.0735772361775054e-08
-3.5680561767657139e-02
3.1246269819182178e-09
2.9963946551003279e-02
1.7459359132010309e-08
-3.5188681124541300e-02
4.4690295412872203e-09
3.0193974338437117e-02
1.7393598748267477e-08
-3.4789456434679525e-02
5.4524849359203467e-09
3.0421232547697911e-02
1.7443943647025227e-08
-3.4459792300014044e-02
6.6895917672989791e-09
3.0636751892165734e-02
1.7508228026500220e-08
-3.4183694228083310e-02
7.8378844083802710e-09
3.0836059877497712e-02
1.7562613323692124e-08
-3.3949842398690568e-02
8.9832726024429002e-09
3.1017389716253549e-02
1.7417357334314992e-08
-3.3750032237111011e-02
9.1491553782109655e-09
3.1180563185983990e-02
1.7425557311280391e-08
-3.3578161777783104e-02
9.5905357208938384e-09
3.1326296580406740e-02
1.6596936037226548e-08
-3.3429577199485361e-02
9.8455205670187310e-09
3.1455771261199528e-02
1.6517245797182398e-08
-3.3300637844470210e-02
1.0055101923163250e-08
