2.0000000000000020e+02
2.0000000000000020e+02
2.0000000000000020e+02
2.0000000000000020e+02
2.0000000000000020e+02
2.0000000000000020e+02
2.0000000000000020e+02
2.1315158311645882e+02
2.4252722459496528e+02
2.7115216003361019e+02
2.9905048497879454e+02
2.6680143115046826e+02
2.3543251770629115e+02
2.0486050655394087e+02
2.0215983222229298e+02
2.0215983222229298e+02
2.0215983222229298e+02
2.0215983222229298e+02
2.0215983222229298e+02
2.0215983222229298e+02
2.0215983222229298e+02
2.0215983222229298e+02
2.0215983222229298e+02
2.0215983222229298e+02
2.0215983222229298e+02
2.0215983222229298e+02
2.0215983222229298e+02
2.2162379145888784e+02
2.5083780539374720e+02
2.7930611654445374e+02
3.0705287061439230e+02
2.7469396399831879e+02
2.4314545262976671e+02
2.1243609285297998e+02
2.0458568224098741e+02
2.0458568224098741e+02
2.0458568224098741e+02
2.0458568224098741e+02
2.0458568224098741e+02
2.0458568224098741e+02
2.0458568224098741e+02
2.0458568224098741e+02
2.0458568224098741e+02
2.0458568224098741e+02
2.0458568224098741e+02
2.0458568224098741e+02
2.0458568224098741e+02
2.1430654795451503e+02
2.4377012331656584e+02
2.7248017046686363e+02
3.0046086158881121e+02
2.9801904692090505e+02
2.9566363274855667e+02
2.9338033363159633e+02
2.9117068942471741e+02
2.8903232403327604e+02
2.8696293816583091e+02
2.8496030667681561e+02
2.8302227619973752e+02
2.8114676283105416e+02
2.7933174988980301e+02
2.7757528575001112e+02
2.7587548174065574e+02
2.7423051011585034e+02
2.7263860208895119e+02
2.7109804593160146e+02
2.6960718513134100e+02
2.6816441661317594e+02
2.6676818901252585e+02
2.6541700101010872e+02
2.6410939971545349e+02
2.6284397910609505e+02
2.6161937851476449e+02
2.6043428116672965e+02
2.5928741276396346e+02
2.5817754011503541e+02
2.5710346980817246e+02
2.5606404692937389e+02
2.5505815381978442e+02
2.5408470887392346e+02
2.5314266537712325e+02
2.5223101037908680e+02
2.5134876360620368e+02
2.5049497640575748e+02
2.4966873072722231e+02
2.4886913813443374e+02
2.4809533885026701e+02
2.4734650083266536e+02
2.4662181887988413e+02
2.4592051376346575e+02
2.4524183139244317e+02
2.4458504200062401e+02
2.4394943936302653e+02
2.4333434003560717e+02
2.4273908262189414e+02
2.4216302705957062e+02
2.4160555393470352e+02
2.4106606381346006e+02
2.4054397659899806e+02
2.4003873090737213e+02
2.3954978346353786e+02
2.3907660851769913e+02
2.3861869727946765e+02
2.3817555737138514e+02
2.3774671229871319e+02
2.3733170093798549e+02
2.3693007704033826e+02
2.3654140875212664e+02
2.3616527815045112e+02
2.3580128079378596e+02
2.3544902528735113e+02
2.3510813286145526e+02
2.3477823696535955e+02
2.3445898287228613e+02
2.3415002729830826e+02
2.3385103803321323e+02
2.3356169358276685e+02
2.3335311468504858e+02
2.3300887333553212e+02
2.3275663176387863e+02
2.3249272039621985e+02
2.3230190787799251e+02
2.3200818240784167e+02
2.3179331435380351e+02
2.3155541824927079e+02
2.3138306856030312e+02
2.3113067786175640e+02
2.3094628147969388e+02
2.3073355824952046e+02
2.3057923142786413e+02
2.3036120350748021e+02
2.3020206458127581e+02
2.3001291551306994e+02
2.2987555785946677e+02
2.2968646489678645e+02
2.2954854385342372e+02
2.2945010260341871e+02
2.2923409897507776e+02
2.2907443655100238e+02
2.2895824209835726e+02
2.2887558374591208e+02
2.2869826456377706e+02
2.2856765003796585e+02
2.2847306876241686e+02
2.2840628760468189e+02
2.2822715554175622e+02
2.2809425683836298e+02
2.2799702777778853e+02
2.2792731831125889e+02
2.2787884056759435e+02
2.2772033763993824e+02
2.2760251791111079e+02
2.2751608580535009e+02
2.2745386966174044e+02
2.2741033644807916e+02
2.2729132351384982e+02
2.2720337580202857e+02
2.2713939531785456e+02
2.2709390586383040e+02
2.2699459066538643e+02
2.2692138921515746e+02
2.2686833486562409e+02
2.2679653654255176e+02
2.2674433783004963e+02
2.2667472411130353e+02
2.2662399533474527e+02
2.2656070672453708e+02
2.2651467835274312e+02
2.2645390055429084e+02
2.2640962339360999e+02
2.2635391728526025e+02
2.2631339314584810e+02
2.2626026708407045e+02
2.2622157241114326e+02
2.2617259182373411e+02
2.2613695370472865e+02
2.2609047604361251e+02
2.2605662896260017e+02
2.2601359450353505e+02
2.2598227862213361e+02
2.2594159184246394e+02
2.2591196524902415e+02
2.2587417573677192e+02
2.2584667394015671e+02
2.2581104027183630e+02
2.2578509527876423e+02
2.2575192458137707e+02
2.2572778252086735e+02
2.2569656404012088e+02
2.2567383510788250e+02
2.2564472701423838e+02
2.2562354071390450e+02
2.2559618376957246e+02
2.2557626712836344e+02
2.2555072935356483e+02
2.2553214103785774e+02
2.2550816379068658e+02
2.2549070821483423e+02
2.2546830619038792e+02
2.2545199988625660e+02
2.2543098214049434e+02
