0.0000000000000000e+00
0.0000000000000000e+00
0.0000000000000000e+00
0.0000000000000000e+00
0.0000000000000000e+00
0.0000000000000000e+00
0.0000000000000000e+00
2.3998032542624896e+00
9.4213646716893997e+00
1.9525026033425867e+01
3.1683202033626294e+01
3.4366579102832304e+01
3.4366579102832304e+01
3.4366579102832297e+01
3.4366579102832290e+01
3.4366579102832283e+01
3.4366579102832283e+01
3.4366579102832276e+01
3.4366579102832276e+01
3.4366579102832276e+01
3.4366579102832276e+01
3.4366579102832276e+01
3.4366579102832276e+01
3.4366579102832276e+01
3.4366579102832276e+01
3.4366579102832269e+01
3.0514982755450603e+01
2.2524954321973730e+01
1.1776371609181117e+01
-8.1142907960047927e-01
-1.4625455299064880e+01
-1.8412537465744411e+01
-1.8412537465744411e+01
-1.8412537465744411e+01
-1.8412537465744411e+01
-1.8412537465744411e+01
-1.8412537465744411e+01
-1.8412537465744411e+01
-1.8412537465744411e+01
-1.8412537465744411e+01
-1.8412537465744411e+01
-1.8412537465744411e+01
-1.8412537465744411e+01
-1.8412537465744411e+01
-1.8412537465744411e+01
-1.8412537465744411e+01
-1.8412537465744411e+01
-1.6912317687173040e+01
-1.0490694368036360e+01
-7.8693881872590932e-01
1.1104657412964098e+01
1.9030408528223983e+01
2.4316158224162436e+01
2.7840118316373310e+01
3.0189483400001723e+01
3.1755752640714704e+01
3.2799943651110830e+01
3.3496076117784177e+01
3.3960166709652796e+01
3.4269561451930358e+01
3.4475825064486813e+01
3.4613334340039415e+01
3.4705007279547303e+01
3.4766122612176439e+01
3.4806866184868447e+01
3.4843866499078899e+01
3.4858695427040935e+01
3.4869450457924430e+01
3.4879456925432656e+01
3.4889325844939435e+01
3.4899169487837085e+01
3.4899169487837085e+01
3.4899169487837085e+01
3.4900787449241008e+01
3.4903696414494284e+01
3.4906842595717322e+01
3.4910032364032730e+01
3.4913230140992191e+01
3.4916429389204957e+01
3.4919628907463412e+01
3.4919628907463412e+01
3.4919628907463412e+01
3.4919628907463412e+01
3.4920216806002898e+01
3.4920216806002870e+01
3.4920216806002870e+01
3.4920216806002870e+01
3.4920324832653947e+01
3.4920324832653947e+01
3.4920324832653947e+01
3.4920324832653947e+01
3.4920344685255799e+01
3.4920344685255792e+01
3.4920344685255785e+01
3.4920344685255785e+01
3.4920348336309061e+01
3.4920348336309054e+01
3.4920348336309026e+01
3.4920348336309026e+01
3.4920349010413823e+01
3.4920349010413823e+01
3.4920349010413823e+01
3.4920349010413823e+01
3.4920349137532526e+01
3.4920349137532526e+01
3.4920349137532526e+01
3.4920349137532526e+01
3.4920349164130855e+01
3.4920349164130855e+01
3.4920349164130855e+01
3.4920349164130855e+01
3.4920349172275351e+01
3.4920349172275351e+01
3.4920349172275351e+01
3.4920349172275351e+01
3.4920349177022366e+01
3.4920349177022366e+01
3.4920349177022366e+01
3.4920349177022366e+01
3.4920349181154791e+01
3.4920349181154791e+01
3.4920349181154791e+01
3.4920349181154791e+01
3.4920349185165250e+01
3.4920349185165250e+01
3.4920349185165250e+01
3.4920349185165250e+01
3.4920349189147046e+01
3.4920349189147046e+01
3.4920349189147046e+01
3.4920349189147046e+01
3.4920349193139202e+01
3.4920349193139202e+01
3.4920349193139202e+01
3.4920349193139202e+01
3.4920349197142869e+01
3.4920349197142869e+01
3.4920349197142869e+01
3.4920349197142869e+01
3.4920349201123159e+01
3.4920349201123159e+01
3.4920349201123159e+01
3.4920349201123159e+01
3.4920349205111783e+01
3.4920349205111783e+01
3.4920349205111783e+01
3.4920349205111783e+01
3.4920349209085927e+01
3.4920349209085927e+01
3.4920349209085927e+01
3.4920349209085927e+01
3.4920349213064071e+01
3.4920349213064071e+01
3.4920349213064071e+01
3.4920349213064071e+01
3.4920349217050052e+01
3.4920349217050052e+01
3.4920349217050052e+01
3.4920349217050052e+01
3.4920349221037242e+01
3.4920349221037242e+01
3.4920349221037242e+01
3.4920349221037242e+01
3.4920349225021567e+01
3.4920349225021567e+01
3.4920349225021567e+01
3.4920349225021567e+01
3.4920349229013993e+01
3.4920349229013993e+01
3.4920349229013993e+01
3.4920349229013993e+01
3.4920349232992919e+01
3.4920349232992919e+01
3.4920349232992919e+01
3.4920349232992919e+01
3.4920349236985317e+01
3.4920349236985317e+01
3.4920349236985317e+01
3.4920349236985317e+01
3.4920349240961990e+01
3.4920349240961990e+01
3.4920349240961990e+01
3.4920349240961990e+01
3.4920349244944468e+01
3.4920349244944468e+01
3.4920349244944468e+01
3.4920349244944468e+01
3.4920349248925440e+01
3.4920349248925440e+01
3.4920349248925440e+01
3.4920349248925440e+01
3.4920349252908778e+01
3.4920349252908778e+01
3.4920349252908778e+01
3.4920349252908778e+01
3.4920349256872960e+01
3.4920349256872960e+01
3.4920349256872960e+01
3.4920349256872960e+01
3.4920349260840240e+01
3.4920349260840240e+01
