0.0000000000000000e+00
0.0000000000000000e+00
0.0000000000000000e+00
0.0000000000000000e+00
0.0000000000000000e+00
0.0000000000000000e+00
0.0000000000000000e+00
-1.1212722382508118e-13
1.3776529435168895e-12
1.6058092948469532e-12
-8.9276556094591333e-13
-9.9394726648607296e-13
-9.8705423256979185e-13
-1.0005181093521868e-12
-9.8322548565255618e-13
-9.9238228798267258e-13
-1.0213158979941468e-12
-9.9325528913364218e-13
-9.7002986244256262e-13
-9.7820728297270134e-13
-9.7035434878708633e-13
-9.7223316772049719e-13
-9.7869061117268581e-13
-9.5189131641149301e-13
-9.2958184610734541e-13
-8.8424289060216068e-13
1.6199955502009633e-12
4.4879283413106328e-13
2.3055478338450818e-12
3.8796459723001960e-12
4.5321307141517056e-12
4.2543428324183878e-12
4.2680722266445914e-12
4.2671298928380596e-12
4.2703677534463172e-12
4.2639773750583109e-12
4.2681168429170176e-12
4.2575920368062061e-12
4.2633248477394632e-12
4.2617391601957837e-12
4.2558317093615837e-12
4.2645487476353973e-12
4.2603418055586539e-12
4.2616343055117855e-12
4.2473244195031092e-12
4.2490872143668005e-12
4.2463738306918601e-12
4.1870391737569356e-12
3.1607138501966395e-12
3.7909725909651729e-12
4.0994771726255896e-12
2.0344409952666287e-12
2.3607606547499418e-12
3.5240286188497909e-12
4.9523676176638124e-12
5.1238853618117462e-12
4.9524360912586045e-12
5.0671094401419186e-12
5.0906540341234756e-12
5.0486766269625320e-12
5.0361233007673490e-12
5.0383956208311227e-12
4.9780724042223069e-12
4.9979928126645910e-12
5.0339683827352875e-12
5.0159712394101414e-12
4.9983165057755912e-12
4.9707443181550788e-12
4.9430731026845432e-12
4.9539603784169585e-12
4.9053471629814436e-12
5.0411408141178216e-12
5.0601929283035604e-12
5.0588141441326564e-12
5.0929286269487448e-12
5.1118302684759698e-12
5.1456622345733778e-12
5.1459042609408956e-12
5.1843946509391793e-12
5.1909827845951212e-12
5.1059220781421285e-12
5.0241773589383588e-12
5.0859425524275076e-12
5.1367227778215716e-12
5.0836528245882681e-12
5.0131700771395473e-12
5.0650172746977650e-12
5.1059980308004820e-12
5.0832509713105591e-12
5.0101250929948838e-12
5.0870973810338675e-12
5.1221146018593050e-12
5.0543647316937545e-12
5.0263035709121596e-12
5.0750155786572839e-12
5.1510348412906865e-12
5.0754329478453896e-12
4.9882749468499328e-12
5.0964072075295401e-12
5.1975523379921078e-12
5.0738641441976046e-12
4.9576752191597369e-12
5.0640926809463894e-12
5.2227618584689834e-12
5.0625928404407613e-12
4.9133511386211239e-12
5.0917992142530426e-12
5.2570479731970736e-12
5.0616217541974220e-12
4.8943204801189563e-12
5.0627790821814486e-12
5.2824683783274044e-12
5.0951316575297262e-12
4.8922114986868886e-12
5.0690092025887392e-12
5.2656403503611140e-12
5.0665258585492988e-12
4.8640519838202434e-12
5.0832579848146486e-12
5.2456690881943504e-12
5.0790359515994097e-12
4.8931064119571206e-12
5.0718211705521937e-12
5.2753303694992030e-12
5.0283368468272984e-12
4.7958386782348585e-12
5.0548700155284967e-12
5.3268848108476102e-12
5.0292998790976863e-12
4.7608951931331784e-12
5.0048544567989704e-12
5.2397630012190146e-12
5.0420300185797780e-12
4.8127314840959283e-12
4.9947044012731823e-12
5.1951566666031163e-12
5.0308979552044249e-12
4.8818942910167014e-12
5.0317639708497730e-12
5.1970369327475506e-12
5.0370394623604151e-12
4.8661668120905531e-12
5.0572806581336060e-12
5.2191680736289525e-12
5.0455808977743087e-12
4.8694759200247570e-12
5.0328379653674327e-12
5.2446273633678980e-12
5.0387902828910816e-12
4.8322748723000760e-12
5.0430084536412445e-12
5.2823509561702578e-12
5.0476367985440287e-12
4.8430996354073623e-12
5.0305068645746659e-12
5.2776218262430397e-12
5.0746907199521522e-12
4.8477411608817011e-12
5.0415221979793829e-12
5.2588919929060336e-12
5.0525553937668950e-12
4.8763922748797043e-12
5.0448857308094800e-12
5.2440377642723163e-12
5.0633539363685204e-12
4.8905881157255369e-12
5.0287755282341027e-12
5.1709070063600174e-12
5.0237389838681880e-12
4.8905900282321195e-12
5.0477081191724357e-12
5.2135247255871477e-12
5.0213784723806002e-12
4.8582331758698776e-12
5.0407831252360002e-12
5.1633856945519779e-12
5.0136139522816480e-12
4.8419120855920565e-12
5.0219508897335320e-12
5.2013459162954180e-12
5.0134127415667972e-12
4.8146548539452414e-12
5.0329101270082676e-12
5.2267310827472356e-12
5.0324451089175155e-12
4.8090501079092054e-12
5.0148602602767029e-12
5.2162791195881482e-12
5.0005138611162022e-12
4.7994629991375083e-12
5.0166831730005362e-12
5.2264350468360532e-12
5.0083392723701610e-12
4.7995514625646870e-12
5.0186521672816487e-12
5.2772364740981956e-12
5.0535891042127173e-12
4.8234426094548878e-12
5.0658881664895067e-12
5.3287384068405192e-12
5.0730631508627461e-12
