0.0000000000000000e+00
0.0000000000000000e+00
0.0000000000000000e+00
0.0000000000000000e+00
0.0000000000000000e+00
0.0000000000000000e+00
0.0000000000000000e+00
2.6504581842366107e-13
2.9268824623806610e-12
3.5703841238485653e-12
3.7566452797485869e-12
2.7611293744352283e-12
2.7805871500808354e-12
2.7594364753849809e-12
2.7499851221539273e-12
2.7477988256466894e-12
2.7472003008378661e-12
2.7377580850846895e-12
2.7229310020337497e-12
2.7483540953746524e-12
2.7562086699430241e-12
2.7461508990815731e-12
2.7577243437341014e-12
2.7512838082129359e-12
2.7314906628624017e-12
2.7470282630992169e-12
2.7951405461014712e-12
1.2757466595586356e-12
1.8533531468331986e-12
-6.2642548259025211e-13
-9.0481288624449059e-13
-1.4638235405336980e-12
-1.4750858836204139e-12
-1.4921407325000991e-12
-1.4656119176353341e-12
-1.4379297018405774e-12
-1.4662601550292215e-12
-1.4524930114738149e-12
-1.4434851447490003e-12
-1.4593097313739880e-12
-1.4644377019773430e-12
-1.4625300516958213e-12
-1.4624051145886907e-12
-1.4860368881720879e-12
-1.5008971983762859e-12
-1.5224753523332383e-12
-1.5610861958261213e-12
-2.1766276524301492e-12
-5.8636418057481977e-12
-7.3861928901097561e-12
-9.6124423716502222e-12
-1.0981852482569124e-11
-1.0552246590227917e-11
-1.1091702766992571e-11
-1.0875189095077368e-11
-1.0709385158744155e-11
-1.1030048121038172e-11
-1.1232021490900126e-11
-1.1370030661653655e-11
-1.1363757668082940e-11
-1.1422742818919643e-11
-1.1420366822148092e-11
-1.1413897577816533e-11
-1.1429940221008601e-11
-1.1415881271271586e-11
-1.1407360058237207e-11
-1.1452275054020707e-11
-1.1482194111456476e-11
-1.1523664702120583e-11
-1.1552355024058709e-11
-1.1596023131346454e-11
-1.1419370478365861e-11
-1.1448136133644133e-11
-1.1463746828515802e-11
-1.1460383907037478e-11
-1.1450459804400768e-11
-1.1464893133823009e-11
-1.1475422215400395e-11
-1.1465911306310485e-11
-1.1496313075733799e-11
-1.1463062547431653e-11
-1.1446534411919971e-11
-1.1448726041400539e-11
-1.1475803929164947e-11
-1.1496001830259149e-11
-1.1503531126629023e-11
-1.1466122262340277e-11
-1.1470756684679763e-11
-1.1456984267647570e-11
-1.1527582695219647e-11
-1.1463491667992481e-11
-1.1460367569062775e-11
-1.1493092839420480e-11
-1.1551940398658538e-11
-1.1478928759168687e-11
-1.1434972558043453e-11
-1.1458055458820205e-11
-1.1550249150017679e-11
-1.1471603432006040e-11
-1.1430575751787220e-11
-1.1514288760435269e-11
-1.1553001185318270e-11
-1.1497865305298749e-11
-1.1434510076024988e-11
-1.1488429125390283e-11
-1.1569657642911829e-11
-1.1497823928142721e-11
-1.1447488300821955e-11
-1.1516460614227460e-11
-1.1550058476806138e-11
-1.1457351419783077e-11
-1.1363259474188841e-11
-1.1474797046302505e-11
-1.1570179368907385e-11
-1.1494820046966859e-11
-1.1422811580364581e-11
-1.1480633408383987e-11
-1.1558257042260286e-11
-1.1492901494565028e-11
-1.1418413602534804e-11
-1.1510030189316121e-11
-1.1598830557974174e-11
-1.1502122146513711e-11
-1.1415070259664804e-11
-1.1491373893575145e-11
-1.1560478603629106e-11
-1.1466080137905056e-11
-1.1397533684877496e-11
-1.1519369435004063e-11
-1.1605461717422984e-11
-1.1506979334306176e-11
-1.1383831887947632e-11
-1.1484261163704103e-11
-1.1594382001237243e-11
-1.1512382117770589e-11
-1.1412716536851200e-11
-1.1549982112437781e-11
-1.1662025873825583e-11
-1.1515426991513054e-11
-1.1365327103162671e-11
-1.1518409136056302e-11
-1.1678203072614671e-11
-1.1513246973996199e-11
-1.1383764154589675e-11
-1.1509983225983379e-11
-1.1659675436177854e-11
-1.1511943848420273e-11
-1.1369429719522434e-11
-1.1500679653500172e-11
-1.1672937641212249e-11
-1.1527043457900146e-11
-1.1394510050932836e-11
-1.1535586293940726e-11
-1.1694551300346421e-11
-1.1520840089432077e-11
-1.1345267447336894e-11
-1.1522550873863309e-11
-1.1707230786771544e-11
-1.1519885098782574e-11
-1.1317497088228237e-11
-1.1506808609042089e-11
-1.1692713015054031e-11
-1.1530394301453343e-11
-1.1342211356811404e-11
-1.1522248539827034e-11
-1.1669366227610345e-11
-1.1523766078216629e-11
-1.1396827408742436e-11
-1.1568758974376770e-11
-1.1686371139676210e-11
-1.1562574197923649e-11
-1.1403490329645261e-11
-1.1524209395251028e-11
-1.1653180333406681e-11
-1.1516898779377275e-11
-1.1413877039054717e-11
-1.1538803608219449e-11
-1.1679726903140316e-11
-1.1521380675020806e-11
-1.1363764122853561e-11
-1.1527721694970097e-11
-1.1709889070158813e-11
-1.1516652819778665e-11
-1.1332505785045872e-11
-1.1494371186097524e-11
-1.1705835067933212e-11
-1.1503890398057296e-11
-1.1300178254715864e-11
-1.1516181610677941e-11
-1.1751212227662928e-11
-1.1494985071307761e-11
-1.1256605733651593e-11
-1.1505175623493656e-11
-1.1737681044557078e-11
-1.1488777914024546e-11
-1.1231124401051079e-11
-1.1480353277920519e-11
-1.1722214205956204e-11
-1.1473455800388376e-11
-1.1196324728236622e-11
-1.1478519035717056e-11
