0.0000000000000000e+00
0.0000000000000000e+00
0.0000000000000000e+00
0.0000000000000000e+00
0.0000000000000000e+00
0.0000000000000000e+00
0.0000000000000000e+00
-1.1999016271321057e+00
-4.7106823358487384e+00
-9.7625130167192413e+00
-1.5841601016821379e+01
-1.7183289551424860e+01
-1.7183289551424874e+01
-1.7183289551424874e+01
-1.7183289551424856e+01
-1.7183289551424863e+01
-1.7183289551424867e+01
-1.7183289551424842e+01
-1.7183289551424831e+01
-1.7183289551424821e+01
-1.7183289551424846e+01
-1.7183289551424831e+01
-1.7183289551424835e+01
-1.7183289551424821e+01
-1.7183289551424799e+01
-1.7183289551424810e+01
-1.5257491377734826e+01
-1.1262477160998143e+01
-5.8881858046061986e+00
4.0571453978271865e-01
7.3127276495137590e+00
9.2062687328548165e+00
9.2062687328548254e+00
9.2062687328548343e+00
9.2062687328548272e+00
9.2062687328548378e+00
9.2062687328548414e+00
9.2062687328548378e+00
9.2062687328548254e+00
9.2062687328548130e+00
9.2062687328548165e+00
9.2062687328548183e+00
9.2062687328548201e+00
9.2062687328548130e+00
9.2062687328548130e+00
9.2062687328548218e+00
9.2062687328548201e+00
8.4561588435682999e+00
5.2453471840018322e+00
3.9346940934590036e-01
-5.5523287064966373e+00
-9.5152042641276786e+00
-1.2158079112097512e+01
-1.3920059158203120e+01
-1.5094741700017289e+01
-1.5877876320374028e+01
-1.6399971825572027e+01
-1.6748038058908687e+01
-1.6980083354842904e+01
-1.7134780725981692e+01
-1.7237912532259870e+01
-1.7306667170036128e+01
-1.7352503639790108e+01
-1.7383061306104654e+01
-1.7403433092450641e+01
-1.7421933249555870e+01
-1.7429347713536870e+01
-1.7434725228978589e+01
-1.7439728462732710e+01
-1.7444662922486064e+01
-1.7449584743934828e+01
-1.7449584743934849e+01
-1.7449584743934842e+01
-1.7450393724636829e+01
-1.7451848207263453e+01
-1.7453421297874961e+01
-1.7455016182032676e+01
-1.7456615070512370e+01
-1.7458214694618739e+01
-1.7459814453747970e+01
-1.7459814453748002e+01
-1.7459814453748038e+01
-1.7459814453748042e+01
-1.7460108403017820e+01
-1.7460108403017820e+01
-1.7460108403017788e+01
-1.7460108403017795e+01
-1.7460162416343326e+01
-1.7460162416343302e+01
-1.7460162416343330e+01
-1.7460162416343369e+01
-1.7460172342644299e+01
-1.7460172342644277e+01
-1.7460172342644299e+01
-1.7460172342644263e+01
-1.7460174168170873e+01
-1.7460174168170880e+01
-1.7460174168170902e+01
-1.7460174168170902e+01
-1.7460174505223314e+01
-1.7460174505223325e+01
-1.7460174505223321e+01
-1.7460174505223311e+01
-1.7460174568782648e+01
-1.7460174568782627e+01
-1.7460174568782634e+01
-1.7460174568782605e+01
-1.7460174582081795e+01
-1.7460174582081823e+01
-1.7460174582081798e+01
-1.7460174582081788e+01
-1.7460174586154043e+01
-1.7460174586154032e+01
-1.7460174586154046e+01
-1.7460174586154054e+01
-1.7460174588527543e+01
-1.7460174588527540e+01
-1.7460174588527529e+01
-1.7460174588527487e+01
-1.7460174590593741e+01
-1.7460174590593716e+01
-1.7460174590593727e+01
-1.7460174590593731e+01
-1.7460174592598950e+01
-1.7460174592598946e+01
-1.7460174592598939e+01
-1.7460174592598939e+01
-1.7460174594589848e+01
-1.7460174594589841e+01
-1.7460174594589809e+01
-1.7460174594589841e+01
-1.7460174596585901e+01
-1.7460174596585897e+01
-1.7460174596585887e+01
-1.7460174596585862e+01
-1.7460174598587678e+01
-1.7460174598587656e+01
-1.7460174598587628e+01
-1.7460174598587635e+01
-1.7460174600577787e+01
-1.7460174600577798e+01
-1.7460174600577787e+01
-1.7460174600577787e+01
-1.7460174602572096e+01
-1.7460174602572103e+01
-1.7460174602572124e+01
-1.7460174602572092e+01
-1.7460174604559189e+01
-1.7460174604559199e+01
-1.7460174604559199e+01
-1.7460174604559185e+01
-1.7460174606548257e+01
-1.7460174606548250e+01
-1.7460174606548229e+01
-1.7460174606548208e+01
-1.7460174608541202e+01
-1.7460174608541209e+01
-1.7460174608541255e+01
-1.7460174608541244e+01
-1.7460174610534807e+01
-1.7460174610534828e+01
-1.7460174610534853e+01
-1.7460174610534839e+01
-1.7460174612527013e+01
-1.7460174612527023e+01
-1.7460174612527048e+01
-1.7460174612527076e+01
-1.7460174614523279e+01
-1.7460174614523293e+01
-1.7460174614523275e+01
-1.7460174614523279e+01
-1.7460174616512706e+01
-1.7460174616512724e+01
-1.7460174616512724e+01
-1.7460174616512735e+01
-1.7460174618508962e+01
-1.7460174618508958e+01
-1.7460174618508944e+01
-1.7460174618508940e+01
-1.7460174620497288e+01
-1.7460174620497270e+01
-1.7460174620497249e+01
-1.7460174620497227e+01
-1.7460174622488470e+01
-1.7460174622488424e+01
-1.7460174622488417e+01
-1.7460174622488427e+01
-1.7460174624478888e+01
-1.7460174624478906e+01
-1.7460174624478892e+01
-1.7460174624478874e+01
-1.7460174626470540e+01
-1.7460174626470540e+01
-1.7460174626470558e+01
-1.7460174626470533e+01
-1.7460174628452613e+01
-1.7460174628452631e+01
-1.7460174628452616e+01
-1.7460174628452613e+01
-1.7460174630436278e+01
-1.7460174630436285e+01
