0.0000000000000000e+00
0.0000000000000000e+00
0.0000000000000000e+00
0.0000000000000000e+00
0.0000000000000000e+00
0.0000000000000000e+00
0.0000000000000000e+00
-4.2225908266086007e-13
-4.1901489595341164e-13
-6.2075575827745156e-12
-6.2026672691549159e-12
-7.3472041065645982e-12
-7.3437687444095968e-12
-7.3380463563331376e-12
-7.3397960471553962e-12
-7.3423104391964443e-12
-7.3418206126555450e-12
-7.3410222895898297e-12
-7.3423806810100739e-12
-7.3414593060900006e-12
-7.3429357316901380e-12
-7.3407234733673998e-12
-7.3403561703463047e-12
-7.3351724988294497e-12
-7.3393877601539807e-12
-7.3421347431272070e-12
-3.5090139938719307e-12
-3.4533860823659757e-12
-2.7557982483222962e-12
-1.1169668471764069e-12
1.0026081962780759e-12
3.0131335448402788e-13
3.0173213313524694e-13
3.0120565790842473e-13
3.0014636301290101e-13
3.0192341511157433e-13
3.0242934186773540e-13
3.0193307099731968e-13
3.0075904313317229e-13
3.0415239018269752e-13
3.0582406919035506e-13
3.0421687284665954e-13
3.0617871819002774e-13
3.0355891576295675e-13
3.0381935070048989e-13
3.0269352446498329e-13
3.0522203857895937e-13
1.1656951296913395e-12
-3.8408666654418616e-13
-1.8329691943218065e-12
1.4256773558368450e-12
-6.6015834674570006e-13
-1.2869079623559551e-12
-1.9131013123735027e-12
-1.8516841804184337e-12
-1.9273654546293784e-12
-2.6102799722044208e-12
-2.5609697710594315e-12
-2.5216075829297443e-12
-2.6062476095710015e-12
-2.5902646234025690e-12
-2.6031967345320115e-12
-2.6267616830636484e-12
-2.6068140889018472e-12
-2.5921133415208650e-12
-2.5795433938237627e-12
-2.5764226650968139e-12
-2.5786752210085605e-12
-2.5799432593370317e-12
-2.5891248273173495e-12
-2.6011029861963795e-12
-2.5982561540880159e-12
-2.5988162616166889e-12
-2.6020353450368919e-12
-2.5985093519216153e-12
-2.5927023285912177e-12
-2.5894466797459348e-12
-2.5850759966466565e-12
-2.5849188989083599e-12
-2.5814973207778544e-12
-2.5810704779993851e-12
-2.5854069573462781e-12
-2.5819992103776776e-12
-2.5835837426255377e-12
-2.5803150545957977e-12
-2.5774078235001882e-12
-2.5741320835615516e-12
-2.5750953877510158e-12
-2.5767361197076697e-12
-2.5801648025343050e-12
-2.5734815215667296e-12
-2.5780793406011678e-12
-2.5835397699166225e-12
-2.5816476806976676e-12
-2.5823743767611892e-12
-2.5824548015090579e-12
-2.5836762828677292e-12
-2.5833720768214890e-12
-2.5807869405046413e-12
-2.5816204153844465e-12
-2.5823556071259923e-12
-2.5818605873170517e-12
-2.5828221332590859e-12
-2.5839708028862569e-12
-2.5844247532920939e-12
-2.5839960639210632e-12
-2.5839537940640512e-12
-2.5817066252545240e-12
-2.5820315813816764e-12
-2.5810707118249633e-12
-2.5814784423717436e-12
-2.5838070062706231e-12
-2.5842289347760801e-12
-2.5835909555612961e-12
-2.5873913337389333e-12
-2.5861947041313522e-12
-2.5822868203462537e-12
-2.5788065892545305e-12
-2.5785378894922750e-12
-2.5730531981456392e-12
-2.5714964422743056e-12
-2.5716307911158622e-12
-2.5710644294768043e-12
-2.5735568206334016e-12
-2.5723944362581788e-12
-2.5737008770296992e-12
-2.5741906609942929e-12
-2.5751486261282873e-12
-2.5738231717552926e-12
-2.5728062719143741e-12
-2.5739840380813139e-12
-2.5687933763202121e-12
-2.5699277024443943e-12
-2.5756171675464192e-12
-2.5804498037446445e-12
-2.5799776661359365e-12
-2.5805701019611098e-12
-2.5809540017972532e-12
-2.5836426484182324e-12
-2.5882272178885326e-12
-2.5856440025099981e-12
-2.5875622879100639e-12
-2.5850450496870714e-12
-2.5926526223802772e-12
-2.5921272619326573e-12
-2.5959584123622692e-12
-2.5911434885113351e-12
-2.5944932773427214e-12
-2.5960678116853061e-12
-2.5941577388116983e-12
-2.5917282476499489e-12
-2.5915308687477942e-12
-2.5913964950880642e-12
-2.5909828808141443e-12
-2.5940511102867132e-12
-2.5943126954608642e-12
-2.5952597433181043e-12
-2.5954933966941503e-12
-2.5965770576918279e-12
-2.5971797226426010e-12
-2.5982045122268419e-12
-2.5963137088646668e-12
-2.5926549630037279e-12
-2.5860328851589445e-12
-2.5812348222240572e-12
-2.5799231846477193e-12
-2.5774586792735170e-12
-2.5730721923489486e-12
-2.5729941515222218e-12
-2.5760867918049875e-12
-2.5813808645146333e-12
-2.5856572162568105e-12
-2.5873730705136154e-12
-2.5917664305631741e-12
-2.5855882945432990e-12
-2.5880198231772340e-12
-2.5859983339085776e-12
-2.5845837659615732e-12
-2.5813411967775938e-12
-2.5885554963075714e-12
-2.5829704388915449e-12
-2.5832931202265784e-12
-2.5836408172670453e-12
-2.5787855701431533e-12
-2.5780559985682236e-12
-2.5770463780405319e-12
-2.5788578394516698e-12
-2.5786704477667293e-12
-2.5779186425100234e-12
-2.5826098972070594e-12
-2.5817322113410273e-12
-2.5834018903427451e-12
-2.5806972682991283e-12
-2.5843667505894425e-12
-2.5853706644153831e-12
-2.5842012194767496e-12
-2.5887254047367054e-12
-2.5876220197157640e-12
-2.5922910172422016e-12
-2.5913843745506389e-12
-2.5936874525505550e-12
