0.0000000000000000e+00
0.0000000000000000e+00
0.0000000000000000e+00
0.0000000000000000e+00
0.0000000000000000e+00
0.0000000000000000e+00
0.0000000000000000e+00
-1.1999016271303835e+00
-4.7106823358406622e+00
-9.7625130167066025e+00
-1.5841601016804869e+01
-1.7183289551407437e+01
-1.7183289551407459e+01
-1.7183289551407452e+01
-1.7183289551407448e+01
-1.7183289551407444e+01
-1.7183289551407444e+01
-1.7183289551407423e+01
-1.7183289551407420e+01
-1.7183289551407420e+01
-1.7183289551407427e+01
-1.7183289551407416e+01
-1.7183289551407409e+01
-1.7183289551407423e+01
-1.7183289551407380e+01
-1.7183289551407398e+01
-1.5257491377715695e+01
-1.1262477160975514e+01
-5.8881858045748814e+00
4.0571453981779682e-01
7.3127276495511433e+00
9.2062687328896491e+00
9.2062687328896455e+00
9.2062687328896597e+00
9.2062687328896544e+00
9.2062687328896651e+00
9.2062687328896669e+00
9.2062687328896580e+00
9.2062687328896455e+00
9.2062687328896313e+00
9.2062687328896331e+00
9.2062687328896331e+00
9.2062687328896402e+00
9.2062687328896278e+00
9.2062687328896260e+00
9.2062687328896384e+00
9.2062687328896473e+00
8.4561588436047863e+00
5.2453471840345882e+00
3.9346940938007025e-01
-5.5523287064674047e+00
-9.5152042640962851e+00
-1.2158079112064893e+01
-1.3920059158170201e+01
-1.5094741699984452e+01
-1.5877876320340713e+01
-1.6399971825538820e+01
-1.6748038058875501e+01
-1.6980083354809938e+01
-1.7134780725948705e+01
-1.7237912532227035e+01
-1.7306667170003429e+01
-1.7352503639757380e+01
-1.7383061306072008e+01
-1.7403433092418041e+01
-1.7421933249523278e+01
-1.7429347713504296e+01
-1.7434725228946046e+01
-1.7439728462700181e+01
-1.7444662922453574e+01
-1.7449584743902399e+01
-1.7449584743902417e+01
-1.7449584743902420e+01
-1.7450393724604400e+01
-1.7451848207231006e+01
-1.7453421297842517e+01
-1.7455016182000211e+01
-1.7456615070479920e+01
-1.7458214694586285e+01
-1.7459814453715534e+01
-1.7459814453715570e+01
-1.7459814453715602e+01
-1.7459814453715605e+01
-1.7460108402985394e+01
-1.7460108402985394e+01
-1.7460108402985362e+01
-1.7460108402985359e+01
-1.7460162416310904e+01
-1.7460162416310880e+01
-1.7460162416310897e+01
-1.7460162416310929e+01
-1.7460172342611845e+01
-1.7460172342611834e+01
-1.7460172342611855e+01
-1.7460172342611841e+01
-1.7460174168138447e+01
-1.7460174168138472e+01
-1.7460174168138483e+01
-1.7460174168138487e+01
-1.7460174505190921e+01
-1.7460174505190935e+01
-1.7460174505190945e+01
-1.7460174505190949e+01
-1.7460174568750297e+01
-1.7460174568750258e+01
-1.7460174568750283e+01
-1.7460174568750261e+01
-1.7460174582049461e+01
-1.7460174582049490e+01
-1.7460174582049458e+01
-1.7460174582049454e+01
-1.7460174586121738e+01
-1.7460174586121724e+01
-1.7460174586121724e+01
-1.7460174586121745e+01
-1.7460174588495224e+01
-1.7460174588495221e+01
-1.7460174588495207e+01
-1.7460174588495182e+01
-1.7460174590561415e+01
-1.7460174590561387e+01
-1.7460174590561397e+01
-1.7460174590561415e+01
-1.7460174592566659e+01
-1.7460174592566663e+01
-1.7460174592566641e+01
-1.7460174592566645e+01
-1.7460174594557554e+01
-1.7460174594557540e+01
-1.7460174594557515e+01
-1.7460174594557568e+01
-1.7460174596553646e+01
-1.7460174596553660e+01
-1.7460174596553671e+01
-1.7460174596553671e+01
-1.7460174598555472e+01
-1.7460174598555458e+01
-1.7460174598555426e+01
-1.7460174598555451e+01
-1.7460174600545603e+01
-1.7460174600545585e+01
-1.7460174600545582e+01
-1.7460174600545578e+01
-1.7460174602539901e+01
-1.7460174602539887e+01
-1.7460174602539904e+01
-1.7460174602539873e+01
-1.7460174604526991e+01
-1.7460174604526998e+01
-1.7460174604526973e+01
-1.7460174604526959e+01
-1.7460174606516031e+01
-1.7460174606516023e+01
-1.7460174606516009e+01
-1.7460174606515999e+01
-1.7460174608509000e+01
-1.7460174608509000e+01
-1.7460174608509032e+01
-1.7460174608509021e+01
-1.7460174610502580e+01
-1.7460174610502627e+01
-1.7460174610502644e+01
-1.7460174610502634e+01
-1.7460174612494782e+01
-1.7460174612494804e+01
-1.7460174612494818e+01
-1.7460174612494857e+01
-1.7460174614491052e+01
-1.7460174614491070e+01
-1.7460174614491049e+01
-1.7460174614491045e+01
-1.7460174616480508e+01
-1.7460174616480511e+01
-1.7460174616480518e+01
-1.7460174616480526e+01
-1.7460174618476756e+01
-1.7460174618476771e+01
-1.7460174618476753e+01
-1.7460174618476735e+01
-1.7460174620465075e+01
-1.7460174620465096e+01
-1.7460174620465072e+01
-1.7460174620465061e+01
-1.7460174622456318e+01
-1.7460174622456304e+01
-1.7460174622456282e+01
-1.7460174622456321e+01
-1.7460174624446775e+01
-1.7460174624446811e+01
-1.7460174624446800e+01
-1.7460174624446793e+01
-1.7460174626438455e+01
-1.7460174626438466e+01
-1.7460174626438491e+01
-1.7460174626438477e+01
-1.7460174628420560e+01
-1.7460174628420571e+01
-1.7460174628420557e+01
-1.7460174628420535e+01
-1.7460174630404175e+01
-1.7460174630404182e+01
