0.0000000000000000e+00
1.4878048780476240e-04
2.9753884326835718e-04
4.4634146341188368e-04
5.9512194463081410e-04
7.4388029351045589e-04
8.9261651663466814e-04
1.1914398543927452e-03
1.7790375201629772e-03
2.5593198389122947e-03
3.4679966251505026e-03
3.4869355832688595e-03
3.3380955243225569e-03
3.1893746085451349e-03
3.0406315715671888e-03
2.8918664068062813e-03
2.7430791076794850e-03
2.5942696675964189e-03
2.4454721695371931e-03
2.2966916817306485e-03
2.1479111939270413e-03
1.9991307061221009e-03
1.8503280793889956e-03
1.7015697305081468e-03
1.5527892492883397e-03
1.4039866291434408e-03
1.0144746006489494e-03
3.6631293542052965e-04
-4.5423535949124980e-04
-1.3897451538612674e-03
-2.4018986359207435e-03
-2.4898079828987300e-03
-2.3410652648994017e-03
-2.1923446680061900e-03
-2.0434665184637275e-03
-1.8946105303245277e-03
-1.7459055428423963e-03
-1.5971250550305225e-03
-1.4483666995590326e-03
-1.2995640794161386e-03
-1.1507835916077047e-03
-1.0020031038023239e-03
-8.5324474833773842e-04
-7.0444212819548667e-04
-5.5566164697912787e-04
-4.0690329810129443e-04
-2.5816707497793728e-04
-1.5560850978304875e-05
5.3452828017009745e-04
1.2898195525275825e-03
2.1818364843299259e-03
2.6771134786126084e-03
3.0075513124230768e-03
3.2278062325039503e-03
3.3746449074806631e-03
3.4725382245012243e-03
3.5378008254289793e-03
3.5813093993955392e-03
3.6103151924777293e-03
3.6296524221532331e-03
3.6425439238477486e-03
3.6511382650861362e-03
3.6568678289250678e-03
3.6606875394893917e-03
3.6632340137936602e-03
3.6657804816136470e-03
3.6664733405233651e-03
3.6671661989531468e-03
3.6678590569032988e-03
3.6685519143722098e-03
3.6692447713619720e-03
3.6687776338982124e-03
3.6690029704820343e-03
3.6692283070158629e-03
3.6694536434980960e-03
3.6696789799302212e-03
3.6699043163115632e-03
3.6701296526423428e-03
3.6703549889227200e-03
3.6705803251513205e-03
3.6702816842719460e-03
3.6699830433027944e-03
3.6702816843509787e-03
3.6705803253100490e-03
3.6703184279127049e-03
3.6700565304464122e-03
3.6703184281046313e-03
3.6705803256945400e-03
3.6703251795745699e-03
3.6700700333910600e-03
3.6703251797865852e-03
3.6705803261178182e-03
3.6703264203630345e-03
3.6700725145429134e-03
3.6703264205771319e-03
3.6705803265462229e-03
3.6703266485536524e-03
3.6700729704966647e-03
3.6703266487687096e-03
3.6705803269761412e-03
3.6703266906860008e-03
3.6700730543304553e-03
3.6703266909018806e-03
3.6705803274086064e-03
3.6703266986312590e-03
3.6700730697898139e-03
3.6703266988462905e-03
3.6705803278398075e-03
3.6703267002939173e-03
3.6700730726839698e-03
3.6703267005095252e-03
3.6705803282717311e-03
3.6703267008029433e-03
3.6700730732697031e-03
3.6703267010194272e-03
3.6705803287042905e-03
3.6703267010999500e-03
3.6700730734317948e-03
3.6703267013154408e-03
3.6705803291356611e-03
3.6703267013579646e-03
3.6700730735160234e-03
3.6703267015737824e-03
3.6705803295672464e-03
3.6703267016093568e-03
3.6700730735865807e-03
3.6703267018254374e-03
3.6705803299989679e-03
3.6703267018574669e-03
3.6700730736535579e-03
3.6703267020742310e-03
3.6705803304310407e-03
3.6703267021071617e-03
3.6700730737195112e-03
3.6703267023233026e-03
3.6705803308633498e-03
3.6703267023570968e-03
3.6700730737865093e-03
3.6703267025730503e-03
3.6705803312951776e-03
3.6703267026065938e-03
3.6700730738518810e-03
3.6703267028215933e-03
3.6705803317272421e-03
3.6703267028546315e-03
3.6700730739179809e-03
3.6703267030699567e-03
3.6705803321574930e-03
3.6703267031024571e-03
3.6700730739848550e-03
3.6703267033186783e-03
3.6705803325888940e-03
3.6703267033522755e-03
3.6700730740509809e-03
3.6703267035682178e-03
3.6705803330210384e-03
3.6703267036011298e-03
3.6700730741167677e-03
3.6703267038177821e-03
3.6705803334532942e-03
3.6703267038510792e-03
3.6700730741838451e-03
3.6703267040668315e-03
3.6705803338837363e-03
3.6703267040996039e-03
3.6700730742498179e-03
3.6703267043146433e-03
3.6705803343157779e-03
3.6703267043485671e-03
3.6700730743155991e-03
3.6703267045627153e-03
3.6705803347454966e-03
3.6703267045965489e-03
3.6700730743824666e-03
3.6703267048125710e-03
3.6705803351783943e-03
3.6703267048466192e-03
3.6700730744488649e-03
3.6703267050618889e-03
3.6705803356097276e-03
3.6703267050961449e-03
3.6700730745172377e-03
3.6703267053110568e-03
3.6705803360413099e-03
3.6703267053452616e-03
3.6700730745848177e-03
3.6703267055604918e-03
3.6705803364737773e-03
3.6703267055952565e-03
3.6700730746509654e-03
3.6703267058103930e-03
3.6705803369062769e-03
3.6703267058441971e-03
3.6700730747169829e-03
3.6703267060587143e-03
3.6705803373361105e-03
3.6703267060913787e-03
3.6700730747829808e-03
3.6703267063064472e-03
3.6705803377667110e-03
3.6703267063391974e-03
