0.0000000000000000e+00
-4.4634146340809018e-05
-8.9270284978046373e-05
-1.3390243902182809e-04
-1.7853658518342965e-04
-2.2317272364102235e-04
-2.6781085457346641e-04
-3.8743712165491392e-04
-6.5150658023394492e-04
-1.0118713521852154e-03
-1.4364446043220519e-03
-1.4756629138446601e-03
-1.4310302437381063e-03
-1.3863946213456824e-03
-1.3417609912023802e-03
-1.2971293531325657e-03
-1.2524997069559391e-03
-1.2078720524958976e-03
-1.1632238896453892e-03
-1.1185897433043960e-03
-1.0739555969632398e-03
-1.0293214506210751e-03
-9.8468929639812085e-04
-9.4005315793607431e-04
-8.9541901177057404e-04
-8.5078685772211964e-04
-6.8579929437026944e-04
-3.9147847334427443e-04
-1.0944102473244421e-05
4.2706193876348086e-04
9.0338579708128242e-04
9.7709911310301192e-04
9.3246401084578307e-04
8.8782691620905327e-04
8.4319667386759459e-04
7.9856443957883588e-04
7.5392838117682368e-04
7.0929423483302842e-04
6.6465809619290536e-04
6.2002594214830432e-04
5.7539179580469522e-04
5.3075764946292222e-04
4.8612151082626942e-04
4.4148935678238130e-04
3.9685521062028835e-04
3.5221907216268286e-04
3.0758094123154914e-04
2.1606924579113744e-04
-2.9256853621782796e-05
-3.7712338973742846e-04
-7.9336550290598669e-04
-1.0410570581224786e-03
-1.2062265898411409e-03
-1.3163474572174319e-03
-1.3897638404137267e-03
-1.4387091868566875e-03
-1.4713399039586210e-03
-1.4930939316054510e-03
-1.5075967128669193e-03
-1.5172652764633364e-03
-1.5237110045342658e-03
-1.5280081650312959e-03
-1.5308729424515959e-03
-1.5327827957339179e-03
-1.5340560319972007e-03
-1.5353292698825623e-03
-1.5356756961586032e-03
-1.5360221225542989e-03
-1.5363685490697204e-03
-1.5367149757055084e-03
-1.5370614024621011e-03
-1.5368278419305098e-03
-1.5369405099235022e-03
-1.5370531779299744e-03
-1.5371658459479201e-03
-1.5372785139787764e-03
-1.5373911820220406e-03
-1.5375038500787005e-03
-1.5376165181473214e-03
-1.5377291862290015e-03
-1.5375798667854224e-03
-1.5374305473641009e-03
-1.5375798667839262e-03
-1.5377291862259212e-03
-1.5375982386151127e-03
-1.5374672910218063e-03
-1.5375982386100174e-03
-1.5377291862152781e-03
-1.5376016144466708e-03
-1.5374740426948824e-03
-1.5376016144409376e-03
-1.5377291862045824e-03
-1.5376022348410742e-03
-1.5374752834929084e-03
-1.5376022348356816e-03
-1.5377291861937438e-03
-1.5376023489358870e-03
-1.5374755116940699e-03
-1.5376023489307696e-03
-1.5377291861834535e-03
-1.5376023700023388e-03
-1.5374755538378410e-03
-1.5376023699975557e-03
-1.5377291861715992e-03
-1.5376023739748588e-03
-1.5374755617930248e-03
-1.5376023739684475e-03
-1.5377291861598079e-03
-1.5376023748058761e-03
-1.5374755634674122e-03
-1.5376023748006674e-03
-1.5377291861497369e-03
-1.5376023750604518e-03
-1.5374755639873932e-03
-1.5376023750551145e-03
-1.5377291861378246e-03
-1.5376023752079724e-03
-1.5374755642946789e-03
-1.5376023752030805e-03
-1.5377291861283201e-03
-1.5376023753374535e-03
-1.5374755645627329e-03
-1.5376023753316684e-03
-1.5377291861160890e-03
-1.5376023754634476e-03
-1.5374755648264594e-03
-1.5376023754570425e-03
-1.5377291861037128e-03
-1.5376023755867589e-03
-1.5374755650861599e-03
-1.5376023755827085e-03
-1.5377291860948505e-03
-1.5376023757123398e-03
-1.5374755653451387e-03
-1.5376023757070216e-03
-1.5377291860852193e-03
-1.5376023758361718e-03
-1.5374755656031986e-03
-1.5376023758308190e-03
-1.5377291860736715e-03
-1.5376023759599065e-03
-1.5374755658637581e-03
-1.5376023759548550e-03
-1.5377291860620755e-03
-1.5376023760857080e-03
-1.5374755661244246e-03
-1.5376023760802584e-03
-1.5377291860507250e-03
-1.5376023762105817e-03
-1.5374755663854077e-03
-1.5376023762044672e-03
-1.5377291860396030e-03
-1.5376023763340053e-03
-1.5374755666448952e-03
-1.5376023763291450e-03
-1.5377291860289820e-03
-1.5376023764580849e-03
-1.5374755669043947e-03
-1.5376023764530821e-03
-1.5377291860175233e-03
-1.5376023765827410e-03
-1.5374755671624786e-03
-1.5376023765768065e-03
-1.5377291860082800e-03
-1.5376023767070348e-03
-1.5374755674213397e-03
-1.5376023767015442e-03
-1.5377291859977507e-03
-1.5376023768310654e-03
-1.5374755676805501e-03
-1.5376023768258846e-03
-1.5377291859868223e-03
-1.5376023769556827e-03
-1.5374755679406187e-03
-1.5376023769506689e-03
-1.5377291859765894e-03
-1.5376023770796252e-03
-1.5374755682000080e-03
-1.5376023770741082e-03
-1.5377291859643755e-03
-1.5376023772031024e-03
-1.5374755684588880e-03
-1.5376023771973960e-03
-1.5377291859532283e-03
-1.5376023773278635e-03
-1.5374755687181253e-03
-1.5376023773221001e-03
-1.5377291859403216e-03
-1.5376023774513877e-03
-1.5374755689773242e-03
-1.5376023774451391e-03
-1.5377291859281820e-03
-1.5376023775751592e-03
-1.5374755692373896e-03
-1.5376023775695797e-03
-1.5377291859172775e-03
-1.5376023776993331e-03
-1.5374755694967433e-03
-1.5376023776929881e-03
-1.5377291859054423e-03
-1.5376023778226199e-03
