0.0000000000000000e+00
-4.4634146341425516e-05
-8.9270284978073533e-05
-1.3390243902229156e-04
-1.7853658518436483e-04
-2.2317272364285614e-04
-2.6781085457466055e-04
-3.8743712165408863e-04
-6.5150658023252961e-04
-1.0118713521838410e-03
-1.4364446043204774e-03
-1.4756629138431266e-03
-1.4310302437351083e-03
-1.3863946213433537e-03
-1.3417609912000474e-03
-1.2971293531296132e-03
-1.2524997069539477e-03
-1.2078720524938951e-03
-1.1632238896444060e-03
-1.1185897433028012e-03
-1.0739555969612948e-03
-1.0293214506197450e-03
-9.8468929639641605e-04
-9.4005315793457681e-04
-8.9541901176953169e-04
-8.5078685772062030e-04
-6.8579929436896774e-04
-3.9147847334246370e-04
-1.0944102470393094e-05
4.2706193876617424e-04
9.0338579708408053e-04
9.7709911310459897e-04
9.3246401084934685e-04
8.8782691621267082e-04
8.4319667386945519e-04
7.9856443957825398e-04
7.5392838117892193e-04
7.0929423483456365e-04
6.6465809619459845e-04
6.2002594214989539e-04
5.7539179580722597e-04
5.3075764946581715e-04
4.8612151082889411e-04
4.4148935678607880e-04
3.9685521062544964e-04
3.5221907216787923e-04
3.0758094123722212e-04
2.1606924579498560e-04
-2.9256853619820004e-05
-3.7712338973438478e-04
-7.9336550290407296e-04
-1.0410570581195736e-03
-1.2062265898380065e-03
-1.3163474572145846e-03
-1.3897638404111123e-03
-1.4387091868536856e-03
-1.4713399039557149e-03
-1.4930939316026989e-03
-1.5075967128646344e-03
-1.5172652764602937e-03
-1.5237110045321920e-03
-1.5280081650294029e-03
-1.5308729424482984e-03
-1.5327827957317462e-03
-1.5340560319955228e-03
-1.5353292698798318e-03
-1.5356756961573694e-03
-1.5360221225542963e-03
-1.5363685490706186e-03
-1.5367149757075022e-03
-1.5370614024645046e-03
-1.5368278419276486e-03
-1.5369405099206542e-03
-1.5370531779268454e-03
-1.5371658459445677e-03
-1.5372785139761431e-03
-1.5373911820203128e-03
-1.5375038500765055e-03
-1.5376165181448850e-03
-1.5377291862276948e-03
-1.5375798667816921e-03
-1.5374305473598877e-03
-1.5375798667791333e-03
-1.5377291862214456e-03
-1.5375982386121847e-03
-1.5374672910192495e-03
-1.5375982386065072e-03
-1.5377291862112958e-03
-1.5376016144437042e-03
-1.5374740426929330e-03
-1.5376016144380720e-03
-1.5377291861995938e-03
-1.5376022348372398e-03
-1.5374752834916737e-03
-1.5376022348316677e-03
-1.5377291861890900e-03
-1.5376023489325806e-03
-1.5374755116927146e-03
-1.5376023489268903e-03
-1.5377291861770814e-03
-1.5376023699983730e-03
-1.5374755538351984e-03
-1.5376023699928980e-03
-1.5377291861673054e-03
-1.5376023739701596e-03
-1.5374755617893411e-03
-1.5376023739639086e-03
-1.5377291861552456e-03
-1.5376023748014105e-03
-1.5374755634634432e-03
-1.5376023747960478e-03
-1.5377291861442466e-03
-1.5376023750569806e-03
-1.5374755639843416e-03
-1.5376023750501618e-03
-1.5377291861324582e-03
-1.5376023752040483e-03
-1.5374755642908930e-03
-1.5376023751989723e-03
-1.5377291861226534e-03
-1.5376023753335638e-03
-1.5374755645594460e-03
-1.5376023753282426e-03
-1.5377291861132694e-03
-1.5376023754589845e-03
-1.5374755648207377e-03
-1.5376023754533718e-03
-1.5377291861020685e-03
-1.5376023755838111e-03
-1.5374755650807185e-03
-1.5376023755781002e-03
-1.5377291860906451e-03
-1.5376023757077580e-03
-1.5374755653413447e-03
-1.5376023757034960e-03
-1.5377291860812034e-03
-1.5376023758326082e-03
-1.5374755656011477e-03
-1.5376023758274472e-03
-1.5377291860693408e-03
-1.5376023759561843e-03
-1.5374755658602722e-03
-1.5376023759511724e-03
-1.5377291860593893e-03
-1.5376023760822332e-03
-1.5374755661203233e-03
-1.5376023760762269e-03
-1.5377291860491239e-03
-1.5376023762068590e-03
-1.5374755663804046e-03
-1.5376023762008403e-03
-1.5377291860376584e-03
-1.5376023763308663e-03
-1.5374755666403268e-03
-1.5376023763250056e-03
-1.5377291860258443e-03
-1.5376023764546375e-03
-1.5374755669005323e-03
-1.5376023764498425e-03
-1.5377291860153026e-03
-1.5376023765792993e-03
-1.5374755671592718e-03
-1.5376023765747342e-03
-1.5377291860046735e-03
-1.5376023767042022e-03
-1.5374755674189048e-03
-1.5376023766993365e-03
-1.5377291859942918e-03
-1.5376023768282200e-03
-1.5374755676794618e-03
-1.5376023768239665e-03
-1.5377291859854493e-03
-1.5376023769531496e-03
-1.5374755679383215e-03
-1.5376023769474473e-03
-1.5377291859736697e-03
-1.5376023770779087e-03
-1.5374755681980198e-03
-1.5376023770720918e-03
-1.5377291859619314e-03
-1.5376023772015707e-03
-1.5374755684574254e-03
-1.5376023771959807e-03
-1.5377291859512564e-03
-1.5376023773248956e-03
-1.5374755687143624e-03
-1.5376023773197001e-03
-1.5377291859400867e-03
-1.5376023774501344e-03
-1.5374755689761834e-03
-1.5376023774447260e-03
-1.5377291859285554e-03
-1.5376023775750826e-03
-1.5374755692368256e-03
-1.5376023775684618e-03
-1.5377291859164218e-03
-1.5376023776987890e-03
-1.5374755694968925e-03
-1.5376023776918835e-03
-1.5377291859042554e-03
-1.5376023778218865e-03
