0.0000000000000000e+00
0.0000000000000000e+00
0.0000000000000000e+00
0.0000000000000000e+00
0.0000000000000000e+00
0.0000000000000000e+00
0.0000000000000000e+00
1.4998770339140564e-04
5.8883529198058729e-04
1.2203141270891163e-03
1.9802001271016431e-03
2.1479111939270179e-03
2.1479111939270179e-03
2.1479111939270179e-03
2.1479111939270179e-03
2.1479111939270179e-03
2.1479111939270179e-03
2.1479111939270179e-03
2.1479111939270179e-03
2.1479111939270179e-03
2.1479111939270179e-03
2.1479111939270179e-03
2.1479111939270179e-03
2.1479111939270179e-03
2.1479111939270179e-03
2.1479111939270179e-03
2.3886359656383718e-03
2.8880127427306774e-03
3.5597991622802160e-03
4.3465367053290658e-03
5.2099133440455881e-03
5.4466059794630629e-03
5.4466059794630629e-03
5.4466059794630629e-03
5.4466059794630629e-03
5.4466059794630629e-03
5.4466059794630629e-03
5.4466059794630629e-03
5.4466059794630629e-03
5.4466059794630629e-03
5.4466059794630629e-03
5.4466059794630629e-03
5.4466059794630629e-03
5.4466059794630629e-03
5.4466059794630629e-03
5.4466059794630629e-03
5.4466059794630629e-03
5.5403697156237719e-03
5.9417211730698168e-03
6.5482058949017166e-03
7.2914306593823445e-03
7.7867901040860887e-03
8.1171494600822385e-03
8.3373969658454301e-03
8.4842322835722035e-03
8.5821241111167599e-03
8.6473860492665162e-03
8.6908943284336026e-03
8.7198999904253959e-03
8.7392371618177436e-03
8.7521286376025225e-03
8.7607229673245593e-03
8.7664525260438032e-03
8.7702722343331214e-03
8.7728187076263724e-03
8.7751312272645286e-03
8.7760580352621610e-03
8.7767302246923758e-03
8.7773556289116369e-03
8.7779724363808154e-03
8.7785876640619192e-03
8.7785876640619192e-03
8.7785876640619192e-03
8.7786887866496671e-03
8.7788705969779925e-03
8.7790672333044346e-03
8.7792665938241470e-03
8.7794664548841127e-03
8.7796664078974070e-03
8.7798663777885651e-03
8.7798663777885651e-03
8.7798663777885651e-03
8.7798663777885651e-03
8.7799031214472831e-03
8.7799031214472831e-03
8.7799031214472831e-03
8.7799031214472831e-03
8.7799098731129767e-03
8.7799098731129767e-03
8.7799098731129767e-03
8.7799098731129767e-03
8.7799111139005900e-03
8.7799111139005900e-03
8.7799111139005900e-03
8.7799111139005900e-03
8.7799113420914225e-03
8.7799113420914225e-03
8.7799113420914225e-03
8.7799113420914225e-03
8.7799113842229673e-03
8.7799113842229673e-03
8.7799113842229673e-03
8.7799113842229673e-03
8.7799113921678846e-03
8.7799113921678846e-03
8.7799113921678846e-03
8.7799113921678846e-03
8.7799113938302857e-03
8.7799113938302857e-03
8.7799113938302857e-03
8.7799113938302857e-03
8.7799113943393160e-03
8.7799113943393160e-03
8.7799113943393160e-03
8.7799113943393160e-03
8.7799113946359988e-03
8.7799113946359988e-03
8.7799113946359988e-03
8.7799113946359988e-03
8.7799113948942749e-03
8.7799113948942749e-03
8.7799113948942749e-03
8.7799113948942749e-03
8.7799113951449285e-03
8.7799113951449285e-03
8.7799113951449285e-03
8.7799113951449285e-03
8.7799113953937920e-03
8.7799113953937920e-03
8.7799113953937920e-03
8.7799113953937920e-03
8.7799113956433025e-03
8.7799113956433025e-03
8.7799113956433025e-03
8.7799113956433025e-03
8.7799113958935311e-03
8.7799113958935311e-03
8.7799113958935311e-03
8.7799113958935311e-03
8.7799113961422939e-03
8.7799113961422939e-03
8.7799113961422939e-03
8.7799113961422939e-03
8.7799113963915806e-03
8.7799113963915806e-03
8.7799113963915806e-03
8.7799113963915806e-03
8.7799113966399670e-03
8.7799113966399670e-03
8.7799113966399670e-03
8.7799113966399670e-03
8.7799113968885997e-03
8.7799113968885997e-03
8.7799113968885997e-03
8.7799113968885997e-03
8.7799113971377199e-03
8.7799113971377199e-03
8.7799113971377199e-03
8.7799113971377199e-03
8.7799113973869233e-03
8.7799113973869233e-03
8.7799113973869233e-03
8.7799113973869233e-03
8.7799113976359446e-03
8.7799113976359446e-03
8.7799113976359446e-03
8.7799113976359446e-03
8.7799113978854690e-03
8.7799113978854690e-03
8.7799113978854690e-03
8.7799113978854690e-03
8.7799113981341572e-03
8.7799113981341572e-03
8.7799113981341572e-03
8.7799113981341572e-03
8.7799113983836798e-03
8.7799113983836798e-03
8.7799113983836798e-03
8.7799113983836798e-03
8.7799113986322258e-03
8.7799113986322258e-03
8.7799113986322258e-03
8.7799113986322258e-03
8.7799113988811309e-03
8.7799113988811309e-03
8.7799113988811309e-03
8.7799113988811309e-03
8.7799113991299423e-03
8.7799113991299423e-03
8.7799113991299423e-03
8.7799113991299423e-03
8.7799113993789028e-03
8.7799113993789028e-03
8.7799113993789028e-03
8.7799113993789028e-03
8.7799113996266612e-03
8.7799113996266612e-03
8.7799113996266612e-03
8.7799113996266612e-03
8.7799113998746191e-03
8.7799113998746191e-03
