0.0000000000000000e+00
3.0499999999927162e+01
6.0996824069625248e+01
9.1499999999187168e+01
1.2199999893231663e+02
1.5249682193556893e+02
1.8299047007522609e+02
2.1349889330522660e+02
2.4399591407476856e+02
2.7449815391918560e+02
3.0499916381380075e+02
2.7449999982733357e+02
2.4399083870736655e+02
2.1349999999604705e+02
1.8300598710381206e+02
1.5250879896509250e+02
1.2200843451345150e+02
9.1504892681687153e+01
6.0999999999812609e+01
3.0499999999582613e+01
1.8973848358014573e-10
3.0500000000239389e+01
6.1003176997162839e+01
9.1500000001192120e+01
1.2199999893498303e+02
1.5250317486547431e+02
1.8300282796333585e+02
2.1350325159896209e+02
2.4400142273288202e+02
2.7450061643430621e+02
3.0500026133586283e+02
2.7450000020044342e+02
2.4400580546784897e+02
2.1351478488042090e+02
1.8300000000627517e+02
1.5248839570013868e+02
1.2200000000323115e+02
9.1500000001728580e+01
6.1003175930279269e+01
3.0500000000685304e+01
9.2315084929283965e-11
3.0500000000202160e+01
6.0996824070049158e+01
9.1499999999338797e+01
1.2199999893191418e+02
1.5249682193484355e+02
1.8299047007418943e+02
2.1349956593262576e+02
2.4399537293312710e+02
2.7449791045123590e+02
3.0499905594457670e+02
3.0498792009907754e+02
3.0499869545650637e+02
3.0499940961542330e+02
3.0499973786504233e+02
3.0499988328044657e+02
3.0499994806125102e+02
3.0499997689730321e+02
3.0499998972653924e+02
3.0499999543234298e+02
3.0499999796943223e+02
3.0499999909732912e+02
3.0499999959873855e+02
3.0499999982162296e+02
3.0499999992065608e+02
3.0505533829049483e+02
3.0499999983199234e+02
3.0500488840085410e+02
3.0502084341477490e+02
3.0503883183384465e+02
3.0505719387699355e+02
3.0494669919268182e+02
3.0499999991439836e+02
3.0502938124902471e+02
3.0503967682330943e+02
3.0504646547298921e+02
3.0505260974017710e+02
3.0505863560439104e+02
3.0506463971198986e+02
3.0507063982139607e+02
3.0499999992415280e+02
3.0492936001639725e+02
3.0499999993627000e+02
3.0506194855721139e+02
3.0499999992142432e+02
3.0493805127745389e+02
3.0499999995084607e+02
3.0506035158760068e+02
3.0499999992064261e+02
3.0493964824629700e+02
3.0499999995315312e+02
3.0506005815854473e+02
3.0499999992072776e+02
3.0493994167515626e+02
3.0499999995362430e+02
3.0506000424846218e+02
3.0499999992068399e+02
3.0493999558523655e+02
3.0499999995375390e+02
3.0505999434885177e+02
3.0499999992084986e+02
3.0494000548504692e+02
3.0499999995406790e+02
3.0505999253600157e+02
3.0499999992082348e+02
3.0494000729801536e+02
3.0499999995374543e+02
3.0505999220892187e+02
3.0499999992093058e+02
3.0494000762520579e+02
3.0499999995406392e+02
3.0505999215499111e+02
3.0499999992099049e+02
3.0494000767928634e+02
3.0499999995417397e+02
3.0505999215115139e+02
3.0499999992092717e+02
3.0494000768307922e+02
3.0499999995411258e+02
3.0505999215659477e+02
3.0499999992093268e+02
3.0494000767758905e+02
3.0499999995408689e+02
3.0505999216365706e+02
3.0499999992108417e+02
3.0494000767080922e+02
3.0499999995425287e+02
3.0505999217101561e+02
3.0499999992095661e+02
3.0494000766347682e+02
3.0499999995434615e+02
3.0505999217853952e+02
3.0499999992098117e+02
3.0494000765587066e+02
3.0499999995433933e+02
3.0505999218608946e+02
3.0499999992084020e+02
3.0494000764808317e+02
3.0499999995406483e+02
3.0505999219346489e+02
3.0499999992085509e+02
3.0494000764056119e+02
3.0499999995398844e+02
3.0505999220097476e+02
3.0499999992085429e+02
3.0494000763306690e+02
3.0499999995393785e+02
3.0505999220837214e+02
3.0499999992092012e+02
3.0494000762599825e+02
3.0499999995406898e+02
3.0505999221584585e+02
3.0499999992105364e+02
3.0494000761861298e+02
3.0499999995428385e+02
3.0505999222334930e+02
3.0499999992093308e+02
3.0494000761105775e+02
3.0499999995429590e+02
3.0505999223082949e+02
3.0499999992108462e+02
3.0494000760348302e+02
3.0499999995431222e+02
3.0505999223828974e+02
3.0499999992106922e+02
3.0494000759587527e+02
3.0499999995418000e+02
3.0505999224580563e+02
3.0499999992089187e+02
3.0494000758825877e+02
3.0499999995395558e+02
3.0505999225321540e+02
3.0499999992089033e+02
3.0494000758091732e+02
3.0499999995410997e+02
3.0505999226075164e+02
3.0499999992093495e+02
3.0494000757335482e+02
3.0499999995402254e+02
3.0505999226814930e+02
3.0499999992103091e+02
3.0494000756626923e+02
3.0499999995406591e+02
3.0505999227563797e+02
3.0499999992101209e+02
3.0494000755872827e+02
3.0499999995411923e+02
3.0505999228309690e+02
3.0499999992121502e+02
3.0494000755143367e+02
3.0499999995425532e+02
3.0505999229057420e+02
3.0499999992121781e+02
3.0494000754399178e+02
3.0499999995410678e+02
3.0505999229793537e+02
3.0499999992115045e+02
3.0494000753680416e+02
3.0499999995410576e+02
3.0505999230538572e+02
3.0499999992110298e+02
