0.0000000000000000e+00
7.4198285426899602e-11
-3.4029990599870876e-03
5.1224385622123094e-10
-7.0759867682104034e-07
-3.4044150210241816e-03
-1.0210412922842598e-02
-3.0058749289233809e-03
-1.1143243418352702e-02
-4.9574886009333746e-03
-2.2042845192698701e-03
-3.0717113147522861e-08
-7.6274405894134851e-03
1.8315577955430807e-09
4.2257811331515276e-03
5.0491880315184177e-03
2.4695145119226561e-03
-3.5139485484085059e-03
6.1570438161341054e-10
3.5981026379894478e-10
4.8604784489769689e-10
6.0021784612145781e-10
-3.4037077401828722e-03
9.5017517333615994e-10
7.1024980597821774e-07
-3.4022876563032244e-03
-7.7386443275377402e-03
-8.9347250086167247e-03
-3.9680132994898629e-03
-1.7625618982428188e-03
-7.8252128517502010e-04
-3.4700804653129349e-08
-4.8438913671618455e-03
-1.3089452141712374e-02
2.8719624942094984e-09
9.6831586394066811e-03
1.1435314130912833e-09
9.7676755364396425e-10
-3.4029985080580535e-03
7.6567862649735145e-10
6.5768649425186594e-10
6.5614823278889271e-10
-3.4029984134939881e-03
1.3765429440936086e-09
-7.0665525841537062e-07
-3.4044140244408857e-03
-1.0210411614310168e-02
-1.1750404246075581e-03
-1.2634769243899092e-02
-5.6214201678278265e-03
-2.4994012479279178e-03
-1.6915628187144399e-02
-3.6341418722769729e-03
-1.6197013128400324e-03
-7.1973479807909194e-04
-3.1991686119511853e-04
-1.4219518407741996e-04
-6.3200594763199470e-05
-2.8089904421725952e-05
-1.2484214734168321e-05
-5.5482066247863888e-06
-2.4657997371383171e-06
-1.0953858637701382e-06
-4.8666530990922283e-07
-2.1610506713837916e-07
-1.8447697317200258e-02
-4.5875196318603890e-07
-1.6290188292451412e-03
-6.9465166729699070e-03
-1.2941939566377826e-02
-1.9062026825414753e-02
1.7766734171958353e-02
-7.0948091275824507e-08
-9.7937601122741972e-03
-1.3225541897496512e-02
-1.5488362007166455e-02
-1.7536400923924941e-02
-1.9544985052639401e-02
-2.1546329766857421e-02
-2.3546355374068982e-02
-6.2648345851075121e-08
2.3546210106715062e-02
-5.2447622581265282e-08
-2.0649238309544637e-02
-6.5129067754240731e-08
2.0649093287950070e-02
-4.0306615720476661e-08
-2.0116845960746629e-02
-6.5148563745787324e-08
2.0116701510360876e-02
-3.7900695468418149e-08
-2.0018960145920247e-02
-6.5065765647456860e-08
2.0018815835541583e-02
-3.7579268031241567e-08
-2.0000913323971310e-02
-6.4981957399058525e-08
2.0000769140655402e-02
-3.7483514077708051e-08
-1.9997536056229500e-02
-6.5068675347949194e-08
1.9997391959111370e-02
-3.7489861184933801e-08
-1.9996854469296516e-02
-6.4914326860176688e-08
1.9996710836940216e-02
-3.7011033787564412e-08
-1.9996667701346192e-02
-6.4860506414853784e-08
1.9996524112106558e-02
-3.7291555000092440e-08
-1.9996572243520749e-02
-6.5196593561980212e-08
1.9996428274461610e-02
-3.7111060410433758e-08
-1.9996493065538676e-02
-6.4701916842257765e-08
1.9996349911744829e-02
-3.7246721504372131e-08
-1.9996417842942326e-02
-6.4879943465503911e-08
1.9996274411624933e-02
-3.7203778989365686e-08
-1.9996342976911434e-02
-6.4949315875419403e-08
1.9996199180184502e-02
-3.7072200138714893e-08
-1.9996267785860267e-02
-6.4990489854175356e-08
1.9996124260588600e-02
-3.7346576324411270e-08
-1.9996192852386980e-02
-6.4937750789779372e-08
1.9996049161085026e-02
-3.7586553768184117e-08
-1.9996118342458531e-02
-6.4777261818129661e-08
1.9995974535467663e-02
-3.7202208352268891e-08
-1.9996043046728688e-02
-6.4422600320878618e-08
1.9995899530512486e-02
-3.6988145959391275e-08
-1.9995968180862245e-02
-6.5101740966600402e-08
1.9995824393812166e-02
-3.7354213304021992e-08
-1.9995893571090186e-02
-6.5377759264404343e-08
1.9995749232640650e-02
-3.7425763714193042e-08
-1.9995818446657619e-02
-6.5055968918216617e-08
1.9995674221887767e-02
-3.7341484446033758e-08
-1.9995743194945317e-02
-6.4862313916512558e-08
1.9995599096463684e-02
-3.7323215210938648e-08
-1.9995668192979130e-02
-6.4823816534107457e-08
1.9995524749369140e-02
-3.7352660410821482e-08
-1.9995593635688799e-02
-6.4976092402959648e-08
1.9995449906851412e-02
-3.7545956561605962e-08
-1.9995518788903075e-02
-6.4761535670594755e-08
1.9995374804131986e-02
-3.7655912692874587e-08
-1.9995444654964830e-02
-6.5068186169090524e-08
1.9995300090767578e-02
-3.7367597284207851e-08
-1.9995369353721478e-02
-6.4928368315274698e-08
1.9995225293361701e-02
-3.7148312107986844e-08
-1.9995293997153253e-02
-6.4520553824048370e-08
1.9995150743169050e-02
-3.6879493397296321e-08
-1.9995219083095161e-02
-6.4246861688675378e-08
1.9995076733659894e-02
-3.6676153200658872e-08
-1.9995143740762819e-02
-6.4288756504883030e-08
1.9995001243870963e-02
-3.6600383530425951e-08
-1.9995068345440504e-02
-6.4332329082539866e-08
1.9994926028802488e-02
-3.6468990919770350e-08
-1.9994993378291716e-02
-6.4451241205198708e-08
1.9994850918863882e-02
-3.6295981674057921e-08
-1.9994918171244391e-02
-6.4074210754035456e-08
