0.0000000000000000e+00
3.0500000000049983e+01
6.0993421070579373e+01
9.1499999999747089e+01
1.2199999822480730e+02
1.5249341752071348e+02
1.8298025966240144e+02
2.1349588743024674e+02
2.4398477083127699e+02
2.7449319643054145e+02
3.0499695952924606e+02
2.7449999979658276e+02
2.4398321126662057e+02
2.1349999999776639e+02
1.8301021288482843e+02
1.5251384815297908e+02
1.2201090402788529e+02
9.1501378733067028e+01
6.1000000000421110e+01
3.0499999999897540e+01
2.2737824300450154e-10
-3.0499999999673175e+01
-6.1006580704964932e+01
-9.1500000000295628e+01
-1.2199999822475198e+02
-1.5250657715319241e+02
-1.8301056660770683e+02
-2.1351218632401799e+02
-2.4400539074626784e+02
-2.7450237899624915e+02
-3.0500104385718265e+02
-2.7450000023510626e+02
-2.4401064935932527e+02
-2.1352787433268284e+02
-1.8300000000340566e+02
-1.5247871254130291e+02
-1.2200000000206708e+02
-9.1500000000682832e+01
-6.1006578928755388e+01
-3.0499999999889496e+01
7.2974747852535455e-10
3.0500000000837556e+01
6.0993421071625072e+01
9.1500000000626812e+01
1.2199999822507924e+02
1.5249341752062068e+02
1.8298025966229983e+02
2.1349839089209490e+02
2.4398273816391699e+02
2.7449228903103756e+02
3.0499655654335407e+02
3.0497100447084955e+02
3.0499506131459691e+02
3.0499778991408647e+02
3.0499901813023035e+02
3.0499956336354325e+02
3.0499980586605744e+02
3.0499991369669601e+02
3.0499996163665674e+02
3.0499998294810541e+02
3.0499999242127006e+02
3.0499999663158957e+02
3.0499999850330789e+02
3.0499999933501221e+02
3.0499999970463585e+02
3.0503689059317327e+02
3.0499999937334718e+02
3.0500325938224671e+02
3.0501389689839505e+02
3.0502588989464050e+02
3.0503813185057396e+02
3.0496446592683219e+02
3.0499999984342685e+02
3.0501958748887955e+02
3.0502645128135407e+02
3.0503097711097541e+02
3.0503507333931589e+02
3.0503909061936906e+02
3.0504309338224431e+02
3.0504709346612583e+02
3.0499999986141677e+02
3.0495290622638214e+02
3.0499999988364789e+02
3.0504129931874007e+02
3.0499999985625732e+02
3.0495870037074047e+02
3.0499999991045479e+02
3.0504023474152194e+02
3.0499999985547578e+02
3.0495976494786692e+02
3.0499999991523458e+02
3.0504003919820201e+02
3.0499999985556730e+02
3.0495996049109368e+02
3.0499999991594711e+02
3.0504000333498908e+02
3.0499999985563949e+02
3.0495999635448834e+02
3.0499999991617688e+02
3.0503999681249030e+02
3.0499999985567541e+02
3.0496000287699508e+02
3.0499999991641596e+02
3.0503999568138926e+02
3.0499999985575522e+02
3.0496000400877961e+02
3.0499999991659217e+02
3.0503999554105917e+02
3.0499999985592382e+02
3.0496000414920962e+02
3.0499999991659701e+02
3.0503999558250871e+02
3.0499999985569571e+02
3.0496000410750850e+02
3.0499999991686116e+02
3.0503999565784864e+02
3.0499999985610589e+02
3.0496000403286536e+02
3.0499999991671632e+02
3.0503999573847028e+02
3.0499999985591171e+02
3.0496000395189867e+02
3.0499999991676083e+02
3.0503999582060658e+02
3.0499999985593257e+02
3.0496000386969246e+02
3.0499999991703675e+02
3.0503999590323724e+02
3.0499999985587095e+02
3.0496000378746356e+02
3.0499999991676600e+02
3.0503999598548506e+02
3.0499999985583798e+02
3.0496000370489242e+02
3.0499999991665186e+02
3.0503999606761323e+02
3.0499999985596281e+02
3.0496000362262413e+02
3.0499999991678158e+02
3.0503999615025327e+02
3.0499999985630916e+02
3.0496000353999898e+02
3.0499999991687082e+02
3.0503999623276093e+02
3.0499999985562891e+02
3.0496000345729243e+02
3.0499999991644114e+02
3.0503999631485453e+02
3.0499999985543224e+02
3.0496000337501033e+02
3.0499999991653419e+02
3.0503999639742449e+02
3.0499999985592189e+02
3.0496000329267230e+02
3.0499999991680409e+02
3.0503999648010392e+02
3.0499999985601346e+02
3.0496000321003538e+02
3.0499999991689026e+02
3.0503999656265199e+02
3.0499999985619536e+02
3.0496000312818433e+02
3.0499999991698257e+02
3.0503999664456950e+02
3.0499999985606792e+02
3.0496000304577785e+02
3.0499999991664538e+02
3.0503999672693163e+02
3.0499999985608531e+02
3.0496000296316544e+02
3.0499999991634655e+02
3.0503999680865326e+02
3.0499999985583736e+02
3.0496000288102834e+02
3.0499999991669898e+02
3.0503999689137521e+02
3.0499999985607423e+02
3.0496000279869617e+02
3.0499999991690811e+02
3.0503999697414724e+02
3.0499999985657701e+02
3.0496000271709028e+02
3.0499999991726480e+02
3.0503999705658879e+02
3.0499999985675112e+02
3.0496000263536496e+02
3.0499999991745722e+02
3.0503999713953340e+02
3.0499999985704517e+02
3.0496000255280819e+02
3.0499999991783420e+02
3.0503999722246698e+02
3.0499999985708718e+02
3.0496000247019037e+02
3.0499999991777054e+02
3.0503999730472378e+02
3.0499999985690744e+02
3.0496000238797035e+02
3.0499999991795448e+02
3.0503999738735968e+02
3.0499999985720649e+02
