2.0000000000000020e+02
2.0000000000000020e+02
2.0000000000000020e+02
2.0000000000000020e+02
2.0000000000000020e+02
2.0000000000000020e+02
2.0000000000000020e+02
2.0989918842383290e+02
2.2986386706723468e+02
2.4521061486904659e+02
2.5747436076336157e+02
2.2295013117308494e+02
2.1288746716356235e+02
2.1288746716356235e+02
2.1288746716356235e+02
2.1288746716356235e+02
2.1288746716356235e+02
2.1288746716356235e+02
2.1288746716356235e+02
2.1288746716356235e+02
2.1288746716356235e+02
2.1288746716356235e+02
2.1288746716356235e+02
2.1288746716356235e+02
2.1288746716356235e+02
2.1288746716356235e+02
2.2877530209651175e+02
2.4729068308192245e+02
2.6166598014665374e+02
2.7328347281490568e+02
2.8306207838726556e+02
2.4688119400182666e+02
2.3267963587677860e+02
2.3267963587677860e+02
2.3267963587677860e+02
2.3267963587677860e+02
2.3267963587677860e+02
2.3267963587677860e+02
2.3267963587677860e+02
2.3267963587677860e+02
2.3267963587677860e+02
2.3267963587677860e+02
2.3267963587677860e+02
2.3267963587677860e+02
2.3267963587677860e+02
2.3267963587677860e+02
2.3267963587677860e+02
2.3886804246338545e+02
2.5973141448518163e+02
2.7567831867932478e+02
2.8834206982513047e+02
2.7644230730674121e+02
2.6852445812026286e+02
2.6323923214086346e+02
2.5971551276503988e+02
2.5736625431937449e+02
2.5580003258458473e+02
2.5475586272062679e+02
2.5405973966206003e+02
2.5359565325444748e+02
2.5328626037270203e+02
2.5307999758726976e+02
2.5294248867941755e+02
2.5285081590335824e+02
2.5278970064335343e+02
2.5278953854187648e+02
2.5271195669143077e+02
2.5270071271396733e+02
2.5270165802662592e+02
2.5270484306643547e+02
2.5270843964523783e+02
2.5267152598437158e+02
2.5267152598437158e+02
2.5267820007516301e+02
2.5268413220156773e+02
2.5268620157941317e+02
2.5268756119412777e+02
2.5268879039290283e+02
2.5268999562818249e+02
2.5269119646020096e+02
2.5267919826673162e+02
2.5267919826673162e+02
2.5267919826673162e+02
2.5268162334820698e+02
2.5267941872868397e+02
2.5267941872868397e+02
2.5267941872868397e+02
2.5267986433861955e+02
2.5267945923867796e+02
2.5267945923867796e+02
2.5267945923867796e+02
2.5267954113066057e+02
2.5267946668340360e+02
2.5267946668340360e+02
2.5267946668340360e+02
2.5267948174399839e+02
2.5267946805254866e+02
2.5267946805254866e+02
2.5267946805254866e+02
2.5267947083323097e+02
2.5267946830533788e+02
2.5267946830533788e+02
2.5267946830533788e+02
2.5267946882970276e+02
2.5267946835300756e+02
2.5267946835300756e+02
2.5267946835300756e+02
2.5267946846272562e+02
2.5267946836298196e+02
2.5267946836298196e+02
2.5267946836298196e+02
2.5267946839657785e+02
2.5267946836603608e+02
2.5267946836603608e+02
2.5267946836603608e+02
2.5267946838561753e+02
2.5267946836781613e+02
2.5267946836781613e+02
2.5267946836781613e+02
2.5267946838486250e+02
2.5267946836936576e+02
2.5267946836936576e+02
2.5267946836936576e+02
2.5267946838590890e+02
2.5267946837086981e+02
2.5267946837086981e+02
2.5267946837086981e+02
2.5267946838729461e+02
2.5267946837236283e+02
2.5267946837236283e+02
2.5267946837236283e+02
2.5267946838883063e+02
2.5267946837386000e+02
2.5267946837386000e+02
2.5267946837386000e+02
2.5267946839037498e+02
2.5267946837536121e+02
2.5267946837536121e+02
2.5267946837536121e+02
2.5267946839178001e+02
2.5267946837685392e+02
2.5267946837685392e+02
2.5267946837685392e+02
2.5267946839330699e+02
2.5267946837834978e+02
2.5267946837834978e+02
2.5267946837834978e+02
2.5267946839474305e+02
2.5267946837984002e+02
2.5267946837984002e+02
2.5267946837984002e+02
2.5267946839624980e+02
2.5267946838133179e+02
2.5267946838133179e+02
2.5267946838133179e+02
2.5267946839777392e+02
2.5267946838282649e+02
2.5267946838282649e+02
2.5267946838282649e+02
2.5267946839927376e+02
2.5267946838432175e+02
2.5267946838432175e+02
2.5267946838432175e+02
2.5267946840075712e+02
2.5267946838581585e+02
2.5267946838581585e+02
2.5267946838581585e+02
2.5267946840228467e+02
2.5267946838731291e+02
2.5267946838731291e+02
2.5267946838731291e+02
2.5267946840372610e+02
2.5267946838880516e+02
2.5267946838880516e+02
2.5267946838880516e+02
2.5267946840527370e+02
2.5267946839030236e+02
2.5267946839030236e+02
2.5267946839030236e+02
2.5267946840670621e+02
2.5267946839179342e+02
2.5267946839179342e+02
2.5267946839179342e+02
2.5267946840822114e+02
2.5267946839328698e+02
2.5267946839328698e+02
2.5267946839328698e+02
2.5267946840970845e+02
2.5267946839477986e+02
2.5267946839477986e+02
2.5267946839477986e+02
2.5267946841121116e+02
2.5267946839627351e+02
2.5267946839627351e+02
2.5267946839627351e+02
2.5267946841262585e+02
2.5267946839776013e+02
2.5267946839776013e+02
2.5267946839776013e+02
2.5267946841412521e+02
2.5267946839924778e+02
