0.0000000000000000e+00
1.7141462179681544e-10
-3.4029990317952152e-03
6.0743454303830646e-10
-7.0741999828854560e-07
-3.4044146901101554e-03
-1.0210412726578274e-02
-3.0058750310623453e-03
-1.1143243565070259e-02
-4.9574886874249428e-03
-2.2042845902590993e-03
-3.0784391911916745e-08
-7.6274409023853584e-03
1.6074195078846627e-09
4.2257808995317340e-03
5.0491877416247964e-03
2.4695143557751215e-03
-3.5139486918706140e-03
6.0130872623197258e-10
2.7003049488108284e-10
3.4595597098237639e-10
5.3220409182011385e-10
-3.4037078639952553e-03
8.4289246893423353e-10
7.1021223621365741e-07
-3.4022877800525334e-03
-7.7386444145611044e-03
-8.9347251033720654e-03
-3.9680134718654021e-03
-1.7625619876944216e-03
-7.8252135411397436e-04
-3.4624705623050439e-08
-4.8438915855830980e-03
-1.3089452382239932e-02
2.8671026336013943e-09
9.6831590319748188e-03
1.1845432661464768e-09
1.1146774126148906e-09
-3.4029984441680027e-03
8.2593329656084345e-10
6.0947740412715930e-10
6.1467159760348675e-10
-3.4029984346127169e-03
1.1994055969869276e-09
-7.0701461312330029e-07
-3.4044144214428022e-03
-1.0210412164793155e-02
-1.1750406369119889e-03
-1.2634769176174086e-02
-5.6214202288426699e-03
-2.4994011973357619e-03
-1.6915628268884868e-02
-3.6341419466711551e-03
-1.6197013605124622e-03
-7.1973482603854765e-04
-3.1991694568115421e-04
-1.4219520279134648e-04
-6.3200619361548612e-05
-2.8089860560861518e-05
-1.2484260135252668e-05
-5.5481177791051461e-06
-2.4656788690837663e-06
-1.0954756824491829e-06
-4.8655608912307504e-07
-2.1593551993788307e-07
-1.8447697326583051e-02
-4.5853831458130357e-07
-1.6290183857836735e-03
-6.9465160868684627e-03
-1.2941938842403493e-02
-1.9062026014129568e-02
1.7766734128789454e-02
-7.0994847899064827e-08
-9.7937601777143626e-03
-1.3225542013318889e-02
-1.5488362020637469e-02
-1.7536400798553321e-02
-1.9544984991610562e-02
-2.1546329724126796e-02
-2.3546355166626388e-02
-6.2823948751540085e-08
2.3546209863214405e-02
-5.2796293131190881e-08
-2.0649238633229670e-02
-6.5205356409250773e-08
2.0649093284827877e-02
-4.0475811781705280e-08
-2.0116846196586977e-02
-6.5185372848535594e-08
2.0116701629833662e-02
-3.7936360567214738e-08
-2.0018960539355483e-02
-6.5255225485759373e-08
2.0018816039380622e-02
-3.7775239727420565e-08
-2.0000913622188386e-02
-6.5107055474156606e-08
2.0000769363128005e-02
-3.7670690746259843e-08
-1.9997536667367210e-02
-6.5280091832824670e-08
1.9997391937228572e-02
-3.7813852124013839e-08
-1.9996854755205219e-02
-6.5222297733623486e-08
1.9996710691251810e-02
-3.7295638093379039e-08
-1.9996668024301646e-02
-6.5152655696042912e-08
1.9996523895684404e-02
-3.7642481780907148e-08
-1.9996572721171380e-02
-6.5392511614685929e-08
1.9996428169487296e-02
-3.7514970740952274e-08
-1.9996493539515599e-02
-6.4940329323780197e-08
1.9996349660083436e-02
-3.7545558004920384e-08
-1.9996418406107084e-02
-6.5161822636811891e-08
1.9996274208033127e-02
-3.7448322290784282e-08
-1.9996343123860064e-02
-6.5354112891060132e-08
1.9996198586486290e-02
-3.7359361778866684e-08
-1.9996267770489504e-02
-6.5181266015508636e-08
1.9996123712819641e-02
-3.7813359603615929e-08
-1.9996193256446915e-02
-6.5348443401231887e-08
1.9996048882914515e-02
-3.7788538363776166e-08
-1.9996118610410805e-02
-6.4977347796654182e-08
1.9995974546964435e-02
-3.7364248542750406e-08
-1.9996043376308455e-02
-6.4669217288719863e-08
1.9995899345248185e-02
-3.7246974109832890e-08
-1.9995968246943243e-02
-6.5349005308014588e-08
1.9995824057471061e-02
-3.7639178057403933e-08
-1.9995893463938784e-02
-6.5598454468557909e-08
1.9995748791565036e-02
-3.7643741689094790e-08
-1.9995818395864264e-02
-6.5207687640837467e-08
1.9995673896751415e-02
-3.7617848060323375e-08
-1.9995743295402640e-02
-6.4977056530456783e-08
1.9995598858850210e-02
-3.7487780723392468e-08
-1.9995668162373297e-02
-6.4954879582412217e-08
1.9995524653018210e-02
-3.7306408180626389e-08
-1.9995593804505690e-02
-6.5026857132094141e-08
1.9995449898375216e-02
-3.7523033783285809e-08
-1.9995518959275153e-02
-6.4851811286148277e-08
1.9995375008875660e-02
-3.7561809976752408e-08
-1.9995444469443267e-02
-6.5037743601426252e-08
1.9995300131124660e-02
-3.7454261181677357e-08
-1.9995369399534446e-02
-6.4793485013068582e-08
1.9995225389326847e-02
-3.7080780796211251e-08
-1.9995294007014230e-02
-6.4387499172855049e-08
1.9995150899142666e-02
-3.6722699812349453e-08
-1.9995219015341945e-02
-6.4275203400014241e-08
1.9995076539652649e-02
-3.6647780601441714e-08
-1.9995143386113835e-02
-6.4051012947037375e-08
1.9995001505618254e-02
-3.6242005065088427e-08
-1.9995067869039346e-02
-6.3928913774478307e-08
1.9994926368143900e-02
-3.6203495350903554e-08
-1.9994993045192484e-02
-6.4035118810731797e-08
1.9994851413672268e-02
-3.6006805387685399e-08
-1.9994917881051417e-02
-6.3718731230510666e-08
