0.0000000000000000e+00
1.4878048780448896e-04
2.9753884326827609e-04
4.4634146341180269e-04
5.9512194462968382e-04
7.4388029350841650e-04
8.9261651663135938e-04
1.1914398543915045e-03
1.7790375201627746e-03
2.5593198389113497e-03
3.4679966251500091e-03
3.4869355832685758e-03
3.3380955243229593e-03
3.1893746085459190e-03
3.0406315715679920e-03
2.8918664068077601e-03
2.7430791076802196e-03
2.5942696675978088e-03
2.4454721695380570e-03
2.2966916817310314e-03
2.1479111939278882e-03
1.9991307061232905e-03
1.8503280793900935e-03
1.7015697305104735e-03
1.5527892492917959e-03
1.4039866291473814e-03
1.2551618634878707e-03
1.1064477792801476e-03
9.5771157590324001e-04
6.9706635048477703e-04
1.3477261247049540e-04
2.8359395420330074e-04
4.3239315144025855e-04
5.8117021077025129e-04
7.2992513877927288e-04
8.7865794205129594e-04
1.0275008886312142e-03
1.1762813764551949e-03
1.3250397319387688e-03
1.4738423520632622e-03
1.6226228398711997e-03
1.7714033276761997e-03
1.9201616831400728e-03
2.0689643032823597e-03
2.2177447844994921e-03
2.3665031333779383e-03
2.5152393565015499e-03
2.6640862544933166e-03
2.8129110003830143e-03
2.9617136007633552e-03
3.3859488153358732e-03
3.5696368015216869e-03
3.6921878036382250e-03
3.7738674248714047e-03
3.8283207906453145e-03
3.8646231537354308e-03
3.8888247828217900e-03
3.9049592260862421e-03
3.9157155322099291e-03
3.9228864076772943e-03
3.9276669934190066e-03
3.9308540515129824e-03
3.9340410994497324e-03
3.9349082525743295e-03
3.9357754049479162e-03
3.9366425565691117e-03
3.9375097074384529e-03
3.9383768575549233e-03
3.9377922073767727e-03
3.9380742285251942e-03
3.9383562495943717e-03
3.9386382705839783e-03
3.9389202914934147e-03
3.9392023123240557e-03
3.9394843330748490e-03
3.9391740836573538e-03
3.9388638341439101e-03
3.9391740836985890e-03
3.9394843331575675e-03
3.9392200452489307e-03
3.9389557572701078e-03
3.9392200454357873e-03
3.9394843335301705e-03
3.9392284906631650e-03
3.9389726477311298e-03
3.9392284908744456e-03
3.9394843339520093e-03
3.9392300426706259e-03
3.9389757513232510e-03
3.9392300428859623e-03
3.9394843343832911e-03
3.9392303280471209e-03
3.9389763216456557e-03
3.9392303282626655e-03
3.9394843348159849e-03
3.9392303806869682e-03
3.9389764264935153e-03
3.9392303809036057e-03
3.9394843352482034e-03
3.9392303905626492e-03
3.9389764458133084e-03
3.9392303907793162e-03
3.9394843356811982e-03
3.9392303925810173e-03
3.9389764494164800e-03
3.9392303927968334e-03
3.9394843361130203e-03
3.9392303931552733e-03
3.9389764501329824e-03
3.9392303933714597e-03
3.9394843365445614e-03
3.9392303934634252e-03
3.9389764503177643e-03
3.9392303936792500e-03
3.9394843369760521e-03
3.9392303937231619e-03
3.9389764504059559e-03
3.9392303939389068e-03
3.9394843374079844e-03
3.9392303939740749e-03
3.9389764504765227e-03
3.9392303941906334e-03
3.9394843378398117e-03
3.9392303942240286e-03
3.9389764505444874e-03
3.9392303944403633e-03
3.9394843382717318e-03
3.9392303944730403e-03
3.9389764506099229e-03
3.9392303946891322e-03
3.9394843387046399e-03
3.9392303947222698e-03
3.9389764506759864e-03
3.9392303949392377e-03
3.9394843391377336e-03
3.9392303949725826e-03
3.9389764507424992e-03
3.9392303951890015e-03
3.9394843395706121e-03
3.9392303952227072e-03
3.9389764508105411e-03
3.9392303954394244e-03
3.9394843400028280e-03
3.9392303954721691e-03
3.9389764508763704e-03
3.9392303956874925e-03
3.9394843404345703e-03
3.9392303957208391e-03
3.9389764509430332e-03
3.9392303959370966e-03
3.9394843408665373e-03
3.9392303959700616e-03
3.9389764510084869e-03
3.9392303961863868e-03
3.9394843412986916e-03
3.9392303962187628e-03
3.9389764510749320e-03
3.9392303964356466e-03
3.9394843417319856e-03
3.9392303964692734e-03
3.9389764511421265e-03
3.9392303966853861e-03
3.9394843421647193e-03
3.9392303967190970e-03
3.9389764512091485e-03
3.9392303969348732e-03
3.9394843425971738e-03
3.9392303969685398e-03
3.9389764512752267e-03
3.9392303971848060e-03
3.9394843430296030e-03
3.9392303972173928e-03
3.9389764513415720e-03
3.9392303974334544e-03
3.9394843434608388e-03
3.9392303974661530e-03
3.9389764514066146e-03
3.9392303976817835e-03
3.9394843438923547e-03
3.9392303977145672e-03
3.9389764514720926e-03
3.9392303979303850e-03
3.9394843443239565e-03
3.9392303979639389e-03
3.9389764515386141e-03
3.9392303981806553e-03
3.9394843447571005e-03
3.9392303982141424e-03
3.9389764516061260e-03
3.9392303984290668e-03
3.9394843451878263e-03
3.9392303984626641e-03
3.9389764516723560e-03
3.9392303986785487e-03
3.9394843456194368e-03
3.9392303987113514e-03
3.9389764517393181e-03
3.9392303989276185e-03
3.9394843460518287e-03
3.9392303989613051e-03
3.9389764518057511e-03
