0.0000000000000000e+00
-4.4634146341165341e-05
-8.9270284978294954e-05
-1.3390243902195625e-04
-1.7853658518397268e-04
-2.2317272364193356e-04
-2.6781085457386203e-04
-3.8743712165393950e-04
-6.5150658023364373e-04
-1.0118713521848708e-03
-1.4364446043215943e-03
-1.4756629138444400e-03
-1.4310302437374324e-03
-1.3863946213444021e-03
-1.3417609912017979e-03
-1.2971293531313579e-03
-1.2524997069552248e-03
-1.2078720524955852e-03
-1.1632238896446549e-03
-1.1185897433044069e-03
-1.0739555969629694e-03
-1.0293214506214847e-03
-9.8468929639795844e-04
-9.4005315793626709e-04
-8.9541901177086938e-04
-8.5078685772314877e-04
-8.0615669561595518e-04
-7.6151657256410426e-04
-7.1687844216287956e-04
-6.1634354093326963e-04
-3.6498717708454743e-04
-4.0960422670659587e-04
-4.5422326709928813e-04
-4.9884429843902059e-04
-5.4346732090393142e-04
-5.8809233467217552e-04
-6.3277483456660453e-04
-6.7740898090950076e-04
-7.2204511954818032e-04
-7.6667727358975025e-04
-8.1131141993292600e-04
-8.5594556627462267e-04
-9.0058170491176884e-04
-9.4521385895543638e-04
-9.8984800511765824e-04
-1.0344841435747489e-03
-1.0791222745062693e-03
-1.1237504443144524e-03
-1.1683806058856911e-03
-1.2130127593975501e-03
-1.3954467255976437e-03
-1.4872779089268070e-03
-1.5485345648726585e-03
-1.5893734687925643e-03
-1.6165997447437179e-03
-1.6347507457299742e-03
-1.6468514800143858e-03
-1.6549186659731581e-03
-1.6602968031785939e-03
-1.6638822338644707e-03
-1.6662725236039099e-03
-1.6678660512583631e-03
-1.6694595814525908e-03
-1.6698931530359489e-03
-1.6703267248069447e-03
-1.6707602967661423e-03
-1.6711938689126125e-03
-1.6716274412483740e-03
-1.6713351289999777e-03
-1.6714761391052387e-03
-1.6716171492299025e-03
-1.6717581593745038e-03
-1.6718991695393866e-03
-1.6720401797240929e-03
-1.6721811899285466e-03
-1.6720260664712259e-03
-1.6718709430375953e-03
-1.6720260664697512e-03
-1.6721811899260979e-03
-1.6720490472786433e-03
-1.6719169046487642e-03
-1.6720490472733171e-03
-1.6721811899159020e-03
-1.6720532699877290e-03
-1.6719253500747052e-03
-1.6720532699818717e-03
-1.6721811899052669e-03
-1.6720540459902436e-03
-1.6719269020919877e-03
-1.6720540459857346e-03
-1.6721811898962437e-03
-1.6720541886815633e-03
-1.6719271874830739e-03
-1.6720541886769138e-03
-1.6721811898869744e-03
-1.6720542150032872e-03
-1.6719272401357795e-03
-1.6720542149979525e-03
-1.6721811898767240e-03
-1.6720542199413571e-03
-1.6719272500225299e-03
-1.6720542199362158e-03
-1.6721811898660953e-03
-1.6720542209508963e-03
-1.6719272520523683e-03
-1.6720542209455200e-03
-1.6721811898551741e-03
-1.6720542212379369e-03
-1.6719272526362851e-03
-1.6720542212323186e-03
-1.6721811898440535e-03
-1.6720542213917626e-03
-1.6719272529554484e-03
-1.6720542213864221e-03
-1.6721811898335309e-03
-1.6720542215226874e-03
-1.6719272532277865e-03
-1.6720542215172647e-03
-1.6721811898229618e-03
-1.6720542216489339e-03
-1.6719272534907411e-03
-1.6720542216432282e-03
-1.6721811898121775e-03
-1.6720542217744418e-03
-1.6719272537522418e-03
-1.6720542217690732e-03
-1.6721811898016132e-03
-1.6720542218993633e-03
-1.6719272540128879e-03
-1.6720542218934596e-03
-1.6721811897895942e-03
-1.6720542220230220e-03
-1.6719272542729507e-03
-1.6720542220182281e-03
-1.6721811897792878e-03
-1.6720542221484256e-03
-1.6719272545331293e-03
-1.6720542221428545e-03
-1.6721811897688343e-03
-1.6720542222734428e-03
-1.6719272547942993e-03
-1.6720542222687376e-03
-1.6721811897588423e-03
-1.6720542223990131e-03
-1.6719272550543278e-03
-1.6720542223937142e-03
-1.6721811897480469e-03
-1.6720542225226889e-03
-1.6719272553136434e-03
-1.6720542225175498e-03
-1.6721811897370863e-03
-1.6720542226479399e-03
-1.6719272555747700e-03
-1.6720542226423194e-03
-1.6721811897263128e-03
-1.6720542227726448e-03
-1.6719272558348235e-03
-1.6720542227674790e-03
-1.6721811897161642e-03
-1.6720542228979729e-03
-1.6719272560956186e-03
-1.6720542228924103e-03
-1.6721811897056676e-03
-1.6720542230223108e-03
-1.6719272563556090e-03
-1.6720542230184386e-03
-1.6721811896964344e-03
-1.6720542231486032e-03
-1.6719272566166643e-03
-1.6720542231429265e-03
-1.6721811896858708e-03
-1.6720542232740655e-03
-1.6719272568774652e-03
-1.6720542232680729e-03
-1.6721811896749565e-03
-1.6720542233980026e-03
-1.6719272571376351e-03
-1.6720542233933759e-03
-1.6721811896647770e-03
-1.6720542235232961e-03
-1.6719272573984154e-03
-1.6720542235183068e-03
-1.6721811896551592e-03
-1.6720542236486062e-03
-1.6719272576584212e-03
-1.6720542236430939e-03
-1.6721811896444464e-03
-1.6720542237732134e-03
-1.6719272579179011e-03
-1.6720542237675219e-03
-1.6721811896335407e-03
-1.6720542238969419e-03
-1.6719272581775517e-03
-1.6720542238922349e-03
-1.6721811896232416e-03
-1.6720542240228451e-03
-1.6719272584389091e-03
-1.6720542240176175e-03
-1.6721811896126479e-03
-1.6720542241479069e-03
-1.6719272586992891e-03
