0.0000000000000000e+00
-4.4634146341165341e-05
-8.9270284978294954e-05
-1.3390243902195627e-04
-1.7853658518421041e-04
-2.2317272364213588e-04
-2.6781085457417634e-04
-3.8743712165389233e-04
-6.5150658023293900e-04
-1.0118713521837790e-03
-1.4364446043208688e-03
-1.4756629138434167e-03
-1.4310302437367613e-03
-1.3863946213438204e-03
-1.3417609912008887e-03
-1.2971293531298961e-03
-1.2524997069531816e-03
-1.2078720524931693e-03
-1.1632238896441939e-03
-1.1185897433036672e-03
-1.0739555969616723e-03
-1.0293214506203003e-03
-9.8468929639729686e-04
-9.4005315793534877e-04
-8.9541901176979689e-04
-8.5078685772222926e-04
-8.0615669561513530e-04
-7.6151657256357300e-04
-7.1687844216425562e-04
-6.1634354093389836e-04
-3.6498717708426830e-04
-4.0960422670662682e-04
-4.5422326709935638e-04
-4.9884429843936157e-04
-5.4346732090408971e-04
-5.8809233467254144e-04
-6.3277483456716560e-04
-6.7740898090973647e-04
-7.2204511954819745e-04
-7.6667727358975622e-04
-8.1131141993333669e-04
-8.5594556627483778e-04
-9.0058170491182240e-04
-9.4521385895562351e-04
-9.8984800511707017e-04
-1.0344841435739180e-03
-1.0791222745055479e-03
-1.1237504443141104e-03
-1.1683806058850506e-03
-1.2130127593964033e-03
-1.3954467255967986e-03
-1.4872779089257491e-03
-1.5485345648721274e-03
-1.5893734687917279e-03
-1.6165997447433837e-03
-1.6347507457303539e-03
-1.6468514800139203e-03
-1.6549186659727089e-03
-1.6602968031779652e-03
-1.6638822338645920e-03
-1.6662725236032527e-03
-1.6678660512576460e-03
-1.6694595814509276e-03
-1.6698931530348322e-03
-1.6703267248066127e-03
-1.6707602967661714e-03
-1.6711938689145437e-03
-1.6716274412498333e-03
-1.6713351290002182e-03
-1.6714761391053410e-03
-1.6716171492299437e-03
-1.6717581593748763e-03
-1.6718991695403402e-03
-1.6720401797244086e-03
-1.6721811899295671e-03
-1.6720260664705121e-03
-1.6718709430359642e-03
-1.6720260664689962e-03
-1.6721811899266239e-03
-1.6720490472778545e-03
-1.6719169046465090e-03
-1.6720490472728799e-03
-1.6721811899167638e-03
-1.6720532699867540e-03
-1.6719253500734050e-03
-1.6720532699812578e-03
-1.6721811899063884e-03
-1.6720540459900881e-03
-1.6719269020905876e-03
-1.6720540459849117e-03
-1.6721811898960637e-03
-1.6720541886794556e-03
-1.6719271874795572e-03
-1.6720541886747844e-03
-1.6721811898851233e-03
-1.6720542150006434e-03
-1.6719272401319978e-03
-1.6720542149955414e-03
-1.6721811898758169e-03
-1.6720542199386698e-03
-1.6719272500180528e-03
-1.6720542199329272e-03
-1.6721811898642509e-03
-1.6720542209478001e-03
-1.6719272520469243e-03
-1.6720542209426618e-03
-1.6721811898549519e-03
-1.6720542212355592e-03
-1.6719272526323930e-03
-1.6720542212300858e-03
-1.6721811898437234e-03
-1.6720542213896057e-03
-1.6719272529526008e-03
-1.6720542213848923e-03
-1.6721811898337616e-03
-1.6720542215208733e-03
-1.6719272532230713e-03
-1.6720542215150284e-03
-1.6721811898231368e-03
-1.6720542216466115e-03
-1.6719272534858568e-03
-1.6720542216413703e-03
-1.6721811898132686e-03
-1.6720542217725811e-03
-1.6719272537481181e-03
-1.6720542217677375e-03
-1.6721811898039692e-03
-1.6720542218978290e-03
-1.6719272540077475e-03
-1.6720542218927336e-03
-1.6721811897930830e-03
-1.6720542220226727e-03
-1.6719272542676843e-03
-1.6720542220167061e-03
-1.6721811897821039e-03
-1.6720542221465562e-03
-1.6719272545266924e-03
-1.6720542221413640e-03
-1.6721811897723315e-03
-1.6720542222726832e-03
-1.6719272547884097e-03
-1.6720542222676878e-03
-1.6721811897629441e-03
-1.6720542223971630e-03
-1.6719272550482318e-03
-1.6720542223923752e-03
-1.6721811897523042e-03
-1.6720542225224491e-03
-1.6719272553089694e-03
-1.6720542225170793e-03
-1.6721811897420240e-03
-1.6720542226475175e-03
-1.6719272555693566e-03
-1.6720542226416443e-03
-1.6721811897305794e-03
-1.6720542227713553e-03
-1.6719272558280997e-03
-1.6720542227658204e-03
-1.6721811897196675e-03
-1.6720542228960173e-03
-1.6719272560883367e-03
-1.6720542228904102e-03
-1.6721811897086676e-03
-1.6720542230202673e-03
-1.6719272563477212e-03
-1.6720542230155672e-03
-1.6721811896992064e-03
-1.6720542231454356e-03
-1.6719272566081177e-03
-1.6720542231395165e-03
-1.6721811896873307e-03
-1.6720542232694126e-03
-1.6719272568672826e-03
-1.6720542232639148e-03
-1.6721811896769944e-03
-1.6720542233934676e-03
-1.6719272571262573e-03
-1.6720542233880601e-03
-1.6721811896663033e-03
-1.6720542235184267e-03
-1.6719272573869981e-03
-1.6720542235128179e-03
-1.6721811896554498e-03
-1.6720542236430503e-03
-1.6719272576465080e-03
-1.6720542236374760e-03
-1.6721811896445659e-03
-1.6720542237680474e-03
-1.6719272579072044e-03
-1.6720542237623386e-03
-1.6721811896341231e-03
-1.6720542238922254e-03
-1.6719272581668400e-03
-1.6720542238866827e-03
-1.6721811896234689e-03
-1.6720542240165224e-03
-1.6719272584261673e-03
-1.6720542240114323e-03
-1.6721811896126526e-03
-1.6720542241404582e-03
-1.6719272586851500e-03
