0.0000000000000000e+00
0.0000000000000000e+00
0.0000000000000000e+00
0.0000000000000000e+00
0.0000000000000000e+00
0.0000000000000000e+00
0.0000000000000000e+00
1.4998770339052286e-04
5.8883529198035169e-04
1.2203141270885167e-03
1.9802001271012745e-03
2.1479111939268296e-03
2.1479111939268296e-03
2.1479111939268296e-03
2.1479111939268296e-03
2.1479111939268296e-03
2.1479111939268296e-03
2.1479111939268296e-03
2.1479111939268296e-03
2.1479111939268296e-03
2.1479111939268296e-03
2.1479111939268296e-03
2.1479111939268296e-03
2.1479111939268296e-03
2.1479111939268296e-03
2.1479111939268296e-03
2.1479111939268296e-03
2.1479111939268296e-03
2.1479111939268296e-03
2.2597253937585719e-03
2.6731995479845365e-03
2.6731995479845365e-03
2.6731995479845365e-03
2.6731995479845365e-03
2.6731995479845365e-03
2.6731995479845365e-03
2.6731995479845365e-03
2.6731995479845365e-03
2.6731995479845365e-03
2.6731995479845365e-03
2.6731995479845365e-03
2.6731995479845365e-03
2.6731995479845365e-03
2.6731995479845365e-03
2.6731995479845365e-03
2.6731995479845365e-03
2.6731995479845365e-03
2.6731995479845365e-03
2.6731995479845365e-03
2.6731995479845365e-03
2.9487585120834560e-03
3.1324452705057365e-03
3.2549614944392090e-03
3.3366400883689754e-03
3.3910929903247238e-03
3.4273951481298736e-03
3.4515966859384063e-03
3.4677310886234605e-03
3.4784873767080607e-03
3.4856582441569282e-03
3.4904388263350184e-03
3.4936258828445650e-03
3.4965201323723001e-03
3.4976800853248322e-03
3.4985213686700278e-03
3.4993040976097961e-03
3.5000760671639610e-03
3.5008460594557625e-03
3.5008460594557625e-03
3.5008460594557625e-03
3.5009726198865325e-03
3.5012001654603866e-03
3.5014462665795849e-03
3.5016957771694173e-03
3.5019459142055934e-03
3.5019459142055934e-03
3.5019459142055934e-03
3.5019459142055934e-03
3.5019918758197985e-03
3.5019918758197985e-03
3.5019918758197985e-03
3.5019918758197985e-03
3.5020003212383700e-03
3.5020003212383700e-03
3.5020003212383700e-03
3.5020003212383700e-03
3.5020018732452684e-03
3.5020018732452684e-03
3.5020018732452684e-03
3.5020018732452684e-03
3.5020021586232245e-03
3.5020021586232245e-03
3.5020021586232245e-03
3.5020021586232245e-03
3.5020022112642506e-03
3.5020022112642506e-03
3.5020022112642506e-03
3.5020022112642506e-03
3.5020022211405444e-03
3.5020022211405444e-03
3.5020022211405444e-03
3.5020022211405444e-03
3.5020022231589199e-03
3.5020022231589199e-03
3.5020022231589199e-03
3.5020022231589199e-03
3.5020022237335141e-03
3.5020022237335141e-03
3.5020022237335141e-03
3.5020022237335141e-03
3.5020022240421886e-03
3.5020022240421886e-03
3.5020022240421886e-03
3.5020022240421886e-03
3.5020022243022766e-03
3.5020022243022766e-03
3.5020022243022766e-03
3.5020022243022766e-03
3.5020022245534558e-03
3.5020022245534558e-03
3.5020022245534558e-03
3.5020022245534558e-03
3.5020022248030526e-03
3.5020022248030526e-03
3.5020022248030526e-03
3.5020022248030526e-03
3.5020022250525969e-03
3.5020022250525969e-03
3.5020022250525969e-03
3.5020022250525969e-03
3.5020022253020476e-03
3.5020022253020476e-03
3.5020022253020476e-03
3.5020022253020476e-03
3.5020022255519549e-03
3.5020022255519549e-03
3.5020022255519549e-03
3.5020022255519549e-03
3.5020022258018865e-03
3.5020022258018865e-03
3.5020022258018865e-03
3.5020022258018865e-03
3.5020022260516858e-03
3.5020022260516858e-03
3.5020022260516858e-03
3.5020022260516858e-03
3.5020022263008675e-03
3.5020022263008675e-03
3.5020022263008675e-03
3.5020022263008675e-03
3.5020022265499526e-03
3.5020022265499526e-03
3.5020022265499526e-03
3.5020022265499526e-03
3.5020022267989908e-03
3.5020022267989908e-03
3.5020022267989908e-03
3.5020022267989908e-03
3.5020022270487875e-03
3.5020022270487875e-03
3.5020022270487875e-03
3.5020022270487875e-03
3.5020022272985122e-03
3.5020022272985122e-03
3.5020022272985122e-03
3.5020022272985122e-03
3.5020022275487083e-03
3.5020022275487083e-03
3.5020022275487083e-03
3.5020022275487083e-03
3.5020022277980180e-03
3.5020022277980180e-03
3.5020022277980180e-03
3.5020022277980180e-03
3.5020022280469725e-03
3.5020022280469725e-03
3.5020022280469725e-03
3.5020022280469725e-03
3.5020022282960511e-03
3.5020022282960511e-03
3.5020022282960511e-03
3.5020022282960511e-03
3.5020022285454319e-03
3.5020022285454319e-03
3.5020022285454319e-03
3.5020022285454319e-03
3.5020022287952412e-03
3.5020022287952412e-03
3.5020022287952412e-03
3.5020022287952412e-03
3.5020022290438687e-03
3.5020022290438687e-03
3.5020022290438687e-03
3.5020022290438687e-03
3.5020022292929862e-03
3.5020022292929862e-03
3.5020022292929862e-03
3.5020022292929862e-03
3.5020022295424195e-03
3.5020022295424195e-03
3.5020022295424195e-03
