0.0000000000000000e+00
3.0499999999891628e+01
6.0996824069649470e+01
9.1499999999158078e+01
1.2199999893216879e+02
1.5249682193526209e+02
1.8299047007469659e+02
2.1349889330514713e+02
2.4399591407480031e+02
2.7449815391914569e+02
3.0499916381380393e+02
2.7449999982733829e+02
2.4399083870751647e+02
2.1349999999609250e+02
1.8300598710394735e+02
1.5250879896519407e+02
1.2200843451338926e+02
9.1504892681760495e+01
6.0999999999807372e+01
3.0499999999677073e+01
1.5726053056540759e-10
3.0500000000061220e+01
6.1003176997011998e+01
9.1500000000841979e+01
1.2199999893447338e+02
1.5250317486474796e+02
1.8300952885870606e+02
2.1350000000344264e+02
2.4399364494520276e+02
2.7450061380266169e+02
3.0500443569309448e+02
2.7450068936403267e+02
2.4400012112243726e+02
2.1350272990142855e+02
1.8300851463440634e+02
1.5251747425496126e+02
1.2200000000322389e+02
9.1500000000031662e+01
6.1003175926925877e+01
3.0500000000750472e+01
3.7171042413226379e-12
3.0500000000027498e+01
6.0996824069787678e+01
9.1499999999138822e+01
1.2199999893197679e+02
1.5249682193484776e+02
1.8299047007432651e+02
2.1349999999667534e+02
2.4400635078855024e+02
2.7450952351768024e+02
3.0499629320843832e+02
3.0499456362050876e+02
3.0499981826918474e+02
3.0499991828685563e+02
3.0499996382708679e+02
3.0499998391220561e+02
3.0499999284666399e+02
3.0499999681980739e+02
3.0499999858631793e+02
3.0499999937163994e+02
3.0499999972073630e+02
3.0499999987591002e+02
3.0506925894283341e+02
3.0499999973689694e+02
3.0500611806081264e+02
3.0502608666468007e+02
3.0504860018816890e+02
3.0507158132118093e+02
3.0493329109227506e+02
3.0499999986685890e+02
3.0503677222244210e+02
3.0504965769824310e+02
3.0505815406453956e+02
3.0506584395047270e+02
3.0507338564833856e+02
3.0499999992566654e+02
3.0492661419160652e+02
3.0499999993190602e+02
3.0506251397144638e+02
3.0499999992206716e+02
3.0493748586442001e+02
3.0499999995071460e+02
3.0506051636226539e+02
3.0499999992131751e+02
3.0493948347263250e+02
3.0499999995371968e+02
3.0506014931777219e+02
3.0499999992133883e+02
3.0493985051711127e+02
3.0499999995449025e+02
3.0506008188137434e+02
3.0499999992125777e+02
3.0493991795345801e+02
3.0499999995452640e+02
3.0506006949638925e+02
3.0499999992123105e+02
3.0493993033842361e+02
3.0499999995451304e+02
3.0506006722679422e+02
3.0499999992105523e+02
3.0493993260783242e+02
3.0499999995431966e+02
3.0506006681587024e+02
3.0499999992106700e+02
3.0493993301863998e+02
3.0499999995425702e+02
3.0506006674648137e+02
3.0499999992101851e+02
3.0493993308789811e+02
3.0499999995423076e+02
3.0506006673978658e+02
3.0499999992091136e+02
3.0493993309445744e+02
3.0499999995414777e+02
3.0506006674467369e+02
3.0499999992099532e+02
3.0493993308961012e+02
3.0499999995411468e+02
3.0506006675167464e+02
3.0499999992099629e+02
3.0493993308280676e+02
3.0499999995427902e+02
3.0506006675906787e+02
3.0499999992118546e+02
3.0493993307569838e+02
3.0499999995445523e+02
3.0506006676655056e+02
3.0499999992112674e+02
3.0493993306802940e+02
3.0499999995433114e+02
3.0506006677402871e+02
3.0499999992103034e+02
3.0493993306045661e+02
3.0499999995441357e+02
3.0506006678155313e+02
3.0499999992102522e+02
3.0493993305272670e+02
3.0499999995426714e+02
3.0506006678905266e+02
3.0499999992111174e+02
3.0493993304552299e+02
3.0499999995448263e+02
3.0506006679653865e+02
3.0499999992098657e+02
3.0493993303775233e+02
3.0499999995416380e+02
3.0506006680397707e+02
3.0499999992087913e+02
3.0493993303030300e+02
3.0499999995415709e+02
3.0506006681144379e+02
3.0499999992100214e+02
3.0493993302283297e+02
3.0499999995416977e+02
3.0506006681891222e+02
3.0499999992085475e+02
3.0493993301523159e+02
3.0499999995418500e+02
3.0506006682645153e+02
3.0499999992093421e+02
3.0493993300782984e+02
3.0499999995418722e+02
3.0506006683393923e+02
3.0499999992089602e+02
3.0493993300027614e+02
3.0499999995426361e+02
3.0506006684147292e+02
3.0499999992085378e+02
3.0493993299261626e+02
3.0499999995404795e+02
3.0506006684889945e+02
3.0499999992081939e+02
3.0493993298509116e+02
3.0499999995394080e+02
3.0506006685634645e+02
3.0499999992063891e+02
3.0493993297735852e+02
3.0499999995386622e+02
3.0506006686382631e+02
3.0499999992069968e+02
3.0493993296996325e+02
3.0499999995391715e+02
3.0506006687132589e+02
3.0499999992077369e+02
3.0493993296249948e+02
3.0499999995407649e+02
3.0506006687884587e+02
3.0499999992079995e+02
3.0493993295495477e+02
3.0499999995375384e+02
3.0506006688623387e+02
3.0499999992070775e+02
3.0493993294753926e+02
3.0499999995392028e+02
3.0506006689373680e+02
3.0499999992073481e+02
3.0493993294025307e+02
3.0499999995403709e+02
3.0506006690123877e+02
3.0499999992077397e+02
3.0493993293268477e+02
