0.0000000000000000e+00
3.0499999999963144e+01
6.0993421070501384e+01
9.1499999999749150e+01
1.2199999822444912e+02
1.5249341752012759e+02
1.8298025966149760e+02
2.1349588743018131e+02
2.4398477083124484e+02
2.7449319643042185e+02
3.0499695952917438e+02
2.7449999979652574e+02
2.4398321126658448e+02
2.1349999999800644e+02
1.8301021288494260e+02
1.5251384815334552e+02
1.2201090402810709e+02
9.1501378733412281e+01
6.1000000000605937e+01
3.0499999999790504e+01
2.9244393059443174e-10
-3.0499999999656541e+01
-6.1006580704933668e+01
-9.1499999999978058e+01
-1.2199999822405191e+02
-1.5250657715264393e+02
-1.8301973856218396e+02
-2.1350000000146997e+02
-2.4398683681942737e+02
-2.7450228414647648e+02
-3.0501658800242137e+02
-2.7450126985797078e+02
-2.4399253363643982e+02
-2.1349037756132276e+02
-1.8299479985726106e+02
-1.5250579874950523e+02
-1.2200000000491858e+02
-9.1499999999963165e+01
-6.1006578924249837e+01
-3.0499999999738755e+01
6.6478191348000031e-10
3.0500000000635058e+01
6.0993421071226649e+01
9.1500000000172264e+01
1.2199999822470680e+02
1.5249341752056327e+02
1.8298025966217762e+02
2.1349999999950325e+02
2.4401315608013778e+02
2.7451972968141177e+02
3.0498615351294620e+02
3.0498937712363517e+02
3.0499931896937716e+02
3.0499969543590743e+02
3.0499986483237501e+02
3.0499993991325289e+02
3.0499997329146470e+02
3.0499998812865960e+02
3.0499999472397218e+02
3.0499999765537706e+02
3.0499999895816569e+02
3.0499999953741741e+02
3.0504617012167085e+02
3.0499999901873889e+02
3.0500407940993045e+02
3.0501739312834428e+02
3.0503240326715104e+02
3.0504772495275637e+02
3.0495552707976924e+02
3.0499999975638110e+02
3.0502451480013985e+02
3.0503310523690931e+02
3.0503876958008863e+02
3.0504389624961016e+02
3.0504892410646158e+02
3.0499999986407812e+02
3.0495107558940100e+02
3.0499999987570538e+02
3.0504167633686359e+02
3.0499999985764242e+02
3.0495832335498466e+02
3.0499999991045826e+02
3.0504034466455795e+02
3.0499999985659116e+02
3.0495965502689171e+02
3.0499999991617813e+02
3.0504010004388289e+02
3.0499999985685668e+02
3.0495989964765505e+02
3.0499999991739008e+02
3.0504005516323832e+02
3.0499999985608491e+02
3.0495994452705855e+02
3.0499999991673809e+02
3.0504004698398916e+02
3.0499999985560794e+02
3.0495995270563429e+02
3.0499999991657694e+02
3.0504004554814253e+02
3.0499999985541609e+02
3.0495995414117118e+02
3.0499999991644165e+02
3.0504004535191120e+02
3.0499999985538966e+02
3.0495995433728933e+02
3.0499999991621991e+02
3.0504004538295209e+02
3.0499999985527063e+02
3.0495995430606160e+02
3.0499999991625918e+02
3.0504004545607717e+02
3.0499999985533566e+02
3.0495995423288400e+02
3.0499999991613083e+02
3.0504004553658001e+02
3.0499999985500807e+02
3.0495995415199189e+02
3.0499999991590533e+02
3.0504004561867612e+02
3.0499999985485834e+02
3.0495995406979574e+02
3.0499999991596115e+02
3.0504004570099374e+02
3.0499999985481833e+02
3.0495995398725074e+02
3.0499999991572020e+02
3.0504004578324736e+02
3.0499999985470367e+02
3.0495995390451270e+02
3.0499999991562561e+02
3.0504004586617276e+02
3.0499999985483055e+02
3.0495995382198879e+02
3.0499999991600470e+02
3.0504004594888386e+02
3.0499999985503285e+02
3.0495995373951496e+02
3.0499999991596081e+02
3.0504004603131318e+02
3.0499999985492821e+02
3.0495995365702339e+02
3.0499999991581029e+02
3.0504004611344266e+02
3.0499999985472550e+02
3.0495995357430695e+02
3.0499999991536879e+02
3.0504004619585447e+02
3.0499999985463211e+02
3.0495995349190156e+02
3.0499999991555762e+02
3.0504004627825253e+02
3.0499999985452882e+02
3.0495995340902113e+02
3.0499999991551317e+02
3.0504004636082317e+02
3.0499999985439382e+02
3.0495995332659356e+02
3.0499999991545997e+02
3.0504004644341808e+02
3.0499999985450927e+02
3.0495995324413855e+02
3.0499999991556012e+02
3.0504004652604385e+02
3.0499999985473005e+02
3.0495995316184155e+02
3.0499999991531837e+02
3.0504004660812552e+02
3.0499999985433067e+02
3.0495995307893884e+02
3.0499999991538732e+02
3.0504004669075044e+02
3.0499999985423443e+02
3.0495995299641538e+02
3.0499999991513749e+02
3.0504004677304522e+02
3.0499999985419072e+02
3.0495995291364790e+02
3.0499999991490631e+02
3.0504004685530219e+02
3.0499999985399370e+02
3.0495995283089553e+02
3.0499999991483702e+02
3.0504004693757042e+02
3.0499999985397983e+02
3.0495995274861212e+02
3.0499999991509583e+02
3.0504004702030096e+02
3.0499999985407561e+02
3.0495995266616461e+02
3.0499999991466274e+02
3.0504004710240321e+02
3.0499999985412387e+02
3.0495995258382442e+02
3.0499999991486925e+02
3.0504004718473368e+02
3.0499999985389070e+02
3.0495995250148547e+02
3.0499999991481212e+02
3.0504004726729534e+02
3.0499999985406868e+02
3.0495995241907281e+02
