0.0000000000000000e+00
7.1501613744507173e-11
-3.4029991481006427e-03
5.9108352688000242e-10
-7.0770028319184670e-07
-3.4044151198087185e-03
-1.0210413176463467e-02
-3.0058749683639112e-03
-1.1143243589302717e-02
-4.9574887682695074e-03
-2.2042846440747605e-03
-3.0833896567262130e-08
-7.6274409312014312e-03
1.9211452179466452e-09
4.2257809820197504e-03
5.0491880759745283e-03
2.4695146046295859e-03
-3.5139484903210613e-03
7.9852293758540573e-10
7.1521433208290110e-11
3.2073948913512557e-10
3.3736678873239986e-10
-3.4037079671428638e-03
8.0354645378872542e-10
7.1034902429351127e-07
-3.4022879543414357e-03
-1.0209703531000447e-02
1.9439842758970144e-09
6.8081258772318652e-03
-1.6703437771925483e-03
-1.2152309350315067e-02
-5.8049393281932250e-04
7.5874860015144882e-03
1.2352340142180210e-02
1.3714777166348171e-02
1.1675505491968257e-02
-1.6419029112098329e-09
8.2682920151503375e-11
-3.4029973212706833e-03
1.0134842620848083e-09
6.6630400197824358e-10
6.2089086136680948e-10
-3.4029985491558301e-03
1.0558214450168595e-09
-7.0731330402739280e-07
-3.4044143347046044e-03
-1.0210412193927022e-02
2.8126857438285858e-09
6.8052915444147231e-03
1.0206163659504837e-02
-1.0139695540779432e-02
-5.1864969255441583e-03
-4.9929981455677590e-04
-2.2285098747522154e-04
-9.8994711791292216e-05
-4.3998900164857409e-05
-1.9555212442552734e-05
-8.6911561526011072e-06
-3.8623645707974990e-06
-1.7162191008279519e-06
-7.6258098352738723e-07
-3.3850218800252650e-07
-2.3088821256209573e-02
-7.1821366250744216e-07
-2.0386508713478076e-03
-8.6935363053351720e-03
-1.6196920839553534e-02
-2.3856368282198580e-02
2.2235987530488319e-02
-1.1045230077278251e-07
-1.2257422277596080e-02
-1.6552461298202266e-02
-1.9384484364280145e-02
-2.1947700818742935e-02
-2.4461541796240743e-02
-6.1627274533888931e-08
2.4461397693080190e-02
-5.6232978133512507e-08
-2.0837634504469120e-02
-6.4440587386839628e-08
2.0837490449818519e-02
-4.0243353654838917e-08
-2.0171697603703111e-02
-6.4765420693949397e-08
2.0171554184069469e-02
-3.7573335218247349e-08
-2.0049273788554360e-02
-6.4477647453161786e-08
2.0049130437479475e-02
-3.7168090989825194e-08
-2.0026718131542914e-02
-6.5333379680782408e-08
2.0026573328056265e-02
-3.7948465151991125e-08
-2.0022512544001184e-02
-6.5827918006227194e-08
2.0022366909967251e-02
-3.8139702664291724e-08
-2.0021678736557455e-02
-6.5860638768110143e-08
2.0021532952737731e-02
-3.8168898123914749e-08
-2.0021464132088378e-02
-6.5937259336656517e-08
2.0021318186747624e-02
-3.8289754494935620e-08
-2.0021363584047810e-02
-6.5959508240019999e-08
2.0021217817661151e-02
-3.8186922449133236e-08
-2.0021283788087665e-02
-6.5789838068827293e-08
2.0021138157672213e-02
-3.8182384582267932e-08
-2.0021208119799828e-02
-6.6167224852575591e-08
2.0021062003962926e-02
-3.8402108906428615e-08
-2.0021132995045050e-02
-6.6347081178306664e-08
2.0020986580401915e-02
-3.8462128139448594e-08
-2.0021057981239536e-02
-6.6513134613085072e-08
2.0020911218108711e-02
-3.8855052869763635e-08
-2.0020983130558417e-02
-6.6559637828168056e-08
2.0020836087044955e-02
-3.8762797279748102e-08
-2.0020907573663146e-02
-6.6224136436224828e-08
2.0020761125276742e-02
-3.8534196911928505e-08
-2.0020832455980644e-02
-6.6130959736349122e-08
2.0020686290156881e-02
-3.8398912078558663e-08
-2.0020757445370629e-02
-6.6229976901160785e-08
2.0020611048411845e-02
-3.8746993985483014e-08
-2.0020682762039586e-02
-6.6401351142118076e-08
2.0020536075800253e-02
-3.8882783517923442e-08
-2.0020607767300594e-02
-6.6244564480666027e-08
2.0020461240774549e-02
-3.8638404299139692e-08
-2.0020532804810028e-02
-6.6522165982388714e-08
2.0020385727016053e-02
-3.8757978333634600e-08
-2.0020457811046853e-02
-6.6605855570185573e-08
2.0020310787433829e-02
-3.8905525592117199e-08
-2.0020382811249807e-02
-6.6632741280211627e-08
2.0020235667442852e-02
-3.8856383659760931e-08
-2.0020307722150153e-02
-6.6383106226760415e-08
2.0020160900129966e-02
-3.9200885701756799e-08
-2.0020233172889992e-02
-6.6814452869389618e-08
2.0020085606125320e-02
-3.8982215078907634e-08
-2.0020158078832340e-02
-6.7006462363720189e-08
2.0020010472619337e-02
-3.9185889072195323e-08
-2.0020083200991145e-02
-6.6853761209148307e-08
2.0019935328315367e-02
-3.9433413957788007e-08
-2.0020008461693477e-02
-6.7157376613613760e-08
2.0019859960208611e-02
-3.9570577051426836e-08
-2.0019933790304881e-02
-6.7303163787169740e-08
2.0019785092269062e-02
-3.9511277017670081e-08
-2.0019858620852312e-02
-6.7220477017118191e-08
2.0019710289741213e-02
-3.9583959912592870e-08
-2.0019783856173080e-02
-6.7024197874113046e-08
2.0019635373454327e-02
-3.9539953954863038e-08
-2.0019709038856227e-02
-6.7397128344553712e-08
2.0019560175591394e-02
-3.9787926545818848e-08
-2.0019634018436962e-02
-6.7369732133008321e-08
2.0019485221416083e-02
