2.0000000000000020e+02
2.0000000000000020e+02
2.0000000000000020e+02
2.0000000000000020e+02
2.0000000000000020e+02
2.0000000000000020e+02
2.0000000000000020e+02
2.1349889330514719e+02
2.4399591407480037e+02
2.7449815391914552e+02
3.0499916381380382e+02
2.7449999982733812e+02
2.6443733581780498e+02
2.6443733581780498e+02
2.6443733581780498e+02
2.6443733581780498e+02
2.6443733581780498e+02
2.6443733581780498e+02
2.6443733581780498e+02
2.6443733581780498e+02
2.6443733581780498e+02
2.6443733581780498e+02
2.6443733581780498e+02
2.6443733581780498e+02
2.6443733581780498e+02
2.6443733581780498e+02
2.6443733581780498e+02
2.6443733581780498e+02
2.6443733581780498e+02
2.7450061380266186e+02
3.0500443569309431e+02
2.8019598643953623e+02
2.8019598643953623e+02
2.8019598643953623e+02
2.8019598643953623e+02
2.8019598643953623e+02
2.8019598643953623e+02
2.8019598643953623e+02
2.8019598643953623e+02
2.8019598643953623e+02
2.8019598643953623e+02
2.8019598643953623e+02
2.8019598643953623e+02
2.8019598643953623e+02
2.8019598643953623e+02
2.8019598643953623e+02
2.8019598643953623e+02
2.8019598643953623e+02
2.8019598643953623e+02
2.8019598643953623e+02
3.0499629320843860e+02
3.0499456362050898e+02
3.0499981826918480e+02
3.0499991828685563e+02
3.0499996382708679e+02
3.0499998391220532e+02
3.0499999284666410e+02
3.0499999681980734e+02
3.0499999858631799e+02
3.0499999937164000e+02
3.0499999972073635e+02
3.0499999987591002e+02
3.0506925894283319e+02
3.0499999973689694e+02
3.0500611806081270e+02
3.0502608666468018e+02
3.0504860018816890e+02
3.0507158132118093e+02
3.0502538178367291e+02
3.0502538178367291e+02
3.0503677222244244e+02
3.0504965769824287e+02
3.0505815406453951e+02
3.0506584395047270e+02
3.0507338564833873e+02
3.0505837742616791e+02
3.0505837742616791e+02
3.0505837742616791e+02
3.0506251397144638e+02
3.0505975627459412e+02
3.0505975627459412e+02
3.0505975627459412e+02
3.0506051636226516e+02
3.0506000963715121e+02
3.0506000963715121e+02
3.0506000963715121e+02
3.0506014931777224e+02
3.0506005619735822e+02
3.0506005619735822e+02
3.0506005619735822e+02
3.0506008188137434e+02
3.0506006475869685e+02
3.0506006475869685e+02
3.0506006475869685e+02
3.0506006949638925e+02
3.0506006633792782e+02
3.0506006633792782e+02
3.0506006633792782e+02
3.0506006722679433e+02
3.0506006663421658e+02
3.0506006663421658e+02
3.0506006663421658e+02
3.0506006681587030e+02
3.0506006669476767e+02
3.0506006669476767e+02
3.0506006669476767e+02
3.0506006674648108e+02
3.0506006671200561e+02
3.0506006671200561e+02
3.0506006671200561e+02
3.0506006673978641e+02
3.0506006672126603e+02
3.0506006672126603e+02
3.0506006672126603e+02
3.0506006674467369e+02
3.0506006672906847e+02
3.0506006672906847e+02
3.0506006672906847e+02
3.0506006675167458e+02
3.0506006673660380e+02
3.0506006673660380e+02
3.0506006673660380e+02
3.0506006675906758e+02
3.0506006674409167e+02
3.0506006674409167e+02
3.0506006674409167e+02
3.0506006676655068e+02
3.0506006675157812e+02
3.0506006675157812e+02
3.0506006675157812e+02
3.0506006677402894e+02
3.0506006675906161e+02
3.0506006675906161e+02
3.0506006675906161e+02
3.0506006678155313e+02
3.0506006676655880e+02
3.0506006676655880e+02
3.0506006676655880e+02
3.0506006678905277e+02
3.0506006677405668e+02
3.0506006677405668e+02
3.0506006677405668e+02
3.0506006679653859e+02
3.0506006678155086e+02
3.0506006678155086e+02
3.0506006678155086e+02
3.0506006680397707e+02
3.0506006678902611e+02
3.0506006678902611e+02
3.0506006678902611e+02
3.0506006681144379e+02
3.0506006679649886e+02
3.0506006679649886e+02
3.0506006679649886e+02
3.0506006681891216e+02
3.0506006680397002e+02
3.0506006680397002e+02
3.0506006680397002e+02
3.0506006682645153e+02
3.0506006681146374e+02
3.0506006681146374e+02
3.0506006681146374e+02
3.0506006683393900e+02
3.0506006681895559e+02
3.0506006681895559e+02
3.0506006681895559e+02
3.0506006684147292e+02
3.0506006682646137e+02
3.0506006682646137e+02
3.0506006682646137e+02
3.0506006684889928e+02
3.0506006683394077e+02
3.0506006683394077e+02
3.0506006683394077e+02
3.0506006685634657e+02
3.0506006684140942e+02
3.0506006684140942e+02
3.0506006684140942e+02
3.0506006686382631e+02
3.0506006684888166e+02
3.0506006684888166e+02
3.0506006684888166e+02
3.0506006687132600e+02
3.0506006685636322e+02
3.0506006685636322e+02
3.0506006685636322e+02
3.0506006687884610e+02
3.0506006686385751e+02
3.0506006686385751e+02
3.0506006686385751e+02
3.0506006688623387e+02
3.0506006687131622e+02
3.0506006687131622e+02
3.0506006687131622e+02
3.0506006689373692e+02
3.0506006687878988e+02
3.0506006687878988e+02
3.0506006687878988e+02
3.0506006690123854e+02
3.0506006688627275e+02
3.0506006688627275e+02
