0.0000000000000000e+00
7.1501613744507173e-11
-3.4029991481006427e-03
5.9107494685083752e-10
-7.0773908208671427e-07
-3.4044151490545465e-03
-1.0210413221553260e-02
-3.0058749634432856e-03
-1.1143243522138800e-02
-4.9574886793692322e-03
-2.2042846152664653e-03
-3.0791294660286543e-08
-7.6274409326671658e-03
1.9066242026122164e-09
4.2257810086800364e-03
5.0491882267460625e-03
2.4695148310061011e-03
-3.5139482061494029e-03
7.9857965851625841e-10
1.5534523213930176e-10
4.8101441078103508e-10
4.7201992702007759e-10
-3.4037078761647325e-03
9.2428473407793571e-10
7.1049400222090669e-07
-3.4022878376381727e-03
-1.0209703424736215e-02
2.0013395329950641e-09
6.8081256736406189e-03
-1.6703438522746405e-03
-1.2152309303399110e-02
-5.8049394342306868e-04
7.5874859932795182e-03
1.2352340069149426e-02
1.3714777124111238e-02
1.1675505419889900e-02
-1.7474295853859099e-09
5.4332691905347220e-11
-3.4029973266360069e-03
1.0099249447331302e-09
6.1696626241192464e-10
5.9422843910913331e-10
-3.4029985729342304e-03
1.0109391603422880e-09
-7.0722659603733827e-07
-3.4044142342432573e-03
-1.0210412103965005e-02
2.8429203900474804e-09
6.8052916304867303e-03
1.0206163803628756e-02
-1.0139695443790300e-02
-5.1864968217140081e-03
-4.9929980110726151e-04
-2.2285090866451773e-04
-9.8994711446557301e-05
-4.3999005428787177e-05
-1.9555186248895983e-05
-8.6911393598096778e-06
-3.8623268383992740e-06
-1.7163069081798307e-06
-7.6256024248761876e-07
-3.3848256067439902e-07
-2.3088821068703129e-02
-7.1810255507750712e-07
-2.0386508931986773e-03
-8.6935363663010207e-03
-1.6196921196081727e-02
-2.3856368567320638e-02
2.2235987458189679e-02
-1.1050295982770477e-07
-1.2257422327387453e-02
-1.6552461369083105e-02
-1.9384484537328175e-02
-2.1947700906441749e-02
-2.4461541957523175e-02
-6.1549188867224331e-08
2.4461397895821860e-02
-5.6168427501839781e-08
-2.0837634661038284e-02
-6.4409119289080023e-08
2.0837490679546957e-02
-4.0269512835738576e-08
-2.0171697810835349e-02
-6.4687275955847757e-08
2.0171554334616908e-02
-3.7510048320422795e-08
-2.0049273990044358e-02
-6.4486523010083269e-08
2.0049130650235510e-02
-3.7032222690873994e-08
-2.0026718140400100e-02
-6.5012782844848493e-08
2.0026573873368623e-02
-3.7627892758842269e-08
-2.0022512256674094e-02
-6.5418105091157058e-08
2.0022367511439799e-02
-3.7732529566899527e-08
-2.0021678566884721e-02
-6.5417905104339831e-08
2.0021533725068152e-02
-3.7587567706203367e-08
-2.0021463785995914e-02
-6.5417338279809212e-08
2.0021319112399294e-02
-3.7784199557656797e-08
-2.0021363474328990e-02
-6.5536534129559715e-08
2.0021218509547072e-02
-3.7756169507299403e-08
-2.0021283630740114e-02
-6.5361170338774725e-08
2.0021138695459718e-02
-3.7851798910109455e-08
-2.0021208067608105e-02
-6.5807193611944181e-08
2.0021062759639538e-02
-3.8016709216508959e-08
-2.0021133001892091e-02
-6.5928675238056658e-08
2.0020987397309550e-02
-3.8173862180759733e-08
-2.0021058166730762e-02
-6.6220664919460121e-08
2.0020911886453691e-02
-3.8615080949088735e-08
-2.0020983476041462e-02
-6.6286360634073999e-08
2.0020836879641950e-02
-3.8648527004082185e-08
-2.0020908138128155e-02
-6.6175524403923388e-08
2.0020761938990082e-02
-3.8283263562373451e-08
-2.0020832882917623e-02
-6.5853822815566737e-08
2.0020687286061246e-02
-3.8213733708518991e-08
-2.0020758033952864e-02
-6.6137127923131396e-08
2.0020611952190889e-02
-3.8597980197923614e-08
-2.0020683430046156e-02
-6.6121031985216122e-08
2.0020537033414124e-02
-3.8707058559030498e-08
-2.0020608478078447e-02
-6.6249175303326667e-08
2.0020461956404761e-02
-3.8560580083216258e-08
-2.0020533577615584e-02
-6.6424557827072082e-08
2.0020386649396073e-02
-3.8554988005150661e-08
-2.0020458367079882e-02
-6.6316222348524856e-08
2.0020311936434085e-02
-3.8544468566291773e-08
-2.0020383255923795e-02
-6.6216593853198972e-08
2.0020236950275890e-02
-3.8398110892625865e-08
-2.0020308068676645e-02
-6.5949213145632130e-08
2.0020162230608027e-02
-3.8689714510981035e-08
-2.0020233522251196e-02
-6.6231690479031378e-08
2.0020087038526823e-02
-3.8338929642430594e-08
-2.0020158219652587e-02
-6.6163658481415225e-08
2.0020012175855622e-02
-3.8420961979407066e-08
-2.0020083401758749e-02
-6.6042685217200371e-08
2.0019937250351883e-02
-3.8486828121392511e-08
-2.0020008586369348e-02
-6.6254329688267230e-08
2.0019861904154120e-02
-3.8589327160815932e-08
-2.0019933720572858e-02
-6.6284577192140161e-08
2.0019787133230681e-02
-3.8449581749125539e-08
-2.0019858469326045e-02
-6.6227670025012893e-08
2.0019712129772261e-02
-3.8598679053983482e-08
-2.0019783805424279e-02
-6.6143410034215926e-08
2.0019637197073271e-02
-3.8562287336701572e-08
-2.0019708967626990e-02
-6.6290788667109206e-08
2.0019562289175265e-02
-3.8662018311484301e-08
-2.0019633868754161e-02
-6.6041024013236700e-08
2.0019487554568491e-02
