0.0000000000000000e+00
0.0000000000000000e+00
0.0000000000000000e+00
0.0000000000000000e+00
0.0000000000000000e+00
0.0000000000000000e+00
0.0000000000000000e+00
7.1999999964938857e+00
2.3466666657779406e+01
3.9733333146187178e+01
5.5999999812841693e+01
5.5999999812841693e+01
5.5999999812841700e+01
5.5999999812841700e+01
5.5999999812841700e+01
5.5999999812841715e+01
5.5999999812841715e+01
5.5999999812841715e+01
5.5999999812841715e+01
5.5999999812841715e+01
5.5999999812841715e+01
5.5999999812841715e+01
5.5999999812841715e+01
5.5999999812841715e+01
5.5999999812841715e+01
4.7733333252407959e+01
3.1466666586588257e+01
1.5199999737133702e+01
-1.0666669295495224e+00
-1.7333333596201630e+01
-3.3600000262861514e+01
-3.3600000262861514e+01
-3.3600000262861514e+01
-3.3600000262861514e+01
-3.3600000262861514e+01
-3.3600000262861514e+01
-3.3600000262861514e+01
-3.3600000262861514e+01
-3.3600000262861514e+01
-3.3600000262861514e+01
-3.3600000262861514e+01
-3.3600000262861514e+01
-3.3600000262861514e+01
-3.3600000262861514e+01
-3.3600000262861514e+01
-3.3600000262861514e+01
-3.3600000262861514e+01
-2.8641030062542072e+01
-1.2373333385049165e+01
3.8933331420803983e+00
2.0159999782550852e+01
2.0159999782550852e+01
2.0159999782550848e+01
2.0159999782550848e+01
2.0159999782550848e+01
2.0159999782550848e+01
2.0159999782550848e+01
2.0159999782550848e+01
2.0159999782550848e+01
2.0159999782550848e+01
2.0159999782550848e+01
2.0159999782550848e+01
2.0159999782550848e+01
2.0159999782550848e+01
2.0159999782550855e+01
2.0159999782550852e+01
2.0159999782550852e+01
2.0159999782550837e+01
2.0159999782550837e+01
4.1706665245781744e+00
-1.2095998691649747e+01
-1.2095998691649747e+01
-1.2095998691649747e+01
-1.2095998691649747e+01
-1.2095998691649747e+01
-1.2095998691649747e+01
-1.2095998691649747e+01
-1.2095998691649747e+01
-1.2095998691649747e+01
-1.2095998691649747e+01
-1.2095998691649747e+01
-1.2095998691649747e+01
-1.2095998691649747e+01
-1.2095998691649747e+01
-1.2095998691649747e+01
-1.2095998691649747e+01
-1.2095998691649747e+01
-1.2095998691649747e+01
-1.2095998691649747e+01
-9.0094602572862357e+00
7.2576005406213673e+00
7.2576005406213673e+00
7.2576005406213691e+00
7.2576005406213691e+00
7.2576005406213691e+00
7.2576005406213628e+00
7.2576005406213628e+00
7.2576005406213628e+00
7.2576005406213628e+00
7.2576005406213628e+00
7.2576005406213628e+00
7.2576005406213628e+00
7.2576005406213628e+00
7.2576005406213628e+00
7.2576005406213628e+00
7.2576005406213646e+00
7.2576005406213646e+00
7.2576005406213655e+00
7.2576005406213655e+00
7.2576005406213655e+00
-4.3545603875043213e+00
-4.3545603875043213e+00
-4.3545603875043213e+00
-4.3545603875043213e+00
-4.3545603875043213e+00
-4.3545603875043213e+00
-4.3545603875043213e+00
-4.3545603875043213e+00
-4.3545603875043213e+00
-4.3545603875043213e+00
-4.3545603875043213e+00
-4.3545603875043213e+00
-4.3545603875043213e+00
-4.3545603875043213e+00
-4.3545603875043213e+00
-4.3545603875043213e+00
-4.3545603875043213e+00
-4.3545603875043213e+00
-4.3545603875043213e+00
-4.3545603875043213e+00
2.6107225847582529e+00
2.6107225847582534e+00
2.6107225847582525e+00
2.6107225847582525e+00
2.6107225847582525e+00
2.6107225847582525e+00
2.6107225847582525e+00
2.6107225847582520e+00
2.6107225847582516e+00
2.6107225847582503e+00
2.6107225847582503e+00
2.6107225847582503e+00
2.6107225847582503e+00
2.6107225847582503e+00
2.6107225847582511e+00
2.6107225847582498e+00
2.6107225847582498e+00
2.6107225847582507e+00
2.6107225847582507e+00
2.6107225847582507e+00
-1.5691768347727364e+00
-1.5691768347727364e+00
-1.5691768347727364e+00
-1.5691768347727364e+00
-1.5691768347727364e+00
-1.5691768347727364e+00
-1.5691768347727364e+00
-1.5691768347727364e+00
-1.5691768347727364e+00
-1.5691768347727364e+00
-1.5691768347727364e+00
-1.5691768347727364e+00
-1.5691768347727364e+00
-1.5691768347727364e+00
-1.5691768347727364e+00
-1.5691768347727364e+00
-1.5691768347727364e+00
-1.5691768347727364e+00
-1.5691768347727364e+00
-1.5691768347727364e+00
9.4051616708414643e-01
9.4051616708414632e-01
9.4051616708414698e-01
9.4051616708414620e-01
9.4051616708414620e-01
9.4051616708414620e-01
9.4051616708414620e-01
9.4051616708414620e-01
9.4051616708414620e-01
9.4051616708414620e-01
9.4051616708414620e-01
9.4051616708414620e-01
9.4051616708414620e-01
9.4051616708414620e-01
9.4051616708414598e-01
9.4051616708414554e-01
9.4051616708414554e-01
9.4051616708414498e-01
9.4051616708414498e-01
9.4051616708414498e-01
-5.6466527103166542e-01
-5.6466527103166542e-01
-5.6466527103166542e-01
-5.6466527103166542e-01
-5.6466527103166542e-01
-5.6466527103166542e-01
-5.6466527103166542e-01
-5.6466527103166542e-01
-5.6466527103166542e-01
-5.6466527103166542e-01
-5.6466527103166542e-01
