0.0000000000000000e+00
0.0000000000000000e+00
0.0000000000000000e+00
0.0000000000000000e+00
0.0000000000000000e+00
0.0000000000000000e+00
0.0000000000000000e+00
1.2566196167162900e-12
3.4428506363640088e-12
2.9222221053666287e-12
4.3446236770251811e-12
4.3298125067403365e-12
4.3378903284699572e-12
4.3138399992160599e-12
4.3486290042760343e-12
4.3810412210947474e-12
4.3833880381204033e-12
4.3556518965997576e-12
4.3374813988240479e-12
4.3625035731250951e-12
4.3721367604350055e-12
4.3519571951758903e-12
4.4226922340360015e-12
4.3967291738701831e-12
4.3473919954189640e-12
3.5183929763538778e-12
4.1999687943075826e-12
3.0690491476514715e-12
2.2474901718297938e-12
3.9320226634504596e-13
-2.7175631579612323e-12
-2.7168370129826953e-12
-2.7262777657867007e-12
-2.7077685529349162e-12
-2.7222953509140572e-12
-2.7438866871943827e-12
-2.6911597980074680e-12
-2.7315058999677828e-12
-2.7485916469505460e-12
-2.7245030159099076e-12
-2.7333886260605352e-12
-2.7319741570435145e-12
-2.7687727696443239e-12
-2.7394270469804391e-12
-2.7500139076495540e-12
-2.7348537867210172e-12
-2.7172194351103072e-12
-4.3341085207404693e-12
-9.6923462252229775e-12
-8.9481670860650106e-12
-1.1983414689427757e-11
-1.1980209048665560e-11
-1.1986717542951475e-11
-1.2005301991290077e-11
-1.1995207006267665e-11
-1.1985424023756728e-11
-1.1985380662106125e-11
-1.1988939434719244e-11
-1.1993940313113543e-11
-1.1993066240334330e-11
-1.1974105656666730e-11
-1.1996337341565103e-11
-1.2002682769850438e-11
-1.1999170803255092e-11
-1.1974492626807105e-11
-1.1973258599004476e-11
-1.1957689879969207e-11
-1.1992633237715974e-11
-1.2057804419049141e-11
-6.1033161194174720e-12
-5.0040205606342083e-13
-5.0020580476308989e-13
-4.9620419882947708e-13
-4.9536512345464421e-13
-4.9373594231379994e-13
-5.1158434223363355e-13
-5.1575092611501041e-13
-5.0813039582245357e-13
-5.0396675927143599e-13
-5.0235358807340765e-13
-4.9760296679993616e-13
-5.0738872910052049e-13
-5.1384683420869345e-13
-5.1061457509664139e-13
-5.1212632861750604e-13
-5.2074412651310158e-13
-5.2156030964706722e-13
-4.9641191830327037e-13
-4.8909020695401209e-13
1.3644718335754634e-12
4.5151854646353103e-12
4.5233119580696113e-12
4.5271528965437694e-12
4.5315944077783620e-12
4.5169438748086468e-12
4.5005124014331881e-12
4.5138143755241028e-12
4.5165574759264755e-12
4.5180676005200496e-12
4.5145279691847908e-12
4.5128805690382916e-12
4.5176397715015474e-12
4.5251587202914494e-12
4.5169970345578912e-12
4.5069327123898877e-12
4.4927754008921441e-12
4.4872952363442156e-12
4.5172046615781969e-12
4.5491681687922537e-12
4.5806557840690806e-12
-4.9041140118836786e-13
-4.9015315556717764e-13
-4.9214234733687880e-13
-4.9092918897326052e-13
-4.8900648969500953e-13
-4.8480369382920499e-13
-4.8472117897468428e-13
-4.8675241932252622e-13
-4.8925943091082985e-13
-4.8514145693406092e-13
-4.8631360598908029e-13
-4.8847898877060897e-13
-4.8954646109176585e-13
-4.8865832973056626e-13
-4.8894772266418104e-13
-4.8687370339268092e-13
-4.8638400442048114e-13
-4.8841045906097701e-13
-4.8889639240329766e-13
-4.9089550742754077e-13
-6.2759272201052818e-13
-6.2370822837012987e-13
-6.2242685179447222e-13
-6.2577812531388022e-13
-6.2527359066707128e-13
-6.2355275413311746e-13
-6.2425108955791481e-13
-6.2322210593693804e-13
-6.2458044302387618e-13
-6.2267057678131057e-13
-6.2463159321411686e-13
-6.2256618475366067e-13
-6.2189944982033065e-13
-6.2240193691440112e-13
-6.2371904157817969e-13
-6.2451104428369884e-13
-6.2719678007542247e-13
-6.2253110777307600e-13
-6.1953986387675037e-13
-6.1495894487261499e-13
-1.9019098058842262e-12
-1.9020402141578735e-12
-1.9026444062836066e-12
-1.9034283009925565e-12
-1.9030550450951915e-12
-1.9029275729202495e-12
-1.9009789544485124e-12
-1.9013080084807029e-12
-1.9023858320808506e-12
-1.9027461891752107e-12
-1.9024640337265934e-12
-1.9020527033286817e-12
-1.9018390520636910e-12
-1.9030536406350550e-12
-1.9024565890156029e-12
-1.9026586410698251e-12
-1.9015254628452850e-12
-1.9017450432601207e-12
-1.8979856683217367e-12
-1.8977811749010141e-12
-6.8900741217930215e-13
-6.8811671337366895e-13
-6.8793270671501609e-13
-6.8681326514240933e-13
-6.8658573319450206e-13
-6.8902344307807448e-13
-6.9099787863087433e-13
-6.8851623267830466e-13
-6.8847547821527096e-13
-6.8888725210306181e-13
-6.8889626245065460e-13
-6.8835021236254475e-13
-6.8752965151031689e-13
-6.8801273751914549e-13
-6.8852928157290163e-13
-6.8938975106581860e-13
-6.9001545124402806e-13
-6.8834724119861614e-13
-6.8680627044906134e-13
-6.8523176224176022e-13
-1.3006228024306886e-12
-1.3001269931500809e-12
-1.3003916213139495e-12
-1.3005373397938289e-12
-1.3005749462256876e-12
-1.3009321149478797e-12
-1.3007511626269318e-12
-1.3013457331892192e-12
-1.3015598628720357e-12
-1.3004756047313152e-12
-1.3007547979679218e-12
