0.0000000000000000e+00
0.0000000000000000e+00
0.0000000000000000e+00
0.0000000000000000e+00
0.0000000000000000e+00
0.0000000000000000e+00
0.0000000000000000e+00
2.9149854829621794e-12
4.7893298051856837e-12
3.6618517284347669e-12
4.2928477477949802e-12
4.2533468265891937e-12
4.1944876826591356e-12
4.1696378277668420e-12
4.2508682205133160e-12
4.3419651065277095e-12
4.2730651742405647e-12
4.2520831064929061e-12
4.2147498966431116e-12
4.2909785351139995e-12
4.2889013424788437e-12
4.2740016344556477e-12
4.3126802647168690e-12
4.2922730762662940e-12
4.3130198100551526e-12
5.2634094783259133e-12
5.0329716666193759e-12
8.7891459389646231e-12
6.4961674868565366e-12
8.6714275874466062e-12
5.1449366769533379e-12
5.1622235273977856e-12
5.1663127369429532e-12
5.1500413136991305e-12
5.1587661723168620e-12
5.1801654543500301e-12
5.1903222121492949e-12
5.1481372745744329e-12
5.1489719175254723e-12
5.1567273798190865e-12
5.1369553305451366e-12
5.1512494835962544e-12
5.1696242254300616e-12
5.1460571545120464e-12
5.1109041609053528e-12
5.0837445724290113e-12
5.0588775211077086e-12
5.8201193229738074e-12
-1.2041528710729616e-12
8.5104696506320669e-13
-2.3024569407827286e-12
-2.3026858227976532e-12
-2.3040999422076050e-12
-2.3162005412222648e-12
-2.3235827529031932e-12
-2.3141179896950489e-12
-2.2954911231436441e-12
-2.2817486415612178e-12
-2.2720928224798863e-12
-2.3026692997253214e-12
-2.2975976279437715e-12
-2.3003795453949955e-12
-2.2998110745446341e-12
-2.3221506582017839e-12
-2.3225674858235618e-12
-2.3433041632352908e-12
-2.3465095557058297e-12
-2.2958767556116472e-12
-2.2597665365916121e-12
2.5957320074247880e-12
1.4410790570786857e-12
1.4488678715133294e-12
1.4587676757043620e-12
1.4525032849955924e-12
1.4659334543219827e-12
1.4634558040619131e-12
1.4776770348109044e-12
1.4500776957132052e-12
1.4417610006029592e-12
1.4510268227727535e-12
1.4542680549634053e-12
1.4549564295110487e-12
1.4560576246828382e-12
1.4467644490754218e-12
1.4331385712914578e-12
1.4237716903485223e-12
1.4137794749421367e-12
1.4516762977206029e-12
1.4943994273865799e-12
1.3795556202855476e-12
8.8762879502716751e-13
8.8883983641360114e-13
8.9428416131684615e-13
8.9542539344623662e-13
8.8771938039885157e-13
8.6715939898638020e-13
8.8729797251625209e-13
8.8805925030283598e-13
8.8452518445577554e-13
8.8065081854959930e-13
8.7920780807277244e-13
8.8723302621537104e-13
8.9321751840026081e-13
8.9174612530107476e-13
8.8307916135363272e-13
8.6950218134967378e-13
8.6259455227299485e-13
8.9117148911572211e-13
9.1178130170812991e-13
9.3436314471170517e-13
3.0008485406754467e-12
3.0003268277839904e-12
3.0028031694493946e-12
3.0056264344599605e-12
2.9999923696818157e-12
3.0024504665870455e-12
3.0011279235755439e-12
3.0018845250739829e-12
2.9998630075951253e-12
2.9981866029439199e-12
3.0006189752814430e-12
3.0025014895485001e-12
2.9967363920748132e-12
2.9991658696809448e-12
3.0030466838894426e-12
3.0054950063771615e-12
3.0110512478439635e-12
2.9973037514153415e-12
2.9871664175684705e-12
2.9750027308163690e-12
-1.4554919751817150e-12
-1.4554974107403420e-12
-1.4554011999381080e-12
-1.4542988105649179e-12
-1.4561150851321127e-12
-1.4560309631203256e-12
-1.4571376105229117e-12
-1.4564473648555200e-12
-1.4566292825981065e-12
-1.4545915831934072e-12
-1.4567725897550631e-12
-1.4519833197656277e-12
-1.4524055414306602e-12
-1.4531419984520716e-12
-1.4563941008293762e-12
-1.4570462181951114e-12
-1.4591429767977596e-12
-1.4550770322746201e-12
-1.4492798515224610e-12
-1.4457537956944827e-12
-9.7218731260327195e-13
-9.7224191515959529e-13
-9.7113619679676940e-13
-9.7060196352654977e-13
-9.7078408726856711e-13
-9.6924785791468514e-13
-9.7113996294905489e-13
-9.7172688943372124e-13
-9.7280154158416665e-13
-9.7262339899181011e-13
-9.7115422902107498e-13
-9.7151585362114460e-13
-9.6985298069694863e-13
-9.7352408908987043e-13
-9.7445174995718427e-13
-9.7760668491018496e-13
-9.7957417750708712e-13
-9.7036143526579722e-13
-9.6067741216908496e-13
-9.5262494093961435e-13
1.6533284550274976e-13
1.6752258777427344e-13
1.6924999711196635e-13
1.7147336833690184e-13
1.7268143370175167e-13
1.6692315618693178e-13
1.6042242135356907e-13
1.6651499444808815e-13
1.6743809265381550e-13
1.6700568935344583e-13
1.6635234156347582e-13
1.6699892892142002e-13
1.6740890596710854e-13
1.6672364676661592e-13
1.6626268630444288e-13
1.6567798910921486e-13
1.6443040276879421e-13
1.6628809524657259e-13
1.6803333855368770e-13
1.7001542311370175e-13
8.9471575031706838e-13
8.9452763838810307e-13
8.9360187507601198e-13
8.9345740315203870e-13
8.9458321736127477e-13
8.9580485724755423e-13
8.9733398433179097e-13
8.9844666241433235e-13
8.9959782284758525e-13
8.9448598620906749e-13
8.9422788087364292e-13
