0.0000000000000000e+00
0.0000000000000000e+00
0.0000000000000000e+00
0.0000000000000000e+00
0.0000000000000000e+00
0.0000000000000000e+00
0.0000000000000000e+00
-3.5999999982497899e+00
-1.1733333328895178e+01
-1.9866666573097323e+01
-2.7999999906430563e+01
-2.7999999906430638e+01
-2.7999999906430645e+01
-2.7999999906430631e+01
-2.7999999906430599e+01
-2.7999999906430610e+01
-2.7999999906430656e+01
-2.7999999906430695e+01
-2.7999999906430684e+01
-2.7999999906430709e+01
-2.7999999906430652e+01
-2.7999999906430652e+01
-2.7999999906430642e+01
-2.7999999906430606e+01
-2.7999999906430606e+01
-2.3866666626207543e+01
-1.5733333293292338e+01
-7.5999998685622838e+00
5.3333346477964827e-01
8.6666667981085919e+00
1.6800000131440989e+01
1.6800000131440981e+01
1.6800000131440981e+01
1.6800000131440981e+01
1.6800000131440957e+01
1.6800000131440953e+01
1.6800000131440939e+01
1.6800000131440928e+01
1.6800000131440932e+01
1.6800000131440918e+01
1.6800000131440910e+01
1.6800000131440889e+01
1.6800000131440878e+01
1.6800000131440875e+01
1.6800000131440878e+01
1.6800000131440861e+01
1.6800000131440846e+01
1.4320515031278585e+01
6.1866666925321674e+00
-1.9466665710366176e+00
-1.0079999891272198e+01
-1.0079999891272198e+01
-1.0079999891272212e+01
-1.0079999891272227e+01
-1.0079999891272250e+01
-1.0079999891272255e+01
-1.0079999891272264e+01
-1.0079999891272257e+01
-1.0079999891272257e+01
-1.0079999891272257e+01
-1.0079999891272257e+01
-1.0079999891272278e+01
-1.0079999891272267e+01
-1.0079999891272275e+01
-1.0079999891272271e+01
-1.0079999891272251e+01
-1.0079999891272251e+01
-1.0079999891272260e+01
-1.0079999891272260e+01
-2.0853332622906908e+00
6.0479993458225678e+00
6.0479993458225660e+00
6.0479993458225607e+00
6.0479993458225714e+00
6.0479993458225714e+00
6.0479993458225749e+00
6.0479993458225598e+00
6.0479993458225616e+00
6.0479993458225652e+00
6.0479993458225678e+00
6.0479993458225643e+00
6.0479993458225714e+00
6.0479993458225625e+00
6.0479993458225723e+00
6.0479993458225829e+00
6.0479993458225820e+00
6.0479993458225803e+00
6.0479993458225820e+00
6.0479993458225980e+00
4.5047301286425832e+00
-3.6288002703099052e+00
-3.6288002703099003e+00
-3.6288002703098998e+00
-3.6288002703098989e+00
-3.6288002703098945e+00
-3.6288002703099007e+00
-3.6288002703099016e+00
-3.6288002703098998e+00
-3.6288002703099007e+00
-3.6288002703099025e+00
-3.6288002703099029e+00
-3.6288002703099016e+00
-3.6288002703099043e+00
-3.6288002703099025e+00
-3.6288002703099034e+00
-3.6288002703099105e+00
-3.6288002703099078e+00
-3.6288002703099060e+00
-3.6288002703099052e+00
-3.6288002703099052e+00
2.1772801937520629e+00
2.1772801937520621e+00
2.1772801937520661e+00
2.1772801937520678e+00
2.1772801937520692e+00
2.1772801937520692e+00
2.1772801937520674e+00
2.1772801937520669e+00
2.1772801937520634e+00
2.1772801937520638e+00
2.1772801937520634e+00
2.1772801937520638e+00
2.1772801937520607e+00
2.1772801937520607e+00
2.1772801937520638e+00
2.1772801937520643e+00
2.1772801937520656e+00
2.1772801937520656e+00
2.1772801937520616e+00
2.1772801937520612e+00
-1.3053612923821318e+00
-1.3053612923821294e+00
-1.3053612923821274e+00
-1.3053612923821269e+00
-1.3053612923821265e+00
-1.3053612923821274e+00
-1.3053612923821269e+00
-1.3053612923821269e+00
-1.3053612923821285e+00
-1.3053612923821276e+00
-1.3053612923821254e+00
-1.3053612923821234e+00
-1.3053612923821238e+00
-1.3053612923821230e+00
-1.3053612923821221e+00
-1.3053612923821238e+00
-1.3053612923821225e+00
-1.3053612923821256e+00
-1.3053612923821269e+00
-1.3053612923821265e+00
7.8458841738208995e-01
7.8458841738208995e-01
7.8458841738208962e-01
7.8458841738208984e-01
7.8458841738208929e-01
7.8458841738208851e-01
7.8458841738208873e-01
7.8458841738208918e-01
7.8458841738208762e-01
7.8458841738208907e-01
7.8458841738208862e-01
7.8458841738208851e-01
7.8458841738208818e-01
7.8458841738208707e-01
7.8458841738208607e-01
7.8458841738208651e-01
7.8458841738208651e-01
7.8458841738208618e-01
7.8458841738208762e-01
7.8458841738208784e-01
-4.7025808354709114e-01
-4.7025808354709087e-01
-4.7025808354709020e-01
-4.7025808354709048e-01
-4.7025808354709020e-01
-4.7025808354708998e-01
-4.7025808354709053e-01
-4.7025808354709059e-01
-4.7025808354709026e-01
-4.7025808354708937e-01
-4.7025808354709031e-01
-4.7025808354708987e-01
-4.7025808354708948e-01
-4.7025808354708964e-01
-4.7025808354709053e-01
-4.7025808354708953e-01
-4.7025808354708998e-01
-4.7025808354708976e-01
-4.7025808354708998e-01
-4.7025808354709087e-01
2.8233263551018922e-01
2.8233263551018922e-01
2.8233263551018906e-01
2.8233263551018906e-01
2.8233263551018872e-01
2.8233263551018839e-01
2.8233263551018878e-01
2.8233263551018861e-01
2.8233263551018889e-01
2.8233263551018856e-01
2.8233263551018783e-01
