0.0000000000000000e+00
0.0000000000000000e+00
0.0000000000000000e+00
0.0000000000000000e+00
0.0000000000000000e+00
0.0000000000000000e+00
0.0000000000000000e+00
-2.2958954401543908e-12
6.4348985769609281e-12
1.2043796169640368e-12
3.4271647547360044e-12
3.4316111101954001e-12
3.4303512097145098e-12
3.4251559808892945e-12
3.4237366477447916e-12
3.4257580403308199e-12
3.4345262701761902e-12
3.4366571720307847e-12
3.4302516117081252e-12
3.4328956679086335e-12
3.4322346472013637e-12
3.4288538663781399e-12
3.4264631316908484e-12
3.4222672919709586e-12
3.4177437460132969e-12
-2.4668334561868876e-12
-6.6977330608563369e-12
-9.9262283613362781e-12
-1.1258933028799850e-11
-1.3329141485836425e-11
-1.9803566970937319e-11
-1.9809724600052846e-11
-1.9816765414913139e-11
-1.9824337702065715e-11
-1.9829601589848349e-11
-1.9832945623533836e-11
-1.9834417000479785e-11
-1.9836088116657359e-11
-1.9839048104958983e-11
-1.9836963653888992e-11
-1.9837636484015913e-11
-1.9843776633710588e-11
-1.9847105041907420e-11
-1.9851266116907299e-11
-1.9852198905609365e-11
-1.9858915405478573e-11
-1.9855717023646776e-11
-1.8915370122701452e-11
-2.0828636937584970e-11
-2.1887257722917984e-11
-2.3773296736710207e-11
-2.3775520909215012e-11
-2.3774774203314150e-11
-2.3774548610745268e-11
-2.3771737574835102e-11
-2.3772675593573659e-11
-2.3772021343783112e-11
-2.3771721988911219e-11
-2.3775172538119115e-11
-2.3775787872160654e-11
-2.3776027210479721e-11
-2.3775039130559012e-11
-2.3773263928662157e-11
-2.3772363638449720e-11
-2.3775528063699771e-11
-2.3775954721704381e-11
-2.3772436970153912e-11
-2.3768665569613340e-11
-2.3764751620395295e-11
-2.0265597264367046e-11
-1.7719938801105977e-11
-1.7721889573308174e-11
-1.7722141238813460e-11
-1.7720160360249193e-11
-1.7720137413944071e-11
-1.7719231022542959e-11
-1.7720475864343379e-11
-1.7722100908905377e-11
-1.7720385938634690e-11
-1.7720913183838301e-11
-1.7719417074912776e-11
-1.7722299875742748e-11
-1.7721994679135412e-11
-1.7722286568291772e-11
-1.7723500138842016e-11
-1.7722394818104690e-11
-1.7723782730177339e-11
-1.7725289075834785e-11
-1.7725951750350060e-11
-1.5549797303151306e-11
-9.6507886383696434e-12
-9.6511290457199148e-12
-9.6514061141142354e-12
-9.6513790220230633e-12
-9.6515799730344787e-12
-9.6514617856607861e-12
-9.6514351701847094e-12
-9.6515227408253186e-12
-9.6514288045066071e-12
-9.6516410168189140e-12
-9.6531191297024752e-12
-9.6529929367543998e-12
-9.6536908516864112e-12
-9.6532624270078119e-12
-9.6537720668560441e-12
-9.6533820622406310e-12
-9.6546859725836035e-12
-9.6549026897924086e-12
-9.6542333208167736e-12
-9.6541406390956975e-12
-1.3409972510030522e-11
-1.3410949503709349e-11
-1.3410890682140391e-11
-1.3411848364591260e-11
-1.3411715852557628e-11
-1.3411987078925883e-11
-1.3411414857789795e-11
-1.3412005941697297e-11
-1.3412074367075404e-11
-1.3412056863769237e-11
-1.3411371101016033e-11
-1.3411302297984121e-11
-1.3410805984980866e-11
-1.3409858668125170e-11
-1.3409731528591233e-11
-1.3410145033197933e-11
-1.3410494962603751e-11
-1.3410972714043971e-11
-1.3410928770735993e-11
-1.3411643105080953e-11
-1.0581042314948317e-11
-1.0580662537224971e-11
-1.0580651461303048e-11
-1.0581220786935951e-11
-1.0581157827480092e-11
-1.0581245357267041e-11
-1.0581235452720782e-11
-1.0581231801984758e-11
-1.0581153377838318e-11
-1.0580985549975935e-11
-1.0580657420414380e-11
-1.0580812219249524e-11
-1.0580946078521067e-11
-1.0581439182882308e-11
-1.0581942655354588e-11
-1.0581897457381988e-11
-1.0582245831906792e-11
-1.0582222528072866e-11
-1.0582554485906663e-11
-1.0582287769264879e-11
-9.2924655613788994e-12
-9.2921045920318122e-12
-9.2921075409290448e-12
-9.2922451364939773e-12
-9.2921302625700818e-12
-9.2920343868277377e-12
-9.2920699168484852e-12
-9.2919762354133141e-12
-9.2919145902897926e-12
-9.2918308078367993e-12
-9.2918239821222962e-12
-9.2917841220999235e-12
-9.2919842931902706e-12
-9.2918890608780060e-12
-9.2918278139308358e-12
-9.2917597068325949e-12
-9.2918237771394231e-12
-9.2917770225251856e-12
-9.2916814489837447e-12
-9.2917756346808672e-12
-1.1088036625827541e-11
-1.1088162661688367e-11
-1.1088016365795223e-11
-1.1088140347511303e-11
-1.1088103125580337e-11
-1.1088133418908619e-11
-1.1088016452405195e-11
-1.1087834234712663e-11
-1.1087820046382885e-11
-1.1087827259908079e-11
-1.1087863104145612e-11
-1.1087806922529049e-11
-1.1087675097138830e-11
-1.1087784980723921e-11
-1.1087844894780081e-11
-1.1087978557232218e-11
-1.1087995700588394e-11
-1.1088110993813939e-11
-1.1088178880851308e-11
-1.1088216589320040e-11
-1.2108289455548930e-11
-1.2108291932857816e-11
-1.2108264818019006e-11
-1.2108246012697804e-11
-1.2108241515251332e-11
-1.2108223414669073e-11
-1.2108273811614287e-11
-1.2108287430355316e-11
-1.2108210402965299e-11
-1.2108234222765885e-11
-1.2108364126921291e-11
