0.0000000000000000e+00
0.0000000000000000e+00
0.0000000000000000e+00
0.0000000000000000e+00
0.0000000000000000e+00
0.0000000000000000e+00
0.0000000000000000e+00
-3.5999999982440869e+00
-1.1733333328884196e+01
-1.9866666573089759e+01
-2.7999999906410956e+01
-2.7999999906411016e+01
-2.7999999906411034e+01
-2.7999999906411055e+01
-2.7999999906411027e+01
-2.7999999906411031e+01
-2.7999999906411091e+01
-2.7999999906411123e+01
-2.7999999906411105e+01
-2.7999999906411094e+01
-2.7999999906411073e+01
-2.7999999906411066e+01
-2.7999999906411059e+01
-2.7999999906411023e+01
-2.7999999906411013e+01
-2.3866666626200363e+01
-1.5733333293295839e+01
-7.5999998685713583e+00
5.3333346476993904e-01
8.6666667980931038e+00
1.6800000131420607e+01
1.6800000131420589e+01
1.6800000131420614e+01
1.6800000131420617e+01
1.6800000131420585e+01
1.6800000131420607e+01
1.6800000131420603e+01
1.6800000131420578e+01
1.6800000131420596e+01
1.6800000131420592e+01
1.6800000131420585e+01
1.6800000131420557e+01
1.6800000131420553e+01
1.6800000131420543e+01
1.6800000131420546e+01
1.6800000131420525e+01
1.6800000131420486e+01
1.4320515031263314e+01
6.1866666925168321e+00
-1.9466665710439301e+00
-1.0079999891278820e+01
-1.0079999891278820e+01
-1.0079999891278831e+01
-1.0079999891278844e+01
-1.0079999891278860e+01
-1.0079999891278860e+01
-1.0079999891278858e+01
-1.0079999891278854e+01
-1.0079999891278852e+01
-1.0079999891278854e+01
-1.0079999891278854e+01
-1.0079999891278874e+01
-1.0079999891278860e+01
-1.0079999891278867e+01
-1.0079999891278861e+01
-1.0079999891278844e+01
-1.0079999891278844e+01
-1.0079999891278851e+01
-1.0079999891278851e+01
-2.0853332622877776e+00
6.0479993458268604e+00
6.0479993458268586e+00
6.0479993458268542e+00
6.0479993458268648e+00
6.0479993458268595e+00
6.0479993458268622e+00
6.0479993458268471e+00
6.0479993458268488e+00
6.0479993458268542e+00
6.0479993458268559e+00
6.0479993458268630e+00
6.0479993458268568e+00
6.0479993458268515e+00
6.0479993458268586e+00
6.0479993458268622e+00
6.0479993458268719e+00
6.0479993458268799e+00
6.0479993458268817e+00
6.0479993458268950e+00
4.5047301286433798e+00
-3.6288002703117836e+00
-3.6288002703117805e+00
-3.6288002703117788e+00
-3.6288002703117783e+00
-3.6288002703117739e+00
-3.6288002703117792e+00
-3.6288002703117810e+00
-3.6288002703117805e+00
-3.6288002703117792e+00
-3.6288002703117792e+00
-3.6288002703117801e+00
-3.6288002703117770e+00
-3.6288002703117792e+00
-3.6288002703117792e+00
-3.6288002703117805e+00
-3.6288002703117881e+00
-3.6288002703117868e+00
-3.6288002703117850e+00
-3.6288002703117819e+00
-3.6288002703117836e+00
2.1772801937519310e+00
2.1772801937519310e+00
2.1772801937519337e+00
2.1772801937519386e+00
2.1772801937519404e+00
2.1772801937519368e+00
2.1772801937519337e+00
2.1772801937519350e+00
2.1772801937519328e+00
2.1772801937519350e+00
2.1772801937519382e+00
2.1772801937519386e+00
2.1772801937519359e+00
2.1772801937519355e+00
2.1772801937519377e+00
2.1772801937519377e+00
2.1772801937519404e+00
2.1772801937519399e+00
2.1772801937519359e+00
2.1772801937519328e+00
-1.3053612923764322e+00
-1.3053612923764304e+00
-1.3053612923764275e+00
-1.3053612923764280e+00
-1.3053612923764275e+00
-1.3053612923764266e+00
-1.3053612923764266e+00
-1.3053612923764286e+00
-1.3053612923764284e+00
-1.3053612923764275e+00
-1.3053612923764255e+00
-1.3053612923764244e+00
-1.3053612923764251e+00
-1.3053612923764231e+00
-1.3053612923764220e+00
-1.3053612923764240e+00
-1.3053612923764237e+00
-1.3053612923764264e+00
-1.3053612923764299e+00
-1.3053612923764313e+00
7.8458841739036589e-01
7.8458841739036633e-01
7.8458841739036678e-01
7.8458841739036711e-01
7.8458841739036622e-01
7.8458841739036533e-01
7.8458841739036600e-01
7.8458841739036522e-01
7.8458841739036433e-01
7.8458841739036378e-01
7.8458841739036322e-01
7.8458841739036300e-01
7.8458841739036345e-01
7.8458841739036245e-01
7.8458841739036078e-01
7.8458841739036078e-01
7.8458841739036078e-01
7.8458841739036023e-01
7.8458841739036189e-01
7.8458841739036345e-01
-4.7025808353733223e-01
-4.7025808353733212e-01
-4.7025808353733134e-01
-4.7025808353733162e-01
-4.7025808353733167e-01
-4.7025808353733095e-01
-4.7025808353733156e-01
-4.7025808353733151e-01
-4.7025808353733112e-01
-4.7025808353733028e-01
-4.7025808353733123e-01
-4.7025808353733101e-01
-4.7025808353733062e-01
-4.7025808353733067e-01
-4.7025808353733156e-01
-4.7025808353733034e-01
-4.7025808353733084e-01
-4.7025808353733051e-01
-4.7025808353733067e-01
-4.7025808353733173e-01
2.8233263552120608e-01
2.8233263552120608e-01
2.8233263552120558e-01
2.8233263552120552e-01
2.8233263552120513e-01
2.8233263552120486e-01
2.8233263552120524e-01
2.8233263552120541e-01
2.8233263552120547e-01
2.8233263552120524e-01
2.8233263552120463e-01
