0.0000000000000000e+00
1.4878048780476240e-04
2.9753884326835718e-04
4.4634146341188368e-04
5.9512194463081410e-04
7.4388029351045589e-04
8.9261651663466814e-04
1.4914634143850540e-03
2.6569105684754960e-03
3.8223577109114315e-03
4.9878048653825349e-03
4.8390243773502239e-03
4.6902217503901108e-03
4.5413969779127253e-03
4.3926829151192427e-03
4.2439467331629108e-03
4.0951219395184086e-03
3.9463414517144973e-03
3.7975388249827866e-03
3.6487804761047554e-03
3.4999999883025884e-03
3.3512195004986056e-03
3.2024168737659975e-03
3.0536585248851921e-03
2.9048780436674200e-03
2.2394308892002045e-03
1.0739837347889158e-03
-9.1463432038090404e-05
-1.2569105865110218e-03
-2.4223577409814056e-03
-3.5878048954524283e-03
-3.4390244077958003e-03
-3.2902660524805134e-03
-3.1415298229217534e-03
-2.9926829432694577e-03
-2.8438582157139210e-03
-2.6951219676498543e-03
-2.5463414798462870e-03
-2.3975831243830208e-03
-2.2487805042370312e-03
-2.1000000164285129e-03
-1.9512195286233551e-03
-1.8024611731600729e-03
-1.6536585530176470e-03
-1.5048780718003958e-03
-1.3561197229214810e-03
-1.2073834997975302e-03
-7.4863482132016843e-04
4.1691056569226987e-04
1.5823577108392585e-03
2.7478048634898859e-03
2.5990243754571156e-03
2.4502217484966273e-03
2.3013969760200263e-03
2.1526829132267724e-03
2.0039467312714656e-03
1.8551219376265675e-03
1.7063414498216978e-03
1.5575388230891960e-03
1.4087804742124155e-03
1.2599999864105545e-03
1.1112194986054738e-03
9.6241687187249782e-04
8.1365852299269579e-04
6.6487804177370812e-04
5.1607542162943596e-04
3.6725065597097866e-04
2.1853657176263070e-04
6.9800368386681690e-05
-1.0783577331769276e-03
-2.2438048586856381e-03
-2.0950243095948199e-03
-1.9462658928627089e-03
-1.7975296019060434e-03
-1.6486828450685753e-03
-1.4998582402910368e-03
-1.3510557809805915e-03
-1.2023413816444537e-03
-1.0535608938423363e-03
-9.0478040603205996e-04
-7.5599991822652838e-04
-6.0721943042173091e-04
-4.5846107495779606e-04
-3.0965845481467218e-04
-1.6087797359823147e-04
-1.2119624719407519e-05
1.3661659840350599e-04
2.8546349639520908e-04
4.3428824228468555e-04
7.7592005586314358e-04
1.9414049115061703e-03
1.7926244228367760e-03
1.6438217952394923e-03
1.4949970221256972e-03
1.3462829606064571e-03
1.1975467799265663e-03
1.0487219850069621e-03
8.9994149720190098e-04
7.5113887047037822e-04
6.0238052159332475e-04
4.5360003379192013e-04
3.0481954598596641e-04
1.5601691925290899e-04
7.2585703735817399e-06
-1.4152191084403000e-04
-2.9032453098705940e-04
-4.3914929664541722e-04
-5.8786338085511708e-04
-7.3659958423348071e-04
-8.8535791335983137e-04
-1.7599649024658713e-03
-1.6111844155927788e-03
-1.4624260610602343e-03
-1.3136898322841433e-03
-1.1648429510595464e-03
-1.0160182219317736e-03
-8.6728197543993154e-04
-7.1850148763582394e-04
-5.6974313217282037e-04
-4.2094051202693552e-04
-2.7216002421894415e-04
-1.2337953641424059e-04
2.5378819048304670e-05
1.7418143919140075e-04
3.2296192041043539e-04
4.7172026929017806e-04
6.2045649241505830e-04
7.6930339040188242e-04
9.1812813628686660e-04
1.0669307366628232e-03
1.6509084264697315e-03
1.5021945506103456e-03
1.3534585556443778e-03
1.2046335761917565e-03
1.0558530883793943e-03
9.0705046163825677e-04
7.5829211276469595e-04
6.0951163155208155e-04
4.6070901141375342e-04
3.1195064934955830e-04
1.6317016154828229e-04
1.4389673741859677e-05
-1.3441295299093775e-04
-2.8317130187033432e-04
-4.3195178308909403e-04
-5.8075440323206943e-04
-7.2957916889088321e-04
-8.7829325309972547e-04
-1.0270294564770433e-03
-1.1757877856039020e-03
-1.5859024633565145e-03
-1.4370979435595836e-03
-1.2883155632529212e-03
-1.1395553158499998e-03
-9.9081719476665003e-04
-8.4210119342222663e-04
-6.9319550343928220e-04
-5.4441501559948256e-04
-3.9565666010000263e-04
-2.4685403998091535e-04
-9.8073552172748180e-05
5.0706935631533071e-05
1.9946529109607467e-04
3.4826791123800951e-04
4.9704839245530051e-04
6.4580674133229358e-04
7.9454296445637216e-04
9.4338986244888465e-04
1.0922146083399346e-03
1.2410172087209035e-03
1.5465785016910254e-03
1.3978066495111785e-03
1.2490126609740384e-03
1.1001965294904648e-03
9.5135824846895138e-04
8.0268469943762068e-04
6.5398904329439899e-04
5.0512372383682501e-04
3.5634323604213285e-04
2.0756274824754205e-04
5.8782260442760444e-05
-8.9998227361846948e-05
-2.3880085409528281e-04
-3.8755920297485149e-04
-5.3633968419306022e-04
-6.8514230433667903e-04
-8.3396706999596759e-04
-9.8268115420320230e-04
-1.1314173575789036e-03
-1.2801756867034729e-03
-1.5230995806214723e-03
-1.3743159708270994e-03
-1.2255544943022439e-03
-1.0768151444621244e-03
-9.2797450627854407e-04
-7.7915601833301168e-04
-6.3035967403528021e-04
-4.8158546679505951e-04
-3.3283339002735377e-04
-1.8407206724072744e-04
-3.5291579438973627e-05
