0.0000000000000000e+00
1.8896495439037158e-17
1.9954388624402298e-17
-5.7054111312168646e-17
3.2428606925387594e-16
5.5458848218390746e-16
-2.2407829211225635e-17
2.3736329566104983e-16
3.5755275907820243e-16
1.7699946481385258e-16
3.8618377362296865e-16
2.0983922697822897e-16
6.6265830382294539e-16
6.1694860593579616e-16
3.5746088865028810e-17
4.0996372994924978e-17
3.4683237383668489e-16
-1.7903164547023267e-17
1.2902050523826294e-16
2.6167895289405686e-16
-6.5294851895259315e-17
-2.7508979967040986e-17
4.2063994390400836e-16
4.9143402430086321e-17
6.7178743960049301e-16
1.5254007533757115e-16
3.3250346698612101e-16
1.4587913742621749e-16
1.0749800662046088e-16
-8.8309705255375072e-17
-3.9014503570889476e-16
3.1526445661502784e-16
3.1985717410085185e-16
4.0605363931010909e-16
-3.2872417813172967e-17
-2.6708528938736261e-16
-1.9648415985870198e-16
-5.9531976195782095e-16
-6.4356017580541803e-16
-9.0927040075118314e-16
-5.5163797674896024e-16
-1.9941061661123399e-16
-3.1879292423789629e-16
-4.9381312972732279e-16
-7.7914597059073029e-16
-7.3150370428160999e-16
-5.1610208391169919e-16
-6.3899698919376520e-16
-1.0286411680521601e-15
-5.6290012428812700e-16
-1.0415896520133490e-15
-5.7889085421589609e-16
-5.7213461370319111e-16
-6.4461042886491826e-16
-6.0448804384329458e-16
-7.8217211522888963e-16
-9.4509054020435998e-16
-1.1819296178884843e-15
-1.1485364326300802e-15
-7.5157801765929945e-16
-5.5287056869995638e-16
-1.0728400577958961e-15
-1.2611493505927253e-15
-4.7230833191414129e-16
-3.8127899243941212e-17
9.4763299533689758e-17
1.0592905402662569e-15
-4.7586104414060449e-16
-1.7834825834384525e-15
1.9591818782715794e-17
3.8283614850025406e-16
-1.1243655452980768e-16
-3.7043369567784876e-16
-7.8476762245373081e-16
1.6836877039939686e-17
5.9226599950883192e-16
1.4236402227013267e-15
-3.2771155685095791e-16
-1.1990570190226539e-16
2.6346058544237041e-17
1.7568124881881677e-16
6.8713459156205981e-17
1.3131067798847967e-16
3.0563104707656314e-16
1.0400764517366010e-16
3.6113886725058939e-16
2.6253663402280973e-17
7.1156334384282039e-16
8.3291650026301093e-16
8.3032338755790824e-16
5.5443363162486054e-16
1.2495262391364487e-16
-1.5229658969567788e-17
-1.1402414687628319e-15
1.7394308550378226e-16
9.3997981884804296e-16
-1.4991662805027529e-16
1.2606929205609557e-16
2.8089221317460048e-16
2.4106843969470420e-16
-1.1467569683421139e-16
-2.7589219298298811e-16
-5.7009961595822659e-16
-5.9184994488289809e-16
-2.8721008418583241e-16
-2.1271131089027617e-16
-9.9707513571968097e-18
6.7472036233365357e-17
-3.5149945847658553e-17
3.2544857756320581e-16
-5.8113209864534326e-16
-2.9030388044166029e-16
-1.6980582585247842e-16
2.0968024492628725e-16
-8.9910526571940194e-17
2.1639493535243495e-16
-8.6789032526661086e-16
3.1266168048559983e-19
2.6633632989879908e-16
-2.6754602597437861e-16
5.4745649857229682e-17
4.5001939386978505e-16
2.7305287086991375e-16
-8.3840958052416240e-17
1.3659239594636687e-16
1.1520337124935618e-16
1.3152041932588048e-16
-1.6083464193709991e-16
1.7319346015430309e-17
1.5083325946138819e-16
-6.5820385517912410e-17
4.1088137405110666e-17
3.8559611817012610e-16
9.2280790073233358e-17
-3.2871365674425360e-16
-1.4747843080292173e-16
1.5085250564025851e-16
4.2415107149596930e-16
3.2896749936984086e-16
-9.2049379613977400e-17
1.3622224973364192e-16
-4.0309132207215465e-16
-1.7294656253209674e-16
-3.7271431665100828e-16
1.4672019019150314e-16
4.2942546620640847e-16
6.6040260612622197e-16
-8.4349435854936642e-17
-1.2408187268055462e-15
-2.0841105155716636e-15
-5.2907688304223171e-16
-6.4363894380770787e-16
-8.6078444763003440e-16
-6.5835718456784191e-16
-7.6050265274867287e-16
-6.9053850418244985e-16
-4.4613536906548839e-16
-4.8693794617894913e-16
2.5754460517574993e-16
-8.2087958953166818e-16
-5.3698339892024376e-16
-7.8212256954960707e-16
-1.6643613991400625e-16
-7.3147514927906583e-16
-1.2053967945423258e-15
-1.9892992845647424e-15
-2.3299410094759088e-15
-5.9917978634159192e-16
1.4166244202342283e-15
2.7675303099088639e-15
5.7566657613974187e-16
3.0251926365861896e-16
5.5503673451369598e-17
3.4360713421044628e-16
-2.4560500118546504e-16
-5.2313521627075526e-16
-9.4625418564208621e-16
-2.8415484831657128e-16
-3.8656662656304629e-16
-9.9132388191889079e-17
-5.8048210096399131e-16
-4.8070412286559044e-16
-9.2062772048668887e-16
2.0317767149818398e-16
7.3267566979586449e-16
1.3519535648819588e-15
1.6072478380901210e-15
-1.9015936043897842e-16
-2.3753752009477762e-15
-5.0602196446452414e-15
-6.2128885136787879e-16
-5.2161614018072990e-16
-6.9513619198114842e-16
2.2189540450816510e-17
-4.9792602400315475e-16
-4.7901570958347575e-16
-2.5138534763398692e-16
-3.7128276610774973e-17
-2.7789148026875815e-16
-1.7515212247936323e-16
-3.1479465523313377e-16
