0.0000000000000000e+00
2.8751880339869091e-17
-2.9581487946096619e-16
-5.0092410259589899e-17
-2.0202633256663614e-16
-3.2429468565283844e-16
-7.4739019033750375e-16
5.5262957005199426e-16
4.3410513991569533e-16
1.9548659287489596e-16
3.3287116637805891e-16
2.0416752660815232e-16
5.1745782655367982e-16
6.4746724802680481e-16
3.7667761406874302e-16
-7.8979776527525432e-16
7.9315852090758309e-17
-4.5095292380810851e-16
-7.7105288584747825e-16
1.2183263001809831e-16
-3.4203293585570429e-17
4.3612686664825201e-16
5.4611440141645213e-16
-3.1049667225261428e-16
-1.7530694140834378e-16
4.8486999710296860e-16
3.3675904568203356e-16
8.3951911612138889e-16
3.0675412877232052e-16
7.4175876814062780e-16
1.2713750177586399e-16
4.8013690713543386e-16
9.4741461356767679e-16
9.2566614094269787e-16
6.9080440920828766e-16
4.9223823721602596e-16
6.9407275940408999e-16
2.7247363105550388e-16
5.9361405479877209e-16
-9.6829379202004148e-17
-3.9627232882729457e-16
-1.1633794763697752e-16
-4.1986655007936344e-16
6.5618673790541822e-16
9.6846963367041715e-16
1.7215714803722607e-15
2.3284396156274971e-15
5.5917232025778668e-16
-5.5341261604079998e-16
2.0796367451003993e-16
-3.8277511348157664e-16
1.5214785425979917e-16
1.7528194353409484e-16
-1.5286013077982316e-16
1.8004242435895198e-16
-2.0543532934071324e-16
8.2264429102101343e-17
-1.3140285777282439e-16
-4.8581843075861150e-16
2.9493689954877618e-16
1.9595818161576129e-16
-4.3677396834591850e-16
-3.8043657265642624e-16
-2.2528338742698369e-16
5.2645370467831049e-17
7.9730025278533445e-16
1.6762894642222805e-15
3.0197495669984019e-16
-7.7519939746352057e-16
5.4798986798815648e-16
2.0396680795097888e-17
-3.2754317860096664e-16
-1.7537137603331926e-16
-9.1407841253547305e-16
-6.7788437593386467e-16
-3.8749750683152799e-16
-1.6678265045582914e-16
-2.6937115951014471e-16
3.4690752294010252e-17
-1.6582200125063615e-16
4.1172652200868340e-16
-1.4178970433646815e-17
-6.1071069335023447e-16
-1.5028139318797878e-16
-8.8475345670844119e-17
6.4743821726051361e-16
8.9319094095048100e-16
5.0310807180750462e-16
-7.4450575709556060e-16
6.9468799201939958e-17
2.7284307498188089e-17
-6.8018843686939204e-17
-3.4523964593891327e-16
-9.1275812126239222e-16
-6.3049573941726457e-16
7.3162023963107806e-16
2.3805089358284173e-16
-7.8171286271340227e-17
-3.9051355169007972e-16
7.5233753882560686e-16
4.4904556479868534e-16
-8.8872902102298965e-17
-3.6424334040401355e-16
3.0164372331421472e-16
9.8733614838786757e-16
1.9817347848504066e-15
2.3968707801392340e-15
1.1345726147391947e-16
-2.0576376573038344e-15
-3.9019986937608858e-15
4.4207575623378008e-16
-1.5545792494676147e-16
-6.6731622510622718e-16
-1.0750467013337253e-15
6.3832704595923760e-16
2.2963651976888880e-15
7.1175884056358626e-16
6.7934525102999148e-16
3.4603406851265723e-16
5.8194796890802559e-16
3.3844244231754681e-16
8.2217979802718501e-16
4.0531586872720537e-16
8.1457890033517597e-16
1.4124192812899478e-15
1.9252831544675467e-15
3.3578071299525699e-15
5.9302971126964594e-16
-1.6842959749546534e-15
-3.3652575257979721e-15
-9.0881363082308722e-16
5.8381261377544800e-16
1.7552946282619901e-15
3.7477771638084862e-16
2.1994707049603334e-16
2.1640121333204380e-16
3.5539535855542259e-16
5.2645924121435721e-16
-1.7610607613353179e-16
-1.5991411959661789e-16
3.9726820822894171e-16
-1.3093790370362681e-16
-2.0035889614983053e-16
7.6902268973571550e-17
3.7254498955058468e-16
3.6153839565794303e-16
9.1881365153289476e-16
5.4958191832203608e-17
-1.3435895129150271e-15
-2.1659212461742704e-15
9.2699979125343715e-17
4.1699598995225992e-16
1.5232765817435156e-17
8.4057778758076353e-16
8.3612740508626186e-16
1.4352939730603147e-15
-1.2666009155828995e-16
1.1734219761231382e-16
6.1475288279019225e-17
9.7215901576293890e-17
1.7259250976758186e-16
-1.4300056192511816e-16
6.0271913055009087e-16
-4.7688397476419096e-17
6.5083156814425647e-16
2.6646973993317344e-16
1.0391424431812527e-15
5.8555541128222382e-16
9.1490542287150176e-16
5.5221201312608674e-16
6.0059534204835306e-16
6.8753510444777411e-16
1.3356758782114265e-15
1.2500548215365513e-15
1.4155520259857392e-15
7.1460581387234715e-16
-1.3390049533796520e-16
4.7532947368181419e-16
7.9930879722278352e-16
1.0526101066470153e-15
4.9366492405610182e-16
5.6825880824987136e-16
2.5787947471531766e-16
5.6414957649261741e-16
3.3417417771035923e-16
5.9264411347500876e-16
9.4574700369728672e-16
6.8126573265905586e-16
6.7254008393496763e-16
3.1067188443973800e-16
6.9286143402557408e-16
9.6676704712019115e-16
7.0922975773408543e-16
1.0657708358875306e-15
6.5284613061291500e-16
6.0629886440554146e-16
2.1828961133367947e-16
3.3823833469893755e-16
1.6232571205071305e-16
1.1454621311418427e-15
3.9067889602112702e-16
