0.0000000000000000e+00
-4.4634146340809018e-05
-8.9270284978046373e-05
-1.3390243902182809e-04
-1.7853658518342965e-04
-2.2317272364102235e-04
-2.6781085457346641e-04
-5.3743902426936258e-04
-1.0904065037566726e-03
-1.6433739766353755e-03
-2.1963414563103039e-03
-2.1517073106018954e-03
-2.1070751570114159e-03
-2.0624449953608450e-03
-2.0178048721917270e-03
-1.9731667416753138e-03
-1.9285365795156991e-03
-1.8839024331748682e-03
-1.8392702789512435e-03
-1.7946341404911379e-03
-1.7499999941516938e-03
-1.7053658478100378e-03
-1.6607336935857110e-03
-1.6160975551249249e-03
-1.5714634089596300e-03
-1.2684959324084609e-03
-7.1552845276316864e-04
-1.6256096613406640e-04
3.9040651354093465e-04
9.4337399321561377e-04
1.4963414728902677e-03
1.4517073258814533e-03
1.4070711865757234e-03
1.3624330547963698e-03
1.3178048862732179e-03
1.2731747259882710e-03
1.2285365935837799e-03
1.1839024472421497e-03
1.1392663086046957e-03
1.0946341545595519e-03
1.0500000082161924e-03
1.0053658618747244e-03
9.6072972323772135e-04
9.1609756919377766e-04
8.7146342303158768e-04
8.2682728457384748e-04
7.8218915364176985e-04
5.8257155535349880e-04
2.9593497625447633e-05
-5.2337397663377292e-04
-1.0763414553618990e-03
-1.0317073096526080e-03
-9.8707515606238179e-04
-9.4244499441237923e-04
-8.9780487124316982e-04
-8.5316674072678637e-04
-8.0853657856651143e-04
-7.6390243222504125e-04
-7.1927027800199267e-04
-6.7463413954165180e-04
-6.2999999320123481e-04
-5.8536584686060206e-04
-5.4073369263726986e-04
-4.9609755417529347e-04
-4.5146340801042176e-04
-4.0683125396322189e-04
-3.6220109185597930e-04
-3.1756096880358308e-04
-2.7292283840366928e-04
2.7137398847711461e-04
8.2434134389055256e-04
7.7970727678204686e-04
7.3507121738442351e-04
6.9043316552005031e-04
6.4580483717326153e-04
6.0117451704957752e-04
5.5654220497076002e-04
5.1190239814222411e-04
4.6726825180292905e-04
4.2263410545783335e-04
3.7799995911613125e-04
3.3336581277440184e-04
2.8872967413782401e-04
2.4409752009393705e-04
1.9946337393251910e-04
1.5482723547548548e-04
1.1018910454395909e-04
6.5560934735548840e-05
2.0930773164537528e-05
-1.2017006554630451e-04
-6.7314148017071551e-04
-6.2850733334095786e-04
-5.8387517862942438e-04
-5.3924501585880986e-04
-4.9460489493113381e-04
-4.4996676665598077e-04
-4.0533660225489630e-04
-3.6070245591385839e-04
-3.1607030169020960e-04
-2.7143416323092626e-04
-2.2680001689161212e-04
-1.8216587054920461e-04
-1.3753371632570075e-04
-9.2897577865280693e-05
-4.8263431700599844e-05
-3.6312776548484033e-06
4.0998884452240744e-05
8.5639007506908097e-05
1.3027713790996590e-04
1.7491327583988748e-04
5.8242147560919619e-04
5.3778732978150806e-04
4.9315119165798890e-04
4.4851306106092421e-04
4.0388489017028945e-04
3.5925472751660191e-04
3.1461659747902783e-04
2.6998245113701191e-04
2.2534631249936985e-04
1.8071415845334068e-04
1.3608001211004654e-04
9.1445865769570567e-05
4.6809727133467789e-05
2.1775730883406774e-06
-4.2456573074091682e-05
-8.7092711533038339e-05
-1.3173084246565831e-04
-1.7635901227272167e-04
-2.2098917384170847e-04
-2.6562132735115514e-04
-5.2796921483354233e-04
-4.8329239722940580e-04
-4.3861757555476176e-04
-3.9402410515712550e-04
-3.4938995881831909e-04
-3.0475780459855094e-04
-2.6012166613723542e-04
-2.1548751997275376e-04
-1.7085536592645358e-04
-1.2621922711272295e-04
-8.1585080773948876e-05
-3.6950934432289592e-05
7.6812197923685009e-06
5.2317358252457926e-05
9.6951504417588618e-05
1.4158365846475663e-04
1.8621382057216015e-04
2.3085394362559863e-04
2.7549207402669744e-04
3.2012821195507424e-04
4.9536288220159981e-04
4.5074409376039202e-04
4.0612331439400669e-04
3.6150054392506580e-04
3.1687578217571693e-04
2.7224902896804700e-04
2.2757336146027671e-04
1.8293921511059461e-04
1.3830307646480562e-04
9.3670922429300765e-05
4.9036776085207427e-05
4.4026297442988835e-06
-4.0233508892557155e-05
-8.4865662937145766e-05
-1.2949980909895544e-04
-1.7413594755656426e-04
-2.1877407848907912e-04
-2.6340224829527647e-04
-3.0803240986477658e-04
-3.5266456337427180e-04
-4.7573813571619308e-04
-4.3109844667944667e-04
-3.8646075025389681e-04
-3.4182504626460871e-04
-2.9719133453195328e-04
-2.5256186191369563e-04
-2.0793438099641251e-04
-1.6329356923781117e-04
-1.1865942289932156e-04
-7.4025276561627166e-05
-2.9391130219890576e-05
1.5243016122472189e-05
5.9875170345976093e-05
1.0451130880709555e-04
1.4914545497299282e-04
1.9377760902038492e-04
2.3840777112754105e-04
2.8304789417970655e-04
3.2768602458037262e-04
3.7232216250766170e-04
4.6398526310438082e-04
4.1935310739694596e-04
3.7471895957050250e-04
3.3008281944861420e-04
2.8545066777708788e-04
2.4081652398796568e-04
1.9618038790229211e-04
1.5154225934467145e-04
1.0690213813475467e-04
6.2279936063761027e-05
1.7645789720991720e-05
