0.0000000000000000e+00
-2.5345242559325526e-16
-3.7947814797212659e-16
2.0722486830546448e-16
3.2299339638981152e-16
2.3711294524600798e-16
3.4917770346617544e-16
-4.4735187209656442e-16
9.3672266392180688e-16
-2.7809536356653060e-16
3.0273410972476494e-16
-5.2710820406787303e-17
2.7478901994875456e-17
-6.9496639292622055e-16
-5.8036210655586967e-17
-7.9329664550856027e-17
2.0449992042395205e-16
-4.8029584639752396e-17
-2.5982616086144392e-16
2.9958406176975643e-16
1.9279024063703164e-16
-1.3374479939296737e-16
2.6850314492441263e-16
1.8682070093103215e-16
6.5132770290369217e-16
-4.5684371607086198e-16
-3.7592563565966085e-16
-3.4255001440642946e-16
-3.3990083684611039e-16
-5.2950708251370580e-16
-1.2710853243724733e-15
-1.0337472315508666e-15
-3.2174748267275981e-16
-3.9949188730171568e-16
-1.1232037159336174e-15
-8.6774100359536383e-16
-1.1230862229323214e-15
-9.4295383393037361e-16
-3.1135079661020925e-16
-1.2091299840965537e-15
-1.3441627735404817e-15
-8.5365505264446622e-16
-1.0926558165069510e-15
-5.3545459803115584e-16
-3.4749052035264741e-16
2.9433433324819971e-16
3.1982248057028681e-16
-5.2101617606778993e-16
-8.6871686367307513e-16
-1.0113080573895094e-15
-1.2872624711466563e-15
-8.5683236024143900e-16
-9.2048935786970894e-16
-8.3836917908843060e-16
-1.7415158810441269e-15
-1.3889528242817628e-15
-7.3290353608920628e-16
-7.4276567367548294e-16
-1.2281332102283959e-15
-1.2863868905196447e-15
-5.4536398377241787e-16
-1.0533265101271406e-15
-1.1927725642192742e-15
-1.1060907312832809e-15
-4.5476676796783167e-16
-3.5469862910739198e-16
5.3697171439523538e-16
-7.4938183760797181e-16
-2.0764593098657914e-15
-7.5637952561321744e-16
-5.9029712200070309e-16
-1.0650106423399989e-15
-1.9418102501491376e-15
-1.3882279658900728e-15
-1.5259685066614449e-15
-2.3887440356007885e-16
8.9082437003659383e-16
-5.0619547525519270e-16
-3.3314488842146106e-16
-3.3790619783221008e-16
-1.2267268509562573e-15
-8.1491696354599031e-16
-7.1508057118176764e-16
-5.4973110744905848e-16
-3.1801045127483608e-16
3.4105210991831154e-16
3.5389978031127986e-16
-5.5833982887275410e-16
-1.5217769742460060e-15
2.5296159025829518e-17
-2.5470113281836853e-17
-7.3855564163438491e-17
-2.5227929760943469e-16
-1.1096251195136206e-15
-2.2925832593846444e-16
1.5408746607295732e-16
1.4910843989541670e-17
9.8599213667839566e-17
3.9697100922277796e-17
4.8467082029686142e-17
-3.5388442126020484e-16
-4.4336838917498238e-16
5.4360777033158484e-16
6.0624275001787368e-17
4.3540382620135492e-17
-1.6644798756547515e-16
-2.0406410212870012e-17
4.8603314202955931e-16
3.4257047640406653e-16
1.0758771840088822e-15
-9.0026275308811874e-16
-1.0075000435618745e-16
-6.2581942475902655e-16
-2.2594919220628727e-16
-2.4281116202607759e-16
-1.9867188536063589e-16
-9.0676011730311782e-16
-7.2489756018217347e-16
-8.0594569119530630e-16
-4.5760065336332529e-16
-8.9424843829780439e-16
-2.5946632907574377e-16
3.3052423198112863e-16
-5.7875591005078313e-16
-4.8037730649909005e-16
-7.2300647894061131e-16
-5.9937098743110191e-16
-4.0449965730185631e-16
-1.7528928498583239e-16
5.4912063680777684e-16
3.3436390905275920e-16
7.1807337481773323e-16
7.6239712780258697e-16
3.0768065089659430e-17
-1.4131677447104883e-16
-4.6255241799300851e-17
-6.8425093597472776e-17
4.6341380668623365e-16
1.5200859569756767e-16
-1.6854523019726085e-17
-1.7361785245851192e-16
1.9888360954962711e-16
8.0440688810186513e-16
3.7226929024505689e-16
6.2685605881595342e-17
-3.0055066991135905e-16
-6.0052783200987866e-16
1.1660677308851010e-16
3.9402199321366025e-16
1.2024260664073515e-15
6.6189065518696671e-16
-1.0700410927727539e-16
-1.0222274673683035e-15
-4.8168118843740830e-16
-1.3006356134186871e-15
-1.8018768775505236e-15
-5.3951136297497169e-16
-2.0786509881296708e-16
6.5907650020274612e-17
-6.3943955468593246e-16
-4.2714272268520761e-16
-4.6482228161554790e-16
-2.5736106479981832e-16
-3.9582029009393237e-16
-3.1020269550728267e-16
-2.6482994496821454e-16
-1.8413693212937834e-16
-4.1976162399775991e-16
-6.6040483295349430e-16
-9.4194358990940566e-16
-6.3836343651737253e-16
-1.9164894381525791e-16
-1.1914660790848876e-16
2.5154720971225788e-16
8.5306154037973508e-16
-6.3683212247510488e-16
-2.8090226316034615e-15
-9.4825933490904421e-16
-6.2387244936978304e-16
-4.9375888561712161e-16
-1.3781534885544746e-15
-7.9142645711833526e-16
-7.0253321702642729e-16
-7.1579085691398342e-16
-1.4290036231442521e-15
-1.7703629011898120e-15
-1.7459284010807426e-15
-8.9377858603062386e-16
1.3297451148100073e-16
6.5581616238458134e-16
-6.2847883780476460e-16
-7.4252687773349753e-16
-6.2573691880092211e-16
3.5121386040571766e-17
-7.4665301999894900e-16
-8.2813966212000565e-16
-1.4437348811688485e-15
-1.7437335412465817e-15
-1.7295085196464419e-15
-9.8321708079887073e-16
-8.5848628682941829e-16
