0.0000000000000000e+00
-4.4634146341425516e-05
-8.9270284978073533e-05
-1.3390243902229156e-04
-1.7853658518436483e-04
-2.2317272364285614e-04
-2.6781085457466055e-04
-5.3743902426826482e-04
-1.0904065037556192e-03
-1.6433739766350546e-03
-2.1963414563082899e-03
-2.1517073106007462e-03
-2.1070751570104202e-03
-2.0624449953599031e-03
-2.0178048721910262e-03
-1.9731667416750605e-03
-1.9285365795148328e-03
-1.8839024331742291e-03
-1.8392702789505871e-03
-1.7946341404911021e-03
-1.7499999941510674e-03
-1.7053658478096683e-03
-1.6607336935856355e-03
-1.6160975551245307e-03
-1.5714634089586082e-03
-1.2684959324091730e-03
-7.1552845276382079e-04
-1.6256096613479566e-04
3.9040651354067362e-04
9.4337399321454268e-04
1.4963414728888726e-03
1.4517073258793621e-03
1.4070711865737443e-03
1.3624330547948591e-03
1.3178048862728458e-03
1.2731747259876001e-03
1.2285365935833952e-03
1.1839024472421167e-03
1.1392663086049319e-03
1.0946341545592924e-03
1.0500000082163423e-03
1.0053658618752153e-03
9.6072972323638268e-04
9.1609756919360484e-04
8.7146342303339190e-04
8.2682728457678502e-04
7.8218915364590728e-04
5.8257155535391351e-04
2.9593497624765653e-05
-5.2337397663331908e-04
-1.0763414553619421e-03
-1.0317073096531250e-03
-9.8707515606229050e-04
-9.4244499441175104e-04
-8.9780487124425197e-04
-8.5316674072908878e-04
-8.0853657856677999e-04
-7.6390243222432654e-04
-7.1927027800075039e-04
-6.7463413954211681e-04
-6.2999999320195385e-04
-5.8536584686029491e-04
-5.4073369263683520e-04
-4.9609755417652415e-04
-4.5146340801149263e-04
-4.0683125396497158e-04
-3.6220109185722748e-04
-3.1756096880388877e-04
-2.7292283840230948e-04
2.7137398847714930e-04
8.2434134388991234e-04
7.7970727678197389e-04
7.3507121738430946e-04
6.9043316552009877e-04
6.4580483717169377e-04
6.0117451704769036e-04
5.5654220496890322e-04
5.1190239814141085e-04
4.6726825180377245e-04
4.2263410545710113e-04
3.7799995911504374e-04
3.3336581277364127e-04
2.8872967413527743e-04
2.4409752009226733e-04
1.9946337393155218e-04
1.5482723547458413e-04
1.1018910454361195e-04
6.5560934732929014e-05
2.0930773159308116e-05
-1.2017006554891617e-04
-6.7314148017233498e-04
-6.2850733334318903e-04
-5.8387517863226987e-04
-5.3924501586064964e-04
-4.9460489493301522e-04
-4.4996676665689118e-04
-4.0533660225665016e-04
-3.6070245591464563e-04
-3.1607030169223272e-04
-2.7143416323233474e-04
-2.2680001689354330e-04
-1.8216587055090461e-04
-1.3753371632749150e-04
-9.2897577865842839e-05
-4.8263431700737626e-05
-3.6312776533258709e-06
4.0998884453387010e-05
8.5639007506354545e-05
1.3027713790690195e-04
1.7491327583418208e-04
5.8242147560827831e-04
5.3778732978044641e-04
4.9315119165659917e-04
4.4851306105862511e-04
4.0388489016963567e-04
3.5925472751680563e-04
3.1461659747877597e-04
2.6998245113714429e-04
2.2534631249988629e-04
1.8071415845422178e-04
1.3608001210957805e-04
9.1445865769301915e-05
4.6809727132652042e-05
2.1775730883099127e-06
-4.2456573073190235e-05
-8.7092711531633050e-05
-1.3173084246255966e-04
-1.7635901227186848e-04
-2.2098917384233714e-04
-2.6562132735285479e-04
-5.2796921483332429e-04
-4.8329239722871403e-04
-4.3861757555413016e-04
-3.9402410515626410e-04
-3.4938995881780464e-04
-3.0475780459858200e-04
-2.6012166613829750e-04
-2.1548751997273478e-04
-1.7085536592668200e-04
-1.2621922711224679e-04
-8.1585080773506033e-05
-3.6950934431535611e-05
7.6812197924097344e-06
5.2317358253883164e-05
9.6951504418623936e-05
1.4158365846640383e-04
1.8621382057355397e-04
2.3085394362625769e-04
2.7549207402827777e-04
3.2012821195485084e-04
4.9536288220219937e-04
4.5074409376117937e-04
4.0612331439451670e-04
3.6150054392630862e-04
3.1687578217747241e-04
2.7224902896969618e-04
2.2757336146361019e-04
1.8293921511322022e-04
1.3830307646691957e-04
9.3670922432102276e-05
4.9036776087781940e-05
4.4026297467035389e-06
-4.0233508890158073e-05
-8.4865662934103549e-05
-1.2949980909573696e-04
-1.7413594755372018e-04
-2.1877407848406227e-04
-2.6340224829318949e-04
-3.0803240986506200e-04
-3.5266456337721747e-04
-4.7573813571505488e-04
-4.3109844667726623e-04
-3.8646075025156122e-04
-3.4182504626203666e-04
-2.9719133452965802e-04
-2.5256186191229354e-04
-2.0793438099595175e-04
-1.6329356923635633e-04
-1.1865942289707550e-04
-7.4025276559204584e-05
-2.9391130218258401e-05
1.5243016124012095e-05
5.9875170347851654e-05
1.0451130880873539e-04
1.4914545497362954e-04
1.9377760902144741e-04
2.3840777112688676e-04
2.8304789418128308e-04
3.2768602458441907e-04
3.7232216251421011e-04
4.6398526310598842e-04
4.1935310739767075e-04
3.7471895957191603e-04
3.3008281945050766e-04
2.8545066777907355e-04
2.4081652398872348e-04
1.9618038790299250e-04
1.5154225934458301e-04
1.0690213813486932e-04
6.2279936066022212e-05
1.7645789722973635e-05
