0.0000000000000000e+00
0.0000000000000000e+00
0.0000000000000000e+00
0.0000000000000000e+00
0.0000000000000000e+00
0.0000000000000000e+00
0.0000000000000000e+00
4.4999999978086755e-04
1.4666666661112126e-03
2.4833333216366959e-03
3.4999999883026031e-03
3.4999999883026031e-03
3.4999999883026031e-03
3.4999999883026031e-03
3.4999999883026031e-03
3.4999999883026031e-03
3.4999999883026031e-03
3.4999999883026031e-03
3.4999999883026031e-03
3.4999999883026031e-03
3.4999999883026031e-03
3.4999999883026031e-03
3.4999999883026031e-03
3.4999999883026031e-03
3.4999999883026031e-03
4.0166666483297140e-03
5.0333333149434455e-03
6.0499999930343521e-03
7.0666666597020570e-03
8.0833333263678111e-03
9.0999999930340553e-03
9.0999999930340553e-03
9.0999999930340553e-03
9.0999999930340553e-03
9.0999999930340553e-03
9.0999999930340553e-03
9.0999999930340553e-03
9.0999999930340553e-03
9.0999999930340553e-03
9.0999999930340553e-03
9.0999999930340553e-03
9.0999999930340553e-03
9.0999999930340553e-03
9.0999999930340553e-03
9.0999999930340553e-03
9.0999999930340553e-03
9.0999999930340553e-03
9.4099356305540217e-03
1.0426666672897322e-02
1.1443333330842917e-02
1.2459999995872325e-02
1.2459999995872325e-02
1.2459999995872325e-02
1.2459999995872325e-02
1.2459999995872325e-02
1.2459999995872325e-02
1.2459999995872325e-02
1.2459999995872325e-02
1.2459999995872325e-02
1.2459999995872325e-02
1.2459999995872325e-02
1.2459999995872325e-02
1.2459999995872325e-02
1.2459999995872325e-02
1.2459999995872325e-02
1.2459999995872325e-02
1.2459999995872325e-02
1.2459999995872325e-02
1.2459999995872325e-02
1.3459333324495618e-02
1.4475999900509861e-02
1.4475999900509861e-02
1.4475999900509861e-02
1.4475999900509861e-02
1.4475999900509861e-02
1.4475999900509861e-02
1.4475999900509861e-02
1.4475999900509861e-02
1.4475999900509861e-02
1.4475999900509861e-02
1.4475999900509861e-02
1.4475999900509861e-02
1.4475999900509861e-02
1.4475999900509861e-02
1.4475999900509861e-02
1.4475999900509861e-02
1.4475999900509861e-02
1.4475999900509861e-02
1.4475999900509861e-02
1.4668908552657582e-02
1.5685599852526801e-02
1.5685599852526801e-02
1.5685599852526801e-02
1.5685599852526801e-02
1.5685599852526801e-02
1.5685599852526801e-02
1.5685599852526801e-02
1.5685599852526801e-02
1.5685599852526801e-02
1.5685599852526801e-02
1.5685599852526801e-02
1.5685599852526801e-02
1.5685599852526801e-02
1.5685599852526801e-02
1.5685599852526801e-02
1.5685599852526801e-02
1.5685599852526801e-02
1.5685599852526801e-02
1.5685599852526801e-02
1.5685599852526801e-02
1.6411359910534655e-02
1.6411359910534655e-02
1.6411359910534655e-02
1.6411359910534655e-02
1.6411359910534655e-02
1.6411359910534655e-02
1.6411359910534655e-02
1.6411359910534655e-02
1.6411359910534655e-02
1.6411359910534655e-02
1.6411359910534655e-02
1.6411359910534655e-02
1.6411359910534655e-02
1.6411359910534655e-02
1.6411359910534655e-02
1.6411359910534655e-02
1.6411359910534655e-02
1.6411359910534655e-02
1.6411359910534655e-02
1.6411359910534655e-02
1.6846690096301062e-02
1.6846690096301062e-02
1.6846690096301062e-02
1.6846690096301062e-02
1.6846690096301062e-02
1.6846690096301062e-02
1.6846690096301062e-02
1.6846690096301062e-02
1.6846690096301062e-02
1.6846690096301062e-02
1.6846690096301062e-02
1.6846690096301062e-02
1.6846690096301062e-02
1.6846690096301062e-02
1.6846690096301062e-02
1.6846690096301062e-02
1.6846690096301062e-02
1.6846690096301062e-02
1.6846690096301062e-02
1.6846690096301062e-02
1.7107933810021746e-02
1.7107933810021746e-02
1.7107933810021746e-02
1.7107933810021746e-02
1.7107933810021746e-02
1.7107933810021746e-02
1.7107933810021746e-02
1.7107933810021746e-02
1.7107933810021746e-02
1.7107933810021746e-02
1.7107933810021746e-02
1.7107933810021746e-02
1.7107933810021746e-02
1.7107933810021746e-02
1.7107933810021746e-02
1.7107933810021746e-02
1.7107933810021746e-02
1.7107933810021746e-02
1.7107933810021746e-02
1.7107933810021746e-02
1.7264789622637805e-02
1.7264789622637805e-02
1.7264789622637805e-02
1.7264789622637805e-02
1.7264789622637805e-02
1.7264789622637805e-02
1.7264789622637805e-02
1.7264789622637805e-02
1.7264789622637805e-02
1.7264789622637805e-02
1.7264789622637805e-02
1.7264789622637805e-02
1.7264789622637805e-02
1.7264789622637805e-02
1.7264789622637805e-02
1.7264789622637805e-02
1.7264789622637805e-02
1.7264789622637805e-02
1.7264789622637805e-02
1.7264789622637805e-02
1.7358863462520038e-02
1.7358863462520038e-02
1.7358863462520038e-02
1.7358863462520038e-02
1.7358863462520038e-02
1.7358863462520038e-02
1.7358863462520038e-02
1.7358863462520038e-02
1.7358863462520038e-02
1.7358863462520038e-02
1.7358863462520038e-02
