0.0000000000000000e+00
1.0166666666765192e+01
2.0328871690829189e+01
3.0500000000288864e+01
4.0666665603262906e+01
5.0828869563667453e+01
6.0986612945584021e+01
7.1166666665585055e+01
8.1333333331181862e+01
9.1500000263663253e+01
1.0166666693045971e+02
9.1500000008503960e+01
8.1328870379519429e+01
7.1153276978607479e+01
6.1000000000729287e+01
5.0842263509528067e+01
4.0666666666545169e+01
3.0499999999797481e+01
2.0328870626183814e+01
1.0166666666579578e+01
-2.5960564119138044e-10
-1.0166666666724165e+01
-2.0337796040305722e+01
-3.0499999999942048e+01
-4.0666665601422316e+01
-5.0833333334874936e+01
-6.1000000001326356e+01
-7.1166666402648289e+01
-8.1333333069401107e+01
-9.1499999736042426e+01
-1.0166666640266703e+02
-9.1499999989518301e+01
-8.1337795219243972e+01
-7.1180051027519042e+01
-6.0999999998843556e+01
-5.0824413805491240e+01
-4.0666666665995770e+01
-3.0499999999535149e+01
-2.0337794975671990e+01
-1.0166666666287604e+01
4.6344298871646367e-10
1.0166666667200165e+01
2.0328871690911839e+01
3.0500000000454147e+01
4.0666665603295577e+01
5.0828869563928549e+01
6.0986612946005877e+01
7.1153499436728339e+01
8.1333333327386185e+01
9.1500000251582065e+01
1.0166666693053737e+02
9.1500000008904962e+01
8.1328870379926173e+01
7.1153276979044577e+01
6.1000000000995257e+01
5.0842263509840663e+01
4.0666666667266888e+01
3.0500000000747402e+01
2.0328870626924417e+01
1.0166666667468268e+01
9.6243606515864454e-10
-1.0166666665921360e+01
-2.0337796039839954e+01
-3.0499999999269892e+01
-4.0666665601122844e+01
-5.0837793909732596e+01
-6.1013385989649052e+01
-7.1166666665549812e+01
-8.1324406855372530e+01
-9.1500000021748633e+01
-1.0166670419673817e+02
-9.1499999989034791e+01
-8.1337757424773258e+01
-7.1179975439950695e+01
-6.0999999998958536e+01
-5.0824489391828578e+01
-4.0653442553137374e+01
-3.0499999999415682e+01
-2.0333333332210337e+01
-1.0166666666079585e+01
5.6082923990425968e-10
1.0166666667151079e+01
2.0328871691094310e+01
3.0500000000670326e+01
4.0666665603384068e+01
5.0828869564019101e+01
6.0986612946066444e+01
7.1166666668061666e+01
8.1342255553604673e+01
9.1494903814135640e+01
1.0166666665663615e+02
9.1500000009016063e+01
8.1328870654196066e+01
7.1153277527396384e+01
6.1000000001543256e+01
5.0842262962861767e+01
4.0666666667680062e+01
3.0500000000998696e+01
2.0328870627223189e+01
1.0166666667715692e+01
7.9427592942440165e-10
-1.0166666665684801e+01
-2.0337796039574879e+01
-3.0499999998935209e+01
-4.0666665600644919e+01
-5.0837793909157206e+01
-6.1013385989202035e+01
-7.1166666665028330e+01
-8.1324406854858722e+01
-9.1486607621693082e+01
-1.0166666667196607e+02
-9.1499999988953164e+01
-8.1337794948562561e+01
-7.1180050486874549e+01
-6.0999999998345608e+01
-5.0824414345491888e+01
-4.0666666666073603e+01
-3.0499999999645894e+01
-2.0337794975805330e+01
-1.0166666666527883e+01
-1.6817674034750901e-10
1.0166666666839186e+01
2.0328871690915015e+01
3.0500000000081371e+01
4.0666665602976749e+01
5.0828869563210361e+01
6.0986612945349876e+01
7.1166666666975487e+01
8.1342255552672171e+01
9.1513380667621007e+01
1.0164070778683248e+02
9.1500000009003273e+01
8.1354831607799937e+01
7.1166666670583993e+01
6.1000000001644622e+01
5.0828870625042953e+01
4.0666666666599369e+01
3.0500001065833427e+01
2.0328872757968771e+01
1.0166666666810096e+01
-1.9765511051021896e-10
-1.0166666666979516e+01
-2.0337796040619324e+01
-3.0500000000096470e+01
-4.0666665601948310e+01
-5.0837793910202222e+01
-6.1013385990277172e+01
-7.1166666666152679e+01
-8.1324406855903476e+01
-9.1486607623253263e+01
-1.0167601940489382e+02
-9.1499999990393064e+01
-8.1328442971572798e+01
-7.1161347283691811e+01
-6.0998711862917759e+01
-5.0840535645937209e+01
-4.0666666672041274e+01
-3.0500000002307630e+01
-2.0337794975212994e+01
-1.0166666666856262e+01
-5.4702416823284112e-10
1.0166666666155031e+01
2.0328871690413045e+01
3.0499999999548930e+01
4.0666665602246731e+01
5.0828869562342589e+01
6.0986612944458813e+01
7.1166666667221790e+01
8.1342255553613157e+01
9.1513380669149683e+01
1.0166329766874993e+02
9.1500000009058525e+01
8.1332239912709753e+01
7.1160016314034152e+01
6.0983328148208827e+01
5.0833333333100562e+01
4.0678881388541100e+01
3.0499999998853450e+01
2.0333333333062921e+01
1.0166666666847274e+01
1.4787373086120705e-10
-1.0166666666202286e+01
-2.0337796040142610e+01
-3.0499999999528164e+01
-4.0666665601121537e+01
-5.0837793909444940e+01
-6.1013385989930882e+01
-7.1166666665488492e+01
-8.1324406854853208e+01
-9.1486607621366630e+01
-1.0166788012927813e+02
-9.1499999989600070e+01
-8.1336581590541869e+01
-7.1177623867768318e+01
-6.0999999999106414e+01
-5.0826840769863594e+01
-4.0658145114981160e+01
-3.0493911968740868e+01
-2.0334140267621788e+01
-1.0166666665472363e+01
2.1458452044078867e-10
