2.0000000000000020e+02
2.0000000000000020e+02
2.0000000000000020e+02
2.0000000000000020e+02
2.0000000000000020e+02
2.0000000000000020e+02
2.0000000000000020e+02
2.0269999999868543e+02
2.0879999999666757e+02
2.1489999992982041e+02
2.2099999992981569e+02
2.2099999992981569e+02
2.2099999992981569e+02
2.2099999992981569e+02
2.2099999992981569e+02
2.2099999992981569e+02
2.2099999992981569e+02
2.2099999992981569e+02
2.2099999992981569e+02
2.2099999992981569e+02
2.2099999992981569e+02
2.2099999992981569e+02
2.2099999992981569e+02
2.2099999992981569e+02
2.2099999992981569e+02
2.2409999988997848e+02
2.3019999988966089e+02
2.3629999995820634e+02
2.4239999995821242e+02
2.4849999995820696e+02
2.5459999995820453e+02
2.5459999995820453e+02
2.5459999995820453e+02
2.5459999995820453e+02
2.5459999995820453e+02
2.5459999995820453e+02
2.5459999995820453e+02
2.5459999995820453e+02
2.5459999995820453e+02
2.5459999995820453e+02
2.5459999995820453e+02
2.5459999995820453e+02
2.5459999995820453e+02
2.5459999995820453e+02
2.5459999995820453e+02
2.5459999995820453e+02
2.5459999995820453e+02
2.5645961378332424e+02
2.6256000003738416e+02
2.6865999998505765e+02
2.7475999997523405e+02
2.7475999997523405e+02
2.7475999997523405e+02
2.7475999997523405e+02
2.7475999997523405e+02
2.7475999997523405e+02
2.7475999997523405e+02
2.7475999997523405e+02
2.7475999997523405e+02
2.7475999997523405e+02
2.7475999997523405e+02
2.7475999997523405e+02
2.7475999997523405e+02
2.7475999997523405e+02
2.7475999997523405e+02
2.7475999997523405e+02
2.7475999997523405e+02
2.7475999997523405e+02
2.7475999997523405e+02
2.8075599994697376e+02
2.8685599940305929e+02
2.8685599940305929e+02
2.8685599940305929e+02
2.8685599940305929e+02
2.8685599940305929e+02
2.8685599940305929e+02
2.8685599940305929e+02
2.8685599940305929e+02
2.8685599940305929e+02
2.8685599940305929e+02
2.8685599940305929e+02
2.8685599940305929e+02
2.8685599940305929e+02
2.8685599940305929e+02
2.8685599940305929e+02
2.8685599940305929e+02
2.8685599940305929e+02
2.8685599940305929e+02
2.8685599940305929e+02
2.8801345131594570e+02
2.9411359911516092e+02
2.9411359911516092e+02
2.9411359911516092e+02
2.9411359911516092e+02
2.9411359911516092e+02
2.9411359911516092e+02
2.9411359911516092e+02
2.9411359911516092e+02
2.9411359911516092e+02
2.9411359911516092e+02
2.9411359911516092e+02
2.9411359911516092e+02
2.9411359911516092e+02
2.9411359911516092e+02
2.9411359911516092e+02
2.9411359911516092e+02
2.9411359911516092e+02
2.9411359911516092e+02
2.9411359911516092e+02
2.9411359911516092e+02
2.9846815946320805e+02
2.9846815946320805e+02
2.9846815946320805e+02
2.9846815946320805e+02
2.9846815946320805e+02
2.9846815946320805e+02
2.9846815946320805e+02
2.9846815946320805e+02
2.9846815946320805e+02
2.9846815946320805e+02
2.9846815946320805e+02
2.9846815946320805e+02
2.9846815946320805e+02
2.9846815946320805e+02
2.9846815946320805e+02
2.9846815946320805e+02
2.9846815946320805e+02
2.9846815946320805e+02
2.9846815946320805e+02
2.9846815946320805e+02
3.0108014057780650e+02
3.0108014057780650e+02
3.0108014057780650e+02
3.0108014057780650e+02
3.0108014057780650e+02
3.0108014057780650e+02
3.0108014057780650e+02
3.0108014057780650e+02
3.0108014057780650e+02
3.0108014057780650e+02
3.0108014057780650e+02
3.0108014057780650e+02
3.0108014057780650e+02
3.0108014057780650e+02
3.0108014057780650e+02
3.0108014057780650e+02
3.0108014057780650e+02
3.0108014057780650e+02
3.0108014057780650e+02
3.0108014057780650e+02
3.0264760286013063e+02
3.0264760286013063e+02
3.0264760286013063e+02
3.0264760286013063e+02
3.0264760286013063e+02
3.0264760286013063e+02
3.0264760286013063e+02
3.0264760286013063e+02
3.0264760286013063e+02
3.0264760286013063e+02
3.0264760286013063e+02
3.0264760286013063e+02
3.0264760286013063e+02
3.0264760286013063e+02
3.0264760286013063e+02
3.0264760286013063e+02
3.0264760286013063e+02
3.0264760286013063e+02
3.0264760286013063e+02
3.0264760286013063e+02
3.0358873773582707e+02
3.0358873773582707e+02
3.0358873773582707e+02
3.0358873773582707e+02
3.0358873773582707e+02
3.0358873773582707e+02
3.0358873773582707e+02
3.0358873773582707e+02
3.0358873773582707e+02
3.0358873773582707e+02
3.0358873773582707e+02
3.0358873773582707e+02
3.0358873773582707e+02
3.0358873773582707e+02
3.0358873773582707e+02
3.0358873773582707e+02
3.0358873773582707e+02
3.0358873773582707e+02
3.0358873773582707e+02
3.0358873773582707e+02
3.0415318077512040e+02
3.0415318077512040e+02
3.0415318077512040e+02
3.0415318077512040e+02
3.0415318077512040e+02
3.0415318077512040e+02
3.0415318077512040e+02
3.0415318077512040e+02
3.0415318077512040e+02
3.0415318077512040e+02
3.0415318077512040e+02
