0.0000000000000000e+00
2.9793766442710063e-12
3.1454367244311769e-12
-8.9920914102686297e-12
5.1203900661031936e-11
8.7590296692604099e-11
-3.3993702218022700e-12
2.4841508175142654e-11
2.2110973376120977e-11
-1.5448528039392772e-12
1.7283378855045913e-11
-1.0697040601138344e-11
6.0867015670279877e-11
5.3608712745232032e-11
-3.7947623053792757e-11
-3.7053763806794008e-11
1.1173230482919899e-11
-4.6478410931654904e-11
-2.3218666050616429e-11
-2.4129386222207717e-12
-5.3972394654933583e-11
-4.8007946249297135e-11
2.2616480526236420e-11
-3.5957423662424713e-11
6.2290352000199721e-11
-1.1415187473867256e-11
1.0412565349357767e-11
-7.9253912712587202e-12
-6.0258690164310291e-12
-1.8500796211387215e-11
-3.5247701247066963e-11
7.6003533075963963e-11
7.6675708151325964e-11
9.0346037285471697e-11
2.1260482694735274e-11
-1.5741548714284114e-11
-4.4705877028761532e-12
-6.7459150273655832e-11
-7.5084418371578713e-11
-1.1701314726461557e-10
-6.0574080262172963e-11
-5.0275938024484891e-12
-2.3805903358912598e-11
-5.1433423294915714e-11
-9.6395260498609547e-11
-8.8914518494033650e-11
-5.5006728279657264e-11
-5.8644689363024086e-11
-6.7072474232818657e-11
-9.5040864554054635e-13
-4.6183215656965322e-11
2.6822150324569644e-11
2.7827570267205674e-11
1.6253013950821877e-11
2.2810728433065747e-11
-5.1652751228545298e-12
-3.0871867888003782e-11
-6.8246161706631262e-11
-6.3008135198066743e-11
-4.3276715506330415e-13
3.0893861968685465e-11
-5.1113240200981354e-11
-8.0800091963493220e-11
4.3585170838878321e-11
1.1194911967622076e-10
1.3287206321523362e-10
2.8484837658059373e-10
4.2969776487796519e-11
-1.6271470288183821e-10
6.3178185588158297e-11
6.5359813695535021e-11
-1.2783285803513464e-11
-5.3427865633814063e-11
-1.1877927659639502e-10
7.6508969384284798e-12
9.8299332269459747e-11
2.2941970244369737e-10
-4.6707831836933164e-11
-1.3928337550811453e-11
9.1262553388241825e-12
3.2669430349597025e-11
1.5816051124399662e-11
2.5703710475685396e-11
5.3179302312651054e-11
2.1393410797235977e-11
6.2016264964085606e-11
9.2403208248781351e-12
1.1703113609737427e-10
1.3604551463308428e-10
1.1736550411567696e-10
4.2386757324331286e-11
-2.5097248888644178e-11
-4.7102601822895255e-11
-2.2441784259884818e-10
-1.7436131774169563e-11
1.0316392038700194e-10
-6.8477228726472376e-11
-2.4892445488767204e-11
-4.4060297750366939e-13
-6.7056668644390837e-12
-6.2760431607406422e-11
-8.8153512813567584e-11
-1.3455975082420876e-10
-1.3791193465405420e-10
-8.9727838491211167e-11
-7.7721480203418375e-11
-4.5558896141149969e-11
-3.3819827661146054e-11
-5.0685934272209036e-11
5.3255808270276363e-12
-8.6118428991331936e-11
-4.0307813856821187e-11
-2.1442384112014274e-11
3.8386736520070118e-11
-8.8659580905209145e-12
3.9466921444282682e-11
-1.3111980754519834e-10
5.6734695410244799e-12
4.7522206546874818e-11
-3.6713761663202165e-11
1.4025684200654029e-11
7.6287627367199480e-11
4.8322223689190683e-11
-8.0343408186061761e-12
2.6662857073333232e-11
2.3174628701587688e-11
2.5658815815139486e-11
-2.0443009992350022e-11
7.5986362395944535e-12
2.8669027488476063e-11
-4.7641974085868419e-12
1.2457130054788691e-11
6.6879020411586263e-11
2.0492872574771517e-11
-4.5776993084187992e-11
-1.7058234779501087e-11
3.0023432300742560e-11
7.3208922977668001e-11
5.8234397148616284e-11
-8.0749375139327472e-12
2.7973629185360612e-11
-5.7020724690350003e-11
-2.0687809003562796e-11
-5.2131865306130190e-11
2.9869957478882894e-11
7.4541478222827033e-11
1.1115671632152501e-10
-6.4564802223450113e-12
-1.8895826253446314e-10
-3.2223237850656065e-10
-6.3572057593352148e-11
-8.1717676500156495e-11
-1.1608564432882477e-10
-8.4290817363880035e-11
-1.0041449531740197e-10
-8.9421880877769078e-11
-5.0842293019357443e-11
-5.7366224402970531e-11
5.9932404740737122e-11
-1.1018970642579945e-10
-6.5474874461721533e-11
-1.0419440289869269e-10
-7.1738827343756416e-12
-9.6294911202649216e-11
-1.7110965117052321e-10
-2.9476017496176981e-10
-3.4861995441537132e-10
-7.5742045705583072e-11
2.4167822324243139e-10
4.5456631003016993e-10
9.6852264612024701e-11
5.4060886288454171e-11
1.5233229755995418e-11
6.0919709497720095e-11
-3.1903869024841337e-11
-7.5875571217519533e-11
-1.4266006795574957e-10
-3.7939434783779373e-11
-5.3989251039334428e-11
-8.5758571840061468e-12
-8.4374044199225064e-11
-6.8545437575743408e-11
-1.3785794849207347e-10
3.9462561567179390e-11
1.2309209774354782e-10
2.2093876330680303e-10
2.6139477530362769e-10
-2.2164694500909792e-11
-3.6692876734704917e-10
-7.9055365652181233e-10
-8.3810902420868575e-11
-6.8022404919578076e-11
-9.5569085897471779e-11
1.7412854572458531e-11
-6.4706439296442437e-11
-6.1876097762586285e-11
-2.6033152987519952e-11
7.6082774787664992e-12
-3.0437420666154375e-11
-1.4253227601346112e-11
-3.6368890083713565e-11
