0.0000000000000000e+00
4.5313282989072860e-12
-4.6630121764892947e-11
-7.8942217635862837e-12
-3.2279969738799019e-11
-5.1605926447281906e-11
-1.1872660128348408e-10
5.7624944527469923e-11
2.0779441490525081e-11
-6.0952845170214323e-12
9.8022809016193670e-12
-1.0624896865978196e-11
3.8701206509803630e-11
5.9271530111503918e-11
1.6673035833015719e-11
-1.6717921950392782e-10
-3.0177705643958685e-11
-1.1382428675583187e-10
-1.6432525793301223e-10
-2.3478425563430495e-11
-4.8094648396762377e-11
2.6068398616715378e-11
4.3380266527343953e-11
-9.1697319684470528e-11
-7.0495537257448738e-11
2.3764840169045156e-11
2.7684533090811998e-12
4.5068293884144938e-11
-1.6295081711274005e-11
3.0822694568006658e-11
-3.1689657408169842e-11
2.4067997743221688e-11
9.7758834588714775e-11
9.4242495780942123e-11
5.7249212709244587e-11
2.5969217374952062e-11
5.7795436855362655e-11
-8.7966043798388547e-12
4.1874615087325006e-11
-6.7005848328693726e-11
-1.1423645461580101e-10
-7.0101569569667995e-11
-1.1799667895415740e-10
5.1711821366856960e-11
1.0103600556817840e-10
2.1989233983569565e-10
3.1571492729854638e-10
2.9663075461129315e-11
-7.6467191117245507e-11
2.3334478341327215e-11
-3.7850810303510900e-11
4.6478736867659398e-11
5.0086695436162207e-11
-1.7620281685833704e-12
5.0681607683871659e-11
-1.0058129840526401e-11
3.5375063124598453e-11
1.5907504849692055e-12
-5.4321123330663345e-11
6.8714823955502769e-11
5.3149288310877895e-11
-4.6715907977252382e-11
-3.7856970956541160e-11
-1.3347366488267119e-11
3.0479617799924681e-11
1.4801751834098473e-10
2.8665767968630279e-10
6.9603966931139107e-11
-1.0057795104837194e-10
5.9992189715188766e-11
-1.2162000703313747e-11
-6.6883059667863204e-11
-4.2764674616172602e-11
-1.5932803650006538e-10
-1.2195994895697004e-10
-7.6202102848553801e-11
-4.1310408323926978e-11
-5.7659893853272268e-11
-9.7261004996254740e-12
-4.1302366111584103e-11
4.9784526505255951e-11
-1.7369841143288787e-11
-1.1143907367620590e-10
-3.8782585106777120e-11
-2.8938308862710816e-11
8.7243068982920241e-11
1.2615487320463289e-10
6.4270417041249729e-11
-1.3303243071264127e-10
-3.3991194733450328e-12
-4.9535452754656754e-12
-1.9971049991642230e-11
-6.3587495537195238e-11
-1.5309657034339575e-10
-1.0875673356195704e-10
1.0573087299863714e-10
2.8162342623233017e-11
-2.1737418674972636e-11
-7.1010035578957226e-11
1.0918755360216293e-10
6.1364421236675768e-11
-2.3479530521947221e-11
-6.6959947838741336e-11
3.8027324515607845e-11
1.4622188727768280e-10
3.0321439072872497e-10
3.6882882708502572e-10
8.2422688131189180e-12
-3.3461406219254162e-10
-6.2611219146612827e-10
3.9287445277482848e-11
-5.4954033367869782e-11
-1.3564842386731213e-10
-1.9982228059973716e-10
7.0190552922153239e-11
3.3171887836425023e-10
8.1818524186834027e-11
7.6718952911585331e-11
2.4141597406051558e-11
6.0953342276512556e-11
2.2573771691216129e-11
9.8854662246831757e-11
3.3171490151692537e-11
9.7701628615830065e-11
1.9191877184302150e-10
2.7273297548655386e-10
4.9844587042433856e-10
6.2870300803781538e-11
-2.9584436540609082e-10
-5.6033717488444088e-10
-1.2958996500571966e-10
1.0573238392313237e-10
2.9041908120998879e-10
7.2728314889673875e-11
4.8159159524654740e-11
4.7546194711373698e-11
6.9381086651911087e-11
9.6317268820781811e-11
-1.4523032809221400e-11
-1.2013106101029192e-11
7.5790104441134399e-11
-7.5842488677197515e-12
-1.8612901143104904e-11
2.5049084284799656e-11
7.1699536250389432e-11
6.9943152478483753e-11
1.5786207347105285e-10
2.1392313938556651e-11
-1.9956553192711409e-10
-3.2958965765759690e-10
2.2385541268124745e-11
7.3566719317050726e-11
1.0356646132226087e-11
1.4059061404536130e-10
1.3990261999169210e-10
2.3451645796094916e-10
-1.1879375707754406e-11
2.6610032762447669e-11
1.7744547980166403e-11
2.3439343202314633e-11
3.5383433756406531e-11
-1.4343601845072940e-11
1.0324661859478251e-10
8.4331611671705710e-13
1.1110845038065434e-10
5.0779777370939470e-11
1.7289599407394627e-10
1.0067740517254108e-10
1.5163431412058941e-10
9.3400540985371677e-11
9.1446772187300137e-11
1.0564460853414036e-10
2.0808949519869085e-10
1.9486377328656932e-10
2.2100961794102887e-10
1.0971881776503666e-10
-2.4656430009031493e-11
7.1940134368843880e-11
1.2306783695386936e-10
1.6297695053465486e-10
7.4823717144408416e-11
8.6574865987189437e-11
3.7600968119924801e-11
8.5917449121727246e-11
4.9689977806471718e-11
9.0513239495697852e-11
1.4637352062388340e-10
1.0442948868816957e-10
1.0275530086359384e-10
4.5271686060243021e-11
9.8942843335947130e-11
1.4208905735317046e-10
1.0124864584253527e-10
1.5750078246763381e-10
9.2683679831152379e-11
8.5577649117660519e-11
2.4581978217142878e-11
4.3532277201196362e-11
1.5750169023616696e-11
1.7043276643989018e-10
5.1442654319913284e-11
