0.0000000000000000e+00
-3.9969105883523218e-11
-7.3953826038939927e-11
2.5216180217671134e-11
5.4266415702925608e-11
4.2688704924728482e-11
6.2987821167299511e-11
-4.5386451545989421e-11
8.1150075753058390e-11
-4.4877445492728022e-11
2.3553282132290734e-11
-3.5991110975420313e-11
-3.2220698640433586e-11
-1.4636150971541632e-10
-5.2290683514325280e-11
-5.4846506999601392e-11
-6.0038832479869295e-12
-4.7266509870942173e-11
-8.9622134069450382e-11
-4.3388935847811263e-12
-2.1523996586519519e-11
-8.0908528017162730e-11
-2.0253226726736086e-11
-4.4981357111936514e-11
1.1908819312211133e-12
-1.0869435782293127e-10
-4.6655593226397142e-11
-4.1143154444277303e-11
-2.4502526916011946e-11
-3.4412825303588975e-11
-8.7358080778855596e-11
-4.0200211367812935e-11
5.5658412711110732e-11
5.4391663600919750e-11
-6.8787728439500624e-11
-3.5413089103783796e-11
-8.1732468369571568e-11
-4.5658866100936926e-11
5.8331189413203084e-11
-7.0608357000944437e-11
-8.9250950760763213e-11
-4.9173520400225904e-11
-6.8358464996772622e-11
4.1812384051347571e-12
4.9328385022166467e-11
1.4670000058414344e-10
1.4833311922144444e-10
1.3274889629621850e-11
-4.1413907898163878e-11
-3.3531847182427672e-11
-4.5015170923378552e-11
1.0368838137274751e-12
-1.4724264210982711e-11
7.6105347887005143e-12
-1.2799000090827796e-10
-8.0237810621798208e-11
3.3507944288207489e-11
1.9510464832566898e-11
-7.9331146684016446e-11
-9.4323372692772305e-11
1.8007350619634192e-11
-5.4634457398725648e-11
-5.0690971479949675e-11
-3.5318843697601792e-11
7.1450449513569524e-11
8.2731279216330261e-11
2.2077039996047023e-10
2.6464094070261677e-11
-1.5354503311733733e-10
2.0690318073708017e-11
1.2207141062133786e-11
-3.8027310629752234e-11
-1.7058438161302527e-10
-1.1199414982197429e-10
-1.0543195722406396e-10
9.6931081416600913e-11
2.8018755137092390e-10
4.1609116022121924e-11
9.7496023668498094e-11
6.7699189942214591e-11
-3.4952041136503860e-11
1.8159782998934316e-11
4.4957589789012997e-11
5.4258107693593064e-11
8.3561139968310083e-11
2.0901513338162905e-10
2.0650087498070604e-10
5.5232180155595036e-11
-8.3250308327360288e-11
1.1981393630459543e-10
6.1451216706640799e-11
5.4113695795161499e-11
8.5928315908215643e-12
-1.2607280896645206e-10
1.6139947053175241e-11
7.5983486804251891e-11
3.9020229734566370e-11
7.0777861687658081e-11
4.9620519950800385e-11
4.7062300591050449e-11
-3.3552947832875904e-11
-3.5732511717838617e-11
1.1494903245157601e-10
4.3880728237132908e-11
2.3519956906734004e-11
-1.0107602201244916e-11
-3.7769874781640876e-13
7.4177918000663033e-11
5.5813349861904537e-11
1.7143117569830588e-10
-7.7760782529524978e-11
2.1342796762531322e-11
-5.6191463591683009e-11
8.2231360864435722e-12
-5.7850478106860776e-12
2.0547373249199438e-11
-1.1679875008798779e-10
-6.9531674900467459e-11
-8.1087662588673638e-11
-4.9357614770860628e-11
-1.0077776768934541e-10
-8.0023454506693231e-12
6.6737657793848599e-11
-5.0574970794675845e-11
-5.5700412653624967e-11
-7.3942147711981428e-11
-5.1414272982482613e-11
-1.8273587069258070e-11
2.8672576552903991e-11
1.3678292980333723e-10
7.0957892997040915e-11
1.5042109420429669e-10
1.6653563464768092e-10
2.5842280113686249e-11
6.1130029928231456e-12
2.6299691515605908e-11
2.6270949337830174e-11
9.0896720147910321e-11
4.9927729659273401e-11
2.6105587891038839e-11
2.8621772906046981e-11
7.4402559837523298e-11
1.6763649012864660e-10
8.5784194207344522e-11
2.3935697787968298e-11
-5.6899425610293910e-11
-9.9768851758593663e-11
-2.4517405250038266e-11
8.4731196800690302e-12
1.3938061633037990e-10
5.2981488304894910e-11
-6.7424265064589440e-11
-1.9200965844512790e-10
-1.3044251300680549e-10
-2.6063724166722295e-10
-3.3397138435523696e-10
-1.4112268674296963e-10
-1.0447299355679298e-10
-6.8830240276805283e-11
-1.7644631827751178e-10
-1.2545074093924108e-10
-1.4659557995287079e-10
-1.0956086102967042e-10
-1.2549371174241419e-10
-1.0929461623043143e-10
-1.0513474958476977e-10
-9.7228411940720887e-11
-1.3395368589942617e-10
-1.7365034006573551e-10
-2.1856538067341254e-10
-1.5595466715390458e-10
-9.8919569287428496e-11
-6.5798938863324608e-11
-2.3823956846793088e-11
7.2375037587275007e-11
-1.6728758400142789e-10
-4.8630212410060613e-10
-1.7322384428460720e-10
-1.1295331765821986e-10
-9.4525643283902352e-11
-2.5515729903678813e-10
-1.5070062586348265e-10
-1.0448432848034988e-10
-1.3389892157601763e-10
-2.1504950418855773e-10
-3.0038885117220186e-10
-2.9845053666116617e-10
-1.9061379478475411e-10
-3.6274793042593897e-11
3.1189973049021917e-11
-1.4953485355693037e-10
-1.4541725449781904e-10
-1.2762313570242159e-10
-3.6173167196940927e-11
-1.7088214410203408e-10
-1.9091848480768260e-10
-2.5386458407928557e-10
-3.0673703993188547e-10
-3.1759776083496776e-10
-1.7973296682489514e-10
-1.7347792921792385e-10
