0.0000000000000000e+00
1.7141462179681544e-10
-3.4029990317952152e-03
6.0743454303830646e-10
-7.0741999828854560e-07
-3.4044146901101554e-03
-1.0210412726578274e-02
1.0533132344729788e-09
3.3750421292992011e-09
3.8064096137542670e-07
3.8070284690280855e-07
1.0412716920596306e-07
-3.4038805096406983e-03
-1.0212282377741803e-02
1.8872747375784873e-09
6.8107047998487965e-03
2.0510170813144717e-10
3.7334582830497824e-11
-3.4037079631261593e-03
2.2255563427938021e-10
-1.9484449322655166e-10
-3.6179454694281645e-11
-3.4037079220474464e-03
3.6425166409087824e-10
7.1002633435435941e-07
2.3555647420129057e-09
1.9853431889867944e-09
3.8155177144497461e-07
3.8145240262922001e-07
3.8149791359646580e-07
3.8153442726633402e-07
1.0073590913504685e-07
-3.4031795630011540e-03
-1.0208750519358871e-02
2.2214047716426092e-09
6.8036296391193072e-03
9.0158537922815930e-10
7.1863443935031959e-10
-3.4029986799053264e-03
6.6406858288676402e-10
4.5210027287563171e-10
4.9323796008236791e-10
-3.4029989401167925e-03
7.3097825430851007e-10
-7.0749198728577182e-07
-3.4044145931973694e-03
-1.0210412445666417e-02
-1.2523459855242065e-02
7.4573784371696686e-09
3.5214877260617784e-07
3.8084971793688525e-07
1.0464704142837417e-07
-3.4038800352279154e-03
-1.0212281986238676e-02
2.1730047639697245e-09
6.8107050976403596e-03
8.8855466623604751e-10
9.7647871236718139e-10
-3.4037072729860380e-03
1.0701759265857558e-09
1.0178756842265155e-09
7.1647770697508428e-10
-3.4037075526758081e-03
1.0613491735175588e-09
7.1039922861620690e-07
-3.4022881235100675e-03
-1.0209703466677345e-02
2.2324654164216598e-09
6.8081261985002313e-03
3.1562793392271995e-08
-3.8383237359243021e-05
1.0117294242447693e-07
-3.3644131483264927e-03
-1.0131217630848066e-02
2.2172652312839859e-09
6.7260953118660743e-03
1.0047771265130685e-02
8.8025366228993217e-10
1.6081103771725854e-09
6.7276025998491221e-10
6.0236624928198211e-10
4.8806541226061418e-10
-3.4029987334616711e-03
9.7448481280612446e-10
-7.0725398210158744e-07
-3.4044143091262885e-03
-1.0210412086215358e-02
2.5899691170654805e-09
6.8052910005093580e-03
-4.8498290954367080e-03
1.4622100259950986e-08
1.0479834482687679e-07
-3.4035132365858403e-03
-1.0211548719329857e-02
2.7646094937710875e-09
6.8099732133804448e-03
1.3145467795814502e-09
1.2454014518771810e-09
-3.4037068774628743e-03
1.2578959739019110e-09
7.3941562719337751e-10
1.0089987694309597e-09
-3.4037072019478401e-03
1.2389247722759836e-09
7.1064631476907023e-07
-3.4022880437525925e-03
-1.0209703454929581e-02
2.6053216832613526e-09
6.8081270954744103e-03
1.0213962070503894e-02
9.5070806616295957e-09
1.0185261063665148e-07
-3.4028050798409815e-03
-1.0208002709034167e-02
2.7737873925974087e-09
6.8028824672307104e-03
7.3804309136068396e-10
5.3207853858519958e-10
-3.4029988768645783e-03
3.0175011266481228e-10
-2.0702956131728092e-10
1.6825482347130483e-10
-3.4029988726403610e-03
3.6027190959180060e-10
-7.0787080030572785e-07
-3.4044154721683726e-03
-1.0210413355681671e-02
1.2729635922207938e-09
6.8052901063019294e-03
1.0206162410391691e-02
-2.4700364902314441e-02
1.0342834591965083e-07
2.1297705117340256e-02
3.6113606095820044e-09
1.6103869165573669e-09
-3.4037090637835670e-03
1.3491430110961009e-10
7.1016008621069960e-07
-3.4022879848509932e-03
2.8993179317028707e-10
-3.6189119510980221e-10
-4.0945475220353293e-10
-3.4037082996882049e-03
-1.1843174620537038e-11
7.0937897580925443e-07
-3.4022889338412342e-03
-1.0209704344797836e-02
1.5344726655913433e-09
6.8081257600375268e-03
1.0213960116120521e-02
-8.8967008634082603e-03
1.0112480910062609e-07
5.4935986949272335e-03
7.5845009633684337e-03
6.2735163974414563e-03
1.5613530827621673e-03
-2.7149532182932442e-09
-1.9244545850521372e-09
-3.4030003863553177e-03
-1.9885773639924716e-10
-8.3421876109862706e-10
-7.5118448392884247e-10
-3.4029997595611517e-03
-4.6033220429636016e-10
-7.0871669051262177e-07
-3.4044161986474981e-03
-1.0210414085615419e-02
1.4652703377470025e-09
6.8052907064622397e-03
1.0206163418194542e-02
-3.2063267992218586e-03
1.0305431572140885e-07
-1.9706575613941552e-04
-3.7985434410718537e-03
-1.0805038835081882e-02
2.0434252694813239e-09
7.4052620020290151e-03
2.9612457548266533e-10
4.2867290960701028e-10
1.3421445680079087e-10
1.5294646912545189e-10
5.0625254287217305e-10
-3.4037077594005756e-03
7.5081275852224339e-10
7.1044722617827291e-07
-3.4022878746597443e-03
-1.0209703635296852e-02
2.2590499421146882e-09
6.8081266563768837e-03
1.0213961458149672e-02
-1.1539021455318598e-03
1.0224562526316930e-07
-2.2489325646028809e-03
-7.9002975828880492e-03
1.7578915384208705e-09
4.4952552793921120e-03
5.5861720967761447e-03
3.2734623451156249e-03
-2.4421661443396522e-03
1.0719191891486312e-09
1.8609127229636807e-10
