0.0000000000000000e+00
7.4198285426899602e-11
-3.4029990599870876e-03
5.1224385622123094e-10
-7.0759867682104034e-07
-3.4044150210241816e-03
-1.0210412922842598e-02
1.1659983618496204e-09
3.4312901307826357e-09
3.8061838313870290e-07
3.8083148771963564e-07
1.0412741706665058e-07
-3.4038805535660001e-03
-1.0212282462844360e-02
1.7762240960530407e-09
6.8107046162802047e-03
1.2881435115835370e-10
-4.8661806344176513e-11
-3.4037080727828614e-03
3.2691925649558819e-11
-3.3641239257974485e-10
-2.0440802328219825e-10
-3.4037081313062706e-03
2.1716514672726879e-10
7.0997629702981394e-07
2.1388615239599939e-09
1.8808234353270439e-09
3.8148874948296302e-07
3.8143644010747118e-07
3.8142355022547651e-07
3.8146296382274907e-07
1.0061468224239743e-07
-3.4031796982069849e-03
-1.0208750576183777e-02
2.2999929854065543e-09
6.8036296304066065e-03
9.4823723819711284e-10
8.6336551671425237e-10
-3.4029984876528326e-03
7.9529682030044651e-10
6.3326305444181181e-10
7.1953353444368436e-10
-3.4029989561152876e-03
9.3583288623119030e-10
-7.0700023219370771e-07
-3.4044139750587549e-03
-1.0210411649888621e-02
-1.2523459695395062e-02
7.4413397426814287e-09
3.5222985501016734e-07
3.8085081842493062e-07
1.0458355571424540e-07
-3.4038799997292493e-03
-1.0212281865251062e-02
2.0363983010709342e-09
6.8107048115582328e-03
9.4313264350810648e-10
1.1813357451218077e-09
-3.4037069677599367e-03
1.1083892726764934e-09
1.0253478321679703e-09
8.9478213982545239e-10
-3.4037073564196748e-03
9.9972858903033065e-10
7.1034885279427441e-07
-3.4022882673806951e-03
-1.0209703526522399e-02
2.3325731273560822e-09
6.8081265487564217e-03
3.1677046967675295e-08
-3.8383217017385733e-05
1.0122286245177235e-07
-3.3644131272925698e-03
-1.0131217606210141e-02
2.0076122324293497e-09
6.7260950640798210e-03
1.0047770981952425e-02
7.9744170696433541e-10
1.7620887952105290e-09
6.0085490651583844e-10
5.0980022132280778e-10
4.5659300696565330e-10
-3.4029989840084680e-03
8.3094888964362425e-10
-7.0726883058047051e-07
-3.4044142677294442e-03
-1.0210411947484102e-02
2.3832363207896683e-09
6.8052903622157820e-03
-4.8498293117261336e-03
1.4587777385754724e-08
1.0467353701456158e-07
-3.4035134800176683e-03
-1.0211548801762595e-02
2.6726448959053004e-09
6.8099732834306821e-03
1.2840715010370675e-09
1.3326155687948256e-09
-3.4037069572007755e-03
1.2847264879499160e-09
6.6246075523614100e-10
9.7215629839250677e-10
-3.4037072622085203e-03
1.3553036496786178e-09
7.1078252521285246e-07
-3.4022876220407209e-03
-1.0209703103696852e-02
2.7551171044569788e-09
6.8081267831912881e-03
1.0213961352263805e-02
9.5368735948062726e-09
1.0185926026358796e-07
-3.4028050588520956e-03
-1.0208002830603809e-02
2.8839850986419007e-09
6.8028827015471898e-03
9.2218195757179297e-10
7.0512247884280444e-10
-3.4029986544224892e-03
5.7274874389154779e-10
-1.1790236238209319e-10
3.2109325203001933e-10
-3.4029988028745533e-03
5.5590605066213004e-10
-7.0752338733561905e-07
-3.4044150329992492e-03
-1.0210412685293289e-02
1.6034556178465888e-09
6.8052901937429326e-03
1.0206162332406557e-02
-2.4700364728713911e-02
1.0364429297775927e-07
2.1297705359186181e-02
3.8738223200567038e-09
1.8367033015811767e-09
-3.4037089387955318e-03
1.1603034272581138e-10
7.1028809303781590e-07
-3.4022878970442769e-03
4.9409225768746681e-10
-1.8485647026765728e-10
-1.8265365607358534e-10
-3.4037081999048952e-03
3.1613279481113493e-10
7.0961806632610911e-07
-3.4022885686923448e-03
-1.0209704063630727e-02
1.7447973189995625e-09
6.8081260503510023e-03
1.0213960125572994e-02
-8.8967007305382796e-03
1.0123775763029894e-07
5.4935987458643917e-03
7.5845011267741272e-03
6.2735166384106861e-03
1.5613532864780174e-03
-2.3116098039071309e-09
-1.5206698205364534e-09
-3.4030000573423858e-03
2.5595820028106755e-10
-4.5146295998699379e-10
-3.5006612819073611e-10
-3.4029993667082543e-03
1.8154746915722112e-11
-7.0822562949029481e-07
-3.4044157710723419e-03
-1.0210413315619645e-02
1.7798107559897866e-09
6.8052906357166341e-03
1.0206162951110371e-02
-3.2063266697881653e-03
1.0334018197558332e-07
-1.9706546912693853e-04
-3.7985431026786400e-03
-1.0805038563323283e-02
2.1746241113567449e-09
7.4052619779585369e-03
4.3339053156606401e-10
6.7816580844764265e-10
4.2056556583500064e-10
3.2936925857663722e-10
6.7365462779652185e-10
-3.4037075756205449e-03
9.4531388696436076e-10
7.1042445440664198e-07
-3.4022878100994753e-03
-1.0209703815945895e-02
2.4570176988352068e-09
6.8081272255589957e-03
1.0213962431019907e-02
-1.1539019651274670e-03
1.0225479763035458e-07
-2.2489324804809366e-03
-7.9002973923699930e-03
1.9921261589304374e-09
4.4952553197151772e-03
5.5861720574718176e-03
3.2734621769275841e-03
-2.4421662826700974e-03
1.2702281114094280e-09
3.8639532112634167e-10
