0.0000000000000000e+00
3.0499999999927162e+01
6.0996824069625248e+01
9.1499999999187168e+01
1.2199999893231663e+02
1.5249682193556893e+02
1.8299047007522609e+02
2.1349999999342631e+02
2.4399999998333627e+02
2.7449999964910114e+02
3.0499999964907795e+02
2.7449999971312991e+02
2.4399682278015314e+02
2.1349046778308315e+02
1.8299999999669262e+02
1.5250635841446001e+02
1.2199999999913443e+02
9.1499999999409184e+01
6.0996823002605097e+01
3.0499999999355644e+01
4.7702341270340669e-11
3.0499999999811841e+01
6.1003176996837368e+01
9.1500000000698577e+01
1.2199999893427125e+02
1.5250000001136672e+02
1.8300000000977849e+02
2.1350000035250571e+02
2.4400000035253660e+02
2.7450000035250952e+02
3.0500000035249690e+02
2.7450000027058047e+02
2.4400317611883995e+02
2.1350952683091359e+02
1.8300000000331266e+02
1.5249365230537788e+02
1.2200000000076193e+02
9.1500000000978432e+01
6.1003175931264586e+01
3.0500000001051792e+01
1.8759939095501972e-10
3.0499999999781416e+01
6.0996824069579972e+01
9.1499999998862378e+01
1.2199999893162511e+02
1.5249682193463823e+02
1.8299047007416152e+02
2.1349806868951137e+02
2.4399999995981096e+02
2.7449999969817844e+02
3.0499999964906095e+02
2.7449999971286826e+02
2.4399682277983027e+02
2.1349046778291023e+02
1.8299999999667062e+02
1.5250635841465714e+02
1.2199999999905209e+02
9.1499999999004473e+01
6.0996823002133354e+01
3.0499999999135916e+01
6.2179399819632610e-11
3.0500000000181949e+01
6.1003176997157283e+01
9.1500000000902332e+01
1.2199999893449169e+02
1.5250317486461259e+02
1.8300952885845848e+02
2.1350000000349795e+02
2.4399364494523945e+02
2.7450000016010659e+02
3.0499999744053378e+02
2.7450000027069882e+02
2.4400317903490730e+02
2.1350953266699730e+02
1.8300000000321361e+02
1.5249364646105045e+02
1.2199047097278374e+02
9.1500000000764587e+01
6.1000000001687312e+01
3.0500000000150166e+01
-2.2572979379208576e-11
3.0500000000035239e+01
6.0996824069858135e+01
9.1499999999301821e+01
1.2199999893193537e+02
1.5249682193492131e+02
1.8299047007424861e+02
2.1349999999672383e+02
2.4400635078876826e+02
2.7449926093001625e+02
3.0499999992609321e+02
2.7449999971284001e+02
2.4399682250266284e+02
2.1349046722847055e+02
1.8299999999647378e+02
1.5250635896883972e+02
1.2199999999914189e+02
9.1499999999128690e+01
6.0996823002421145e+01
3.0499999999332758e+01
1.7874563088186532e-10
3.0500000000026521e+01
6.1003176997028788e+01
9.1500000000697355e+01
1.2199999893407838e+02
1.5250317486397307e+02
1.8300952885776837e+02
2.1350000000312610e+02
2.4399364494539444e+02
2.7449046475021373e+02
3.0500000004446440e+02
2.7450000027242766e+02
2.4400317643047984e+02
2.1350952745231427e+02
1.8300000000352341e+02
1.5249365168422878e+02
1.2200000000071124e+02
9.1500000000793577e+01
6.1003175931119117e+01
3.0500000000895483e+01
-2.9177044276420382e-11
3.0499999999783434e+01
6.0996824069258281e+01
9.1499999998869882e+01
1.2199999893202146e+02
1.5249682193538877e+02
1.8299047007511089e+02
2.1349999999661168e+02
2.4400635078756648e+02
2.7450952351574915e+02
3.0499622445494401e+02
2.7449999971640131e+02
2.4400060170768569e+02
2.1350000000052489e+02
1.8299999999976404e+02
1.5249682300213343e+02
1.2199999999942247e+02
9.1500001066828744e+01
6.0996825137729836e+01
3.0499999999254932e+01
2.4901314226730230e-10
3.0500000000049738e+01
6.1003176997107929e+01
9.1500000000745317e+01
1.2199999893433991e+02
1.5250317486435225e+02
1.8300952885821818e+02
2.1350000000337613e+02
2.4399364494542499e+02
2.7449046475012113e+02
3.0500136811228964e+02
2.7450000027472203e+02
2.4400180971087860e+02
2.1350679535420949e+02
1.8301495613830593e+02
1.5252629099736453e+02
1.2200000000858310e+02
9.1500000001754273e+01
6.1003175924972581e+01
3.0500000000653550e+01
4.6727526159033449e-10
3.0500000000117858e+01
6.0996824069929389e+01
9.1499999999310972e+01
1.2199999893215474e+02
1.5249682193498344e+02
1.8299047007447945e+02
2.1349999999679883e+02
2.4400635078882692e+02
2.7450952351789556e+02
3.0499951198645346e+02
2.7449999971758410e+02
2.4399731093496757e+02
2.1349144457191829e+02
1.8298239956072439e+02
1.5249999999297503e+02
1.2201442837965351e+02
9.1499999995466368e+01
6.0999999997528803e+01
3.0499999999710003e+01
3.5622610415347751e-10
3.0500000000376360e+01
6.1003176997424973e+01
9.1500000001128370e+01
1.2199999893467165e+02
1.5250317486480739e+02
1.8300952885861548e+02
2.1350000000353950e+02
2.4399364494538207e+02
2.7449046474993293e+02
3.0500017868166765e+02
2.7450000027554989e+02
2.4400299797405751e+02
2.1350917071084172e+02
1.8300000000294412e+02
1.5249400807548932e+02
1.2199119386117462e+02
9.1491556293005516e+01
6.0995094304224608e+01
3.0499999999930111e+01
2.6441502166059718e-10
