0.0000000000000000e+00
3.0500000000049983e+01
6.0993421070579373e+01
9.1499999999747089e+01
1.2199999822480730e+02
1.5249341752071348e+02
1.8298025966240144e+02
2.1349999999453598e+02
2.4399999998673945e+02
2.7450000002973081e+02
3.0500000002984513e+02
2.7449999981725728e+02
2.4399341889962153e+02
2.1348025550066288e+02
1.8299999999852437e+02
1.5251316911916803e+02
1.2199999999930137e+02
9.1499999999403485e+01
6.0993419294587142e+01
3.0499999999483268e+01
-2.4778476399470463e-10
-3.0499999999932143e+01
-6.1006580704864035e+01
-9.1500000000407852e+01
-1.2199999822426992e+02
-1.5250000000911939e+02
-1.8300000000784536e+02
-2.1349999997098550e+02
-2.4399999997109217e+02
-2.7449999997104868e+02
-3.0499999997099820e+02
-2.7450000016990532e+02
-2.4400657929847040e+02
-2.1351973558146139e+02
-1.8300000000105203e+02
-1.5248684867574303e+02
-1.2199999999983696e+02
-9.1500000000187470e+01
-6.1006578929848324e+01
-3.0500000000322110e+01
3.0502564152192020e-10
3.0500000000387814e+01
6.0993421070631868e+01
9.1499999999695817e+01
1.2199999822437908e+02
1.5249341752035409e+02
1.8298025966211367e+02
2.1348554522973598e+02
2.4399999996726021e+02
2.7450000005036776e+02
3.0500000002991112e+02
2.7449999981748385e+02
2.4399341889981289e+02
2.1348025550098436e+02
1.8299999999877534e+02
1.5251316911961175e+02
1.2199999999996788e+02
9.1500000000083375e+01
6.0993419295012984e+01
3.0500000000225214e+01
8.4306504020085392e-10
-3.0499999999376307e+01
-6.1006580704611814e+01
-9.1499999999871761e+01
-1.2199999822411769e+02
-1.5250657715280806e+02
-1.8301973856195514e+02
-2.1350000000121560e+02
-2.4398683681886592e+02
-2.7450000012848659e+02
-3.0500003582376092e+02
-2.7450000016950094e+02
-2.4400654344804522e+02
-2.1351966388461580e+02
-1.8300000000110126e+02
-1.5248692036586255e+02
-1.2198042320166027e+02
-9.1499999999925791e+01
-6.1000000000002203e+01
-3.0499999999513367e+01
5.6931927752989285e-10
3.0500000000507576e+01
6.0993421070999410e+01
9.1500000000204551e+01
1.2199999822467390e+02
1.5249341752063279e+02
1.8298025966223176e+02
2.1349999999921056e+02
2.4401315607944943e+02
2.7449441110081261e+02
3.0499999994069827e+02
2.7449999981757588e+02
2.4399341898930447e+02
2.1348025567970998e+02
1.8299999999919237e+02
1.5251316894208819e+02
1.2200000000044123e+02
9.1500000000417742e+01
6.0993419295503820e+01
3.0500000000604082e+01
9.8056306470934536e-10
-3.0499999999035943e+01
-6.1006580704260848e+01
-9.1499999999400217e+01
-1.2199999822336397e+02
-1.5250657715180594e+02
-1.8301973856104775e+02
-2.1350000000044571e+02
-2.4398683681845512e+02
-2.7448025078850247e+02
-3.0500000003494245e+02
-2.7450000017057181e+02
-2.4400657923554920e+02
-2.1351973545508397e+02
-1.8300000000069454e+02
-1.5248684880164438e+02
-1.2199999999988108e+02
-9.1500000000174921e+01
-6.1006578929884782e+01
-3.0500000000458222e+01
-1.7969110512047013e-10
3.0500000000028109e+01
6.0993421070420531e+01
9.1499999999327926e+01
1.2199999822432433e+02
1.5249341752013606e+02
1.8298025966209042e+02
2.1349999999804993e+02
2.4401315607771653e+02
2.7451972967812048e+02
3.0497152409012858e+02
2.7449999981993761e+02
2.4402189941292394e+02
2.1350000000426738e+02
1.8300000000148754e+02
1.5249341929313212e+02
1.2199999999954800e+02
9.1500001777052859e+01
6.0993422849788914e+01
3.0499999999646924e+01
-4.5553188639504026e-11
-3.0500000000345803e+01
-6.1006580705357734e+01
-9.1500000000593189e+01
-1.2199999822484139e+02
-1.5250657715310339e+02
-1.8301973856242239e+02
-2.1350000000173651e+02
-2.4398683681951974e+02
-2.7448025079000018e+02
-3.0501026481308645e+02
-2.7450000017354103e+02
-2.4399631611215815e+02
-2.1349921085316439e+02
-1.8300868262178818e+02
-1.5252472964418001e+02
-1.2200000001109635e+02
-9.1500000003476828e+01
-6.1006578925194397e+01
-3.0500000000624997e+01
-3.5451498843105132e-10
3.0499999999567212e+01
6.0993421070366253e+01
9.1499999999089937e+01
1.2199999822368360e+02
1.5249341751899863e+02
1.8298025966077881e+02
2.1349999999842129e+02
2.4401315607949800e+02
2.7451972968108032e+02
3.0499630565971881e+02
2.7449999982078140e+02
2.4399711386935491e+02
2.1348764602864631e+02
1.8297159452202521e+02
1.5249999999508407e+02
1.2202183364164355e+02
9.1499999995831104e+01
6.0999999998082231e+01
3.0499999999987399e+01
-3.8332129177268217e-11
-3.0499999999786425e+01
-6.1006580705092475e+01
-9.1500000000280281e+01
-1.2199999822423578e+02
-1.5250657715264970e+02
-1.8301973856234116e+02
-2.1350000000118132e+02
-2.4398683681844113e+02
-2.7448025078798833e+02
-3.0500133258372318e+02
-2.7450000017329990e+02
-2.4400524690658008e+02
-2.1351707100832931e+02
-1.8300000000106903e+02
-1.5248951282018973e+02
-1.2198560768909755e+02
-9.1488282830744481e+01
-6.0997536470438135e+01
-3.0499999998759037e+01
7.1449217018246884e-11
