0.0000000000000000e+00
0.0000000000000000e+00
0.0000000000000000e+00
0.0000000000000000e+00
0.0000000000000000e+00
0.0000000000000000e+00
0.0000000000000000e+00
8.9999999956173635e+00
2.9333333322226544e+01
4.9666666432722238e+01
6.9999999766052625e+01
6.9999999766052625e+01
6.9999999766052611e+01
6.9999999766052611e+01
6.9999999766052611e+01
6.9999999766052582e+01
6.9999999766052582e+01
6.9999999766052582e+01
6.9999999766052582e+01
6.9999999766052582e+01
6.9999999766052582e+01
6.9999999766052582e+01
6.9999999766052582e+01
6.9999999766052582e+01
5.1999999929890279e+01
3.1666517679500323e+01
1.1333333089977510e+01
-9.0000002308850622e+00
-2.9333333568359254e+01
-4.9666666901690498e+01
-7.0000000235037078e+01
-7.0000000235037078e+01
-7.0000000235037078e+01
-7.0000000235037078e+01
-7.0000000235037078e+01
-7.0000000235037078e+01
-7.0000000235037078e+01
-7.0000000235037078e+01
-7.0000000235037078e+01
-7.0000000235037078e+01
-7.0000000235037078e+01
-7.0000000235037078e+01
-7.0000000235037078e+01
-7.0000000235037078e+01
-5.2000000069838784e+01
-3.1666880308951278e+01
-1.1333333578149203e+01
8.9999997714298683e+00
2.9333333099406353e+01
4.9666666432737266e+01
6.9999999766078986e+01
6.9999999766078986e+01
6.9999999766079000e+01
6.9999999766079000e+01
6.9999999766079000e+01
6.9999999766078972e+01
6.9999999766078972e+01
6.9999999766078972e+01
6.9999999766078972e+01
6.9999999766078972e+01
6.9999999766078972e+01
6.9999999766078972e+01
6.9999999766078972e+01
6.9999999766078972e+01
5.1999999929907730e+01
3.1666517679504260e+01
1.1333333089975742e+01
-9.0000002308902882e+00
-2.9333333568344550e+01
-4.9666666901702726e+01
-7.0000000235018874e+01
-7.0000000235018874e+01
-7.0000000235018874e+01
-7.0000000235018874e+01
-7.0000000235018874e+01
-7.0000000235018874e+01
-7.0000000235018874e+01
-7.0000000235018874e+01
-7.0000000235018874e+01
-7.0000000235018874e+01
-7.0000000235018874e+01
-7.0000000235018874e+01
-7.0000000235018874e+01
-7.0000000235018874e+01
-5.2000000069846784e+01
-3.1666880308947928e+01
-1.1333333578147119e+01
8.9999997714403275e+00
2.9333333099406406e+01
4.9666666432735767e+01
6.9999999766073813e+01
6.9999999766073813e+01
6.9999999766073827e+01
6.9999999766073827e+01
6.9999999766073827e+01
6.9999999766073827e+01
6.9999999766073827e+01
6.9999999766073827e+01
6.9999999766073827e+01
6.9999999766073827e+01
6.9999999766073827e+01
6.9999999766073827e+01
6.9999999766073827e+01
6.9999999766073827e+01
5.1999999929903034e+01
3.1666517679502451e+01
1.1333333089986798e+01
-9.0000002308720646e+00
-2.9333333568339455e+01
-4.9666666901679825e+01
-7.0000000234996534e+01
-7.0000000234996534e+01
-7.0000000234996534e+01
-7.0000000234996534e+01
-7.0000000234996534e+01
-7.0000000234996534e+01
-7.0000000234996534e+01
-7.0000000234996534e+01
-7.0000000234996534e+01
-7.0000000234996534e+01
-7.0000000234996534e+01
-7.0000000234996534e+01
-7.0000000234996534e+01
-7.0000000234996534e+01
-5.2000000069800279e+01
-3.1666880308913544e+01
-1.1333333578119452e+01
8.9999997714611588e+00
2.9333333099420258e+01
4.9666666432775337e+01
6.9999999766101411e+01
6.9999999766101411e+01
6.9999999766101411e+01
6.9999999766101411e+01
6.9999999766101411e+01
6.9999999766101411e+01
6.9999999766101411e+01
6.9999999766101411e+01
6.9999999766101411e+01
6.9999999766101411e+01
6.9999999766101411e+01
6.9999999766101411e+01
6.9999999766101411e+01
6.9999999766101411e+01
5.1999999929904241e+01
3.1666517679523256e+01
1.1333333089979181e+01
-9.0000002308879115e+00
-2.9333333568340350e+01
-4.9666666901704644e+01
-7.0000000235037120e+01
-7.0000000235037120e+01
-7.0000000235037120e+01
-7.0000000235037120e+01
-7.0000000235037120e+01
-7.0000000235037120e+01
-7.0000000235037120e+01
-7.0000000235037120e+01
-7.0000000235037120e+01
-7.0000000235037120e+01
-7.0000000235037120e+01
-7.0000000235037120e+01
-7.0000000235037120e+01
-7.0000000235037120e+01
-5.2000000069827500e+01
-3.1666880308933418e+01
-1.1333333578133415e+01
8.9999997714443225e+00
2.9333333099414787e+01
4.9666666432755584e+01
6.9999999766068854e+01
6.9999999766068854e+01
6.9999999766068825e+01
6.9999999766068825e+01
6.9999999766068825e+01
6.9999999766068811e+01
6.9999999766068811e+01
6.9999999766068811e+01
6.9999999766068811e+01
6.9999999766068811e+01
6.9999999766068811e+01
6.9999999766068811e+01
6.9999999766068811e+01
6.9999999766068811e+01
5.1999999929890649e+01
3.1666517679492305e+01
1.1333333089968599e+01
-9.0000002308809091e+00
-2.9333333568362224e+01
-4.9666666901675640e+01
-7.0000000235017723e+01
-7.0000000235017723e+01
-7.0000000235017723e+01
-7.0000000235017723e+01
-7.0000000235017723e+01
-7.0000000235017723e+01
-7.0000000235017723e+01
-7.0000000235017723e+01
-7.0000000235017723e+01
-7.0000000235017723e+01
-7.0000000235017723e+01
