0.0000000000000000e+00
0.0000000000000000e+00
0.0000000000000000e+00
0.0000000000000000e+00
0.0000000000000000e+00
0.0000000000000000e+00
0.0000000000000000e+00
1.5707745208953617e-12
2.5044480850848919e-12
2.0697021699229952e-12
1.4754047765516794e-12
1.4710678279714534e-12
1.4672550817968705e-12
1.4889252351982323e-12
1.4547217622887332e-12
1.3756818732072899e-12
1.4802247228599564e-12
1.4548543796737107e-12
1.4516101794735456e-12
1.4320182492348151e-12
1.3728443367952976e-12
1.4372373455060914e-12
1.5281552835224757e-12
1.5222349508140779e-12
5.2701290269591047e-12
1.0101434373487430e-11
7.9436285230665805e-12
4.6357095613556966e-12
1.6134259139418388e-12
2.5854683587249837e-12
2.5750779164184947e-12
2.5464756138830575e-12
2.5172143337924905e-12
2.4587155489563215e-12
2.5372792840514887e-12
2.6128201214136335e-12
2.6726506108055273e-12
2.5393950576684863e-12
2.5314608819969591e-12
2.5183575202694175e-12
2.4762940870291623e-12
2.5118348483180233e-12
2.5647854364231973e-12
2.4995293726496131e-12
-7.8851357893613388e-13
-2.9666861926888821e-12
-4.6136809135813996e-12
-1.0166704932932855e-11
-1.4453077840394745e-11
-1.3740041852287625e-11
-1.1242814585371678e-11
-1.1223193411886630e-11
-1.1263188566707383e-11
-1.1290873358485087e-11
-1.1169510350489890e-11
-1.1088829567512889e-11
-1.1198050536282316e-11
-1.1217367877098048e-11
-1.1229631967750595e-11
-1.1179589742616375e-11
-1.1206828958239933e-11
-1.1220185712808780e-11
-1.1236152877901056e-11
-1.1177557481906687e-11
-6.8827585961175931e-12
-7.0754691258507260e-12
-6.9668679291082686e-12
-1.1491266167312615e-11
-1.0074653935227566e-11
-9.0851444832701812e-12
-1.5633066365863330e-12
-1.5516444609760164e-12
-1.5174844927220109e-12
-1.4967764907162505e-12
-1.5517113828301408e-12
-1.5531848261327455e-12
-1.5827855271041750e-12
-1.4991774392694470e-12
-1.5746008044182328e-12
-1.6160918266852113e-12
-1.5484260589834947e-12
-1.5967045404840537e-12
-1.5228465818292324e-12
-1.6135194653376341e-12
-5.3161893811647564e-12
-4.9774035070616100e-12
-4.2808288932101661e-12
-5.1003864117223486e-12
-5.8448352123219195e-12
-1.4145155781722669e-12
-4.1695887353227846e-12
-4.1737406346544728e-12
-4.2758568187520468e-12
-4.2953918156135557e-12
-4.1246959555104947e-12
-3.9776074254255099e-12
-4.1756748585724197e-12
-4.1137827179284146e-12
-4.0819652335761342e-12
-4.1282905448625620e-12
-4.1071888010685704e-12
-4.1426398152217196e-12
-4.1502276534058770e-12
-4.2098376542269939e-12
-2.3821096727423386e-13
-1.1965556689802596e-12
-3.6262165314421213e-13
2.1982677020171191e-13
-1.5657704466715027e-12
-1.5687129117676242e-12
9.3221204323590593e-13
8.7987715073155204e-13
8.7171854098927785e-13
8.4541293992671104e-13
9.2069568900936494e-13
9.9911583816070154e-13
1.1077705006964369e-12
9.7053791089233452e-13
9.5656740177825247e-13
9.3248032971054546e-13
9.6644589299558507e-13
9.0960270698975375e-13
8.5643564891500909e-13
9.0426000989112085e-13
-1.0100151234337163e-12
-1.9115596373443977e-12
-4.0978504518998018e-12
-3.9719307205147464e-12
-5.7051614653549787e-12
-6.4273241983473195e-12
-1.8623177528371766e-12
-1.8833380927172616e-12
-1.8992989211407602e-12
-1.9591796412051014e-12
-1.8848701768550841e-12
-1.8594679280774358e-12
-1.8770243721288813e-12
-1.9350254448693685e-12
-2.0280170744469449e-12
-1.8393604822837363e-12
-1.8685665891114250e-12
-1.8879528881286992e-12
-1.8645580373809477e-12
-1.8723183833695719e-12
-1.3352312159672143e-11
-1.7818497078572711e-11
-2.3137696630687359e-11
-2.6171967430349813e-11
-2.9218116998174809e-11
-2.8439102041997846e-11
-3.3643324135490930e-11
-3.3637234711327168e-11
-3.3659293768454623e-11
-3.3623335878778681e-11
-3.3661243092757278e-11
-3.3615064443948510e-11
-3.3611295474361113e-11
-3.3683681343439483e-11
-3.3634391935639765e-11
-3.3634869182029008e-11
-3.3665442487404981e-11
-3.3655397517057937e-11
-3.3668869166868966e-11
-3.3645844975436562e-11
-3.5651503535562355e-11
-3.6969809471680528e-11
-3.4168353525156921e-11
-3.6087181309997634e-11
-3.9840866432594125e-11
-4.0499946387334841e-11
-4.0593996517515338e-11
-4.0551773888745644e-11
-4.0578191040129840e-11
-4.0608077541652228e-11
-4.0533883936632706e-11
-4.0465432176430170e-11
-4.0521331145654763e-11
-4.0562457718355778e-11
-4.0631682657294001e-11
-4.0572262130610528e-11
-4.0593451523416040e-11
-4.0617898119691031e-11
-4.0651832235899194e-11
-4.0586095670995613e-11
-4.7745593968415497e-11
-5.5928117414676407e-11
-5.8106540925867066e-11
-6.2925947437125510e-11
-7.0597205719526083e-11
-6.6103790032444544e-11
-6.6731653128320402e-11
-6.6725816342803085e-11
-6.6756915975063452e-11
-6.6740955611431186e-11
-6.6767639275768335e-11
-6.6771193307967836e-11
-6.6795514290577938e-11
-6.6798085987164688e-11
-6.6742543850049579e-11
-6.6764568105677219e-11
-6.6752957385106972e-11
