0.0000000000000000e+00
0.0000000000000000e+00
0.0000000000000000e+00
0.0000000000000000e+00
0.0000000000000000e+00
0.0000000000000000e+00
0.0000000000000000e+00
3.6437318537027235e-12
8.7371704309995291e-13
-1.2314770547419177e-12
-4.0200697911353527e-12
-4.0719486474252467e-12
-4.1479212496858809e-12
-4.2049679271323787e-12
-4.1070992967819202e-12
-3.9709803999162067e-12
-4.0857712342615348e-12
-4.1168545687135546e-12
-4.1206978197622237e-12
-4.1556292286903771e-12
-4.1578674410911881e-12
-4.0980812470236529e-12
-4.0459496350372199e-12
-4.1299641355182540e-12
3.7535661175026745e-13
7.2890299482707923e-12
1.2378937850886848e-11
6.3678596967054092e-12
-2.1630045094738964e-13
7.3798162722434933e-13
2.4822266296482579e-12
2.4589493822362049e-12
2.3944842505950734e-12
2.2811585039856663e-12
2.4507584492799509e-12
2.5242708943826235e-12
2.6698720537965310e-12
2.4549279777176704e-12
2.4723806415559424e-12
2.4672087145237988e-12
2.4640044598572377e-12
2.5115892338308584e-12
2.5461862823534086e-12
2.4463964425094285e-12
-6.2393002575006860e-13
-8.3689716875599082e-12
-9.1015213820522476e-12
-8.1242849255887145e-12
-9.1758976005282755e-12
-5.2073315957670267e-12
-3.4135013694331132e-12
-3.3737318253010100e-12
-3.3653780104499241e-12
-3.3404393293464164e-12
-3.3774246426865757e-12
-3.3585522735174837e-12
-3.3756243206412228e-12
-3.3672311181778136e-12
-3.3741100821541527e-12
-3.4024122963097566e-12
-3.4674574404708741e-12
-3.3942862401769256e-12
-3.3655762979038663e-12
-3.4105554049794287e-12
-2.6988528679270734e-12
-8.0269567045381145e-12
-7.5836321157649744e-12
-1.0346451834093182e-11
-1.4527949178963045e-11
-1.5354869401190397e-11
-1.1146156021815639e-11
-1.1117463396002206e-11
-1.1034694682836521e-11
-1.1013508665197215e-11
-1.1125613539413771e-11
-1.1267284084202937e-11
-1.1340301464209171e-11
-1.1095188192573736e-11
-1.1157920957320381e-11
-1.1156556134433751e-11
-1.1118190358541217e-11
-1.1107416389511470e-11
-1.1088252084904170e-11
-1.1098164550192062e-11
-1.1789598981898412e-11
-7.7722072288289186e-12
-1.2076604936185358e-11
-1.4519060334892245e-11
-1.1215438280539915e-11
-9.3667198063026903e-12
-7.9346854350524139e-12
-7.9255270826960149e-12
-7.9561018599653981e-12
-7.9718347959468347e-12
-7.9134445862367644e-12
-8.0099700016380039e-12
-8.0408155406167438e-12
-7.9686476426903300e-12
-7.9626457905871740e-12
-7.9357833476686442e-12
-7.9746006988855849e-12
-7.9879447432117883e-12
-8.0046363386886097e-12
-8.0346144161031789e-12
-1.0085797614960384e-11
-7.6787855776470269e-12
-7.7283394344442545e-12
-5.3877825982993294e-12
-1.1379085192181601e-11
-1.1083328988431686e-11
-6.2862636479367151e-12
-6.3624391621961283e-12
-6.4140352406263748e-12
-6.4145422192730412e-12
-6.3035059113922235e-12
-6.2209598300390491e-12
-6.1138645112412756e-12
-6.3088844228706547e-12
-6.3486526375522230e-12
-6.3734670663920833e-12
-6.3192372602290007e-12
-6.3646223484487671e-12
-6.3815246548104320e-12
-6.3296116696879094e-12
-2.3032215192888329e-12
-1.8301212455918586e-12
-1.3565798573438591e-12
-2.8746762821958351e-12
-8.5664578311782950e-12
-8.5861149402548924e-12
-9.3254578660520522e-12
-9.3322257106296478e-12
-9.3059146609079986e-12
-9.2899848665699370e-12
-9.3521133040268805e-12
-9.4558323392479561e-12
-9.2414197964246498e-12
-9.2651772192245599e-12
-9.3934097697615822e-12
-9.2906689194750751e-12
-9.2397358465444397e-12
-9.3310315386300916e-12
-9.3349181228572222e-12
-9.2585211573111181e-12
-1.8106780054789670e-11
-2.3464990899236992e-11
-2.6311647271109423e-11
-2.8014339274394533e-11
-2.6151812184042391e-11
-2.3076859782571052e-11
-2.1700703651624671e-11
-2.1679204683627329e-11
-2.1741045307042112e-11
-2.1710065479050686e-11
-2.1714578865821057e-11
-2.1682808349226121e-11
-2.1699728386622052e-11
-2.1745069914777339e-11
-2.1711362309685881e-11
-2.1716370572441375e-11
-2.1670609921202278e-11
-2.1746284492514083e-11
-2.1802630452097975e-11
-2.1693031433341731e-11
-2.5210805216783086e-11
-2.4268599095220721e-11
-1.9615952009000447e-11
-1.7576397379525484e-11
-1.7286416470403470e-11
-1.6306269045010863e-11
-1.2160550352343610e-11
-1.2100318384307335e-11
-1.2186069730263743e-11
-1.2196538233933124e-11
-1.2071875972818374e-11
-1.2012307984594756e-11
-1.2095860526947806e-11
-1.2074364593187828e-11
-1.2113463905645626e-11
-1.2097278631124945e-11
-1.2117367874079921e-11
-1.2090621182622992e-11
-1.2062371844904365e-11
-1.2090291690575176e-11
-1.3450788055048749e-11
-8.8340069841549673e-12
-1.0009613655759172e-11
-3.6248007440247297e-12
-3.9104207711558904e-13
-1.5464024508205756e-12
-4.7224310730896396e-12
-4.6418621974397300e-12
-4.6367211431300133e-12
-4.5811504969036372e-12
-4.6928292231772634e-12
-4.7986850726764965e-12
-4.8965047505563556e-12
-4.7042344653168507e-12
-4.7169274432180846e-12
-4.6598540887566975e-12
-4.6849323868612951e-12
