0.0000000000000000e+00
0.0000000000000000e+00
0.0000000000000000e+00
0.0000000000000000e+00
0.0000000000000000e+00
0.0000000000000000e+00
0.0000000000000000e+00
-4.4999999978122398e+00
-1.4666666661116725e+01
-2.4833333216361709e+01
-3.4999999883027904e+01
-3.4999999883027925e+01
-3.4999999883027940e+01
-3.4999999883027897e+01
-3.4999999883027883e+01
-3.4999999883027840e+01
-3.4999999883027812e+01
-3.4999999883027797e+01
-3.4999999883027812e+01
-3.4999999883027819e+01
-3.4999999883027890e+01
-3.4999999883027861e+01
-3.4999999883027868e+01
-3.4999999883027819e+01
-2.5999999964938695e+01
-1.5833258839732654e+01
-5.6666665449669997e+00
4.5000001154653075e+00
1.4666666784204574e+01
2.4833333450871947e+01
3.5000000117543770e+01
3.5000000117543756e+01
3.5000000117543749e+01
3.5000000117543735e+01
3.5000000117543763e+01
3.5000000117543756e+01
3.5000000117543742e+01
3.5000000117543706e+01
3.5000000117543721e+01
3.5000000117543713e+01
3.5000000117543735e+01
3.5000000117543678e+01
3.5000000117543713e+01
3.5000000117543721e+01
2.6000000034938346e+01
1.5833440154493594e+01
5.6666667890900513e+00
-4.4999998856992107e+00
-1.4666666549693231e+01
-2.4833333216361630e+01
-3.4999999883032118e+01
-3.4999999883032125e+01
-3.4999999883032096e+01
-3.4999999883032153e+01
-3.4999999883032174e+01
-3.4999999883032189e+01
-3.4999999883032174e+01
-3.4999999883032174e+01
-3.4999999883032160e+01
-3.4999999883032189e+01
-3.4999999883032224e+01
-3.4999999883032238e+01
-3.4999999883032274e+01
-3.4999999883032238e+01
-2.5999999964934268e+01
-1.5833258839725756e+01
-5.6666665449626281e+00
4.5000001154670937e+00
1.4666666784198876e+01
2.4833333450874434e+01
3.5000000117530796e+01
3.5000000117530789e+01
3.5000000117530774e+01
3.5000000117530796e+01
3.5000000117530803e+01
3.5000000117530860e+01
3.5000000117530789e+01
3.5000000117530774e+01
3.5000000117530789e+01
3.5000000117530810e+01
3.5000000117530824e+01
3.5000000117530789e+01
3.5000000117530739e+01
3.5000000117530710e+01
2.6000000034941525e+01
1.5833440154488791e+01
5.6666667890880440e+00
-4.4999998857052530e+00
-1.4666666549690946e+01
-2.4833333216358056e+01
-3.4999999883024309e+01
-3.4999999883024252e+01
-3.4999999883024287e+01
-3.4999999883024302e+01
-3.4999999883024309e+01
-3.4999999883024309e+01
-3.4999999883024302e+01
-3.4999999883024330e+01
-3.4999999883024316e+01
-3.4999999883024316e+01
-3.4999999883024287e+01
-3.4999999883024273e+01
-3.4999999883024309e+01
-3.4999999883024323e+01
-2.5999999964947314e+01
-1.5833258839753769e+01
-5.6666665449974989e+00
4.5000001154271940e+00
1.4666666784162608e+01
2.4833333450830963e+01
3.5000000117487438e+01
3.5000000117487410e+01
3.5000000117487410e+01
3.5000000117487396e+01
3.5000000117487417e+01
3.5000000117487431e+01
3.5000000117487424e+01
3.5000000117487417e+01
3.5000000117487396e+01
3.5000000117487382e+01
3.5000000117487403e+01
3.5000000117487389e+01
3.5000000117487360e+01
3.5000000117487389e+01
2.6000000034885915e+01
1.5833440154438858e+01
5.6666667890385494e+00
-4.4999998857535175e+00
-1.4666666549728687e+01
-2.4833333216403261e+01
-3.4999999883065172e+01
-3.4999999883065108e+01
-3.4999999883065129e+01
-3.4999999883065136e+01
-3.4999999883065101e+01
-3.4999999883065087e+01
-3.4999999883065101e+01
-3.4999999883065122e+01
-3.4999999883065094e+01
-3.4999999883065115e+01
-3.4999999883065129e+01
-3.4999999883065136e+01
-3.4999999883065144e+01
-3.4999999883065108e+01
-2.5999999964967969e+01
-1.5833258839768700e+01
-5.6666665449983480e+00
4.5000001154414919e+00
1.4666666784173934e+01
2.4833333450854106e+01
3.5000000117519484e+01
3.5000000117519527e+01
3.5000000117519548e+01
3.5000000117519598e+01
3.5000000117519598e+01
3.5000000117519505e+01
3.5000000117519505e+01
3.5000000117519477e+01
3.5000000117519406e+01
3.5000000117519477e+01
3.5000000117519534e+01
3.5000000117519448e+01
3.5000000117519384e+01
3.5000000117519399e+01
2.6000000034908577e+01
1.5833440154457328e+01
5.6666667890553235e+00
-4.4999998857385384e+00
-1.4666666549723026e+01
-2.4833333216389061e+01
-3.4999999883048922e+01
-3.4999999883048972e+01
-3.4999999883048986e+01
-3.4999999883048979e+01
-3.4999999883048922e+01
-3.4999999883048872e+01
-3.4999999883048851e+01
-3.4999999883048886e+01
-3.4999999883048844e+01
-3.4999999883048886e+01
-3.4999999883048858e+01
-3.4999999883048844e+01
-3.4999999883048829e+01
-3.4999999883048808e+01
-2.5999999964963216e+01
-1.5833258839768366e+01
-5.6666665450102292e+00
4.5000001154117699e+00
1.4666666784146102e+01
2.4833333450807164e+01
3.5000000117479289e+01
3.5000000117479331e+01
3.5000000117479338e+01
3.5000000117479352e+01
3.5000000117479388e+01
3.5000000117479352e+01
3.5000000117479331e+01
3.5000000117479317e+01
3.5000000117479289e+01
3.5000000117479289e+01
3.5000000117479232e+01
