0.0000000000000000e+00
0.0000000000000000e+00
0.0000000000000000e+00
0.0000000000000000e+00
0.0000000000000000e+00
0.0000000000000000e+00
0.0000000000000000e+00
-2.8698693001929897e-12
5.9130949840287162e-12
-2.1112064195515824e-12
-3.5270996515716605e-12
-3.5279059251853419e-12
-3.5249719430927773e-12
-3.5272640855422897e-12
-3.5306232122075432e-12
-3.5338255931934062e-12
-3.5420830264560305e-12
-3.5468495677716710e-12
-3.5442343060336757e-12
-3.5482960442755368e-12
-3.5485070322998835e-12
-3.5361619201219673e-12
-3.5352924795549490e-12
-3.5349105770928710e-12
-1.4924276566894264e-12
-1.3128208619846327e-12
-3.3988304942645755e-12
-7.1845946467664396e-12
-8.2069526940140415e-12
-5.6352844833608657e-12
-8.1406848574367269e-12
-8.1431424142037333e-12
-8.1519320804479654e-12
-8.1553520458649608e-12
-8.1539787760519630e-12
-8.1539636787829896e-12
-8.1572446122619266e-12
-8.1820542806689712e-12
-8.1626694345827853e-12
-8.1593319785447715e-12
-8.1473227789542841e-12
-8.1691128280041392e-12
-8.1615436409884279e-12
-8.1548362777288154e-12
-1.0826112388069604e-11
-1.6994515038216368e-11
-1.4296350535035140e-11
-1.4998924524102101e-11
-1.6587149474003087e-11
-1.4516525836722357e-11
-1.7577228939510116e-11
-1.7572079353031372e-11
-1.7576902845825280e-11
-1.7576235003941483e-11
-1.7578276591172958e-11
-1.7581456282040448e-11
-1.7583156830079879e-11
-1.7584285096222383e-11
-1.7585776781729557e-11
-1.7580536595156058e-11
-1.7589882284578598e-11
-1.7590554338830315e-11
-1.7580186172113379e-11
-1.7581970973020444e-11
-2.0229925950262212e-11
-2.0597767590213199e-11
-1.6807487541624208e-11
-1.9533184095264280e-11
-2.5216387031840534e-11
-1.8656243516967842e-11
-1.9994904072235641e-11
-1.9995423781626354e-11
-2.0007328840258402e-11
-2.0013928912316419e-11
-2.0013608380535968e-11
-2.0020096564637476e-11
-2.0007361020537268e-11
-2.0009472991050371e-11
-2.0009859413219481e-11
-2.0011724231721941e-11
-2.0014186234292353e-11
-2.0024443650599167e-11
-2.0031606461715956e-11
-2.0028376947500883e-11
-2.2582336706999114e-11
-2.3377092265747361e-11
-1.8332534217452644e-11
-2.2901130505489086e-11
-2.2279353686742933e-11
-2.3172339904953696e-11
-1.7803463302519432e-11
-1.7802701732541804e-11
-1.7812145156772315e-11
-1.7813601056715072e-11
-1.7823879708654649e-11
-1.7820692667947878e-11
-1.7821340546301113e-11
-1.7827238145379519e-11
-1.7827980191547150e-11
-1.7829023345208768e-11
-1.7821381343771511e-11
-1.7821085397082814e-11
-1.7806756247759960e-11
-1.7812498838123765e-11
-1.7816073014370865e-11
-1.6661004400073615e-11
-1.9149647803005163e-11
-1.4476286133753202e-11
-1.2831106147297591e-11
-8.7175460510908237e-12
-9.8686779003277961e-12
-9.8656422826976746e-12
-9.8711126378762220e-12
-9.8648176181877430e-12
-9.8632704733725937e-12
-9.8807066258095213e-12
-9.8794986373220779e-12
-9.8721280946712358e-12
-9.8691306001728350e-12
-9.8651624847226524e-12
-9.8791079656651847e-12
-9.8884481513379566e-12
-9.8917687318885065e-12
-9.8889338681784485e-12
-1.3481759312760446e-11
-1.6911635087160654e-11
-1.7339511616315289e-11
-2.1713643712168824e-11
-1.9784242430063635e-11
-2.3060309345167377e-11
-2.1713786976004790e-11
-2.1706589316087462e-11
-2.1719991415188951e-11
-2.1715323471704444e-11
-2.1720452146836662e-11
-2.1725477959292548e-11
-2.1719477711984053e-11
-2.1702769831769435e-11
-2.1704299682120834e-11
-2.1702750706668732e-11
-2.1713192404322978e-11
-2.1714187594819251e-11
-2.1705019274930413e-11
-2.1710074008127029e-11
-2.3326900514180954e-11
-2.5926136227462545e-11
-2.4544543365523379e-11
-2.8559288440802712e-11
-2.5911930399523199e-11
-2.3983969245081920e-11
-1.9761222821706531e-11
-1.9762747779198134e-11
-1.9762106252299026e-11
-1.9773720248349578e-11
-1.9766583581316667e-11
-1.9773266060615319e-11
-1.9779066409025335e-11
-1.9772912836010020e-11
-1.9774359648855965e-11
-1.9773937011952622e-11
-1.9766555548044768e-11
-1.9767554897132514e-11
-1.9770458881366293e-11
-1.9771648121934712e-11
-1.9098192771713888e-11
-2.2306249935168687e-11
-2.6509586307268372e-11
-1.8839478443115580e-11
-1.8323488547856061e-11
-1.9998936934116630e-11
-1.8923650623582960e-11
-1.8935679762146427e-11
-1.8933074601762121e-11
-1.8929376670675282e-11
-1.8935031774539748e-11
-1.8939131955551932e-11
-1.8933212684956961e-11
-1.8922364356046904e-11
-1.8917411965000579e-11
-1.8919478989196896e-11
-1.8916081001972406e-11
-1.8910867452965941e-11
-1.8909852509109111e-11
-1.8918751982899079e-11
-2.0001091451640332e-11
-2.0072435805838075e-11
-2.1556094992697797e-11
-2.4504566973398472e-11
-2.3470661051099371e-11
-2.1313091759698933e-11
-2.7838736062219832e-11
-2.7838012265535204e-11
-2.7846499135368238e-11
-2.7844293402653315e-11
-2.7851727286097134e-11
-2.7851248555183584e-11
-2.7861796972903907e-11
-2.7863261110852558e-11
-2.7869233036338425e-11
-2.7873841990588091e-11
-2.7873276841226663e-11
