0.0000000000000000e+00
0.0000000000000000e+00
0.0000000000000000e+00
0.0000000000000000e+00
0.0000000000000000e+00
0.0000000000000000e+00
0.0000000000000000e+00
-4.4999999978051131e+00
-1.4666666661109764e+01
-2.4833333216360529e+01
-3.4999999883024607e+01
-3.4999999883024628e+01
-3.4999999883024643e+01
-3.4999999883024579e+01
-3.4999999883024586e+01
-3.4999999883024572e+01
-3.4999999883024536e+01
-3.4999999883024508e+01
-3.4999999883024515e+01
-3.4999999883024529e+01
-3.4999999883024586e+01
-3.4999999883024572e+01
-3.4999999883024600e+01
-3.4999999883024522e+01
-2.5999999964951328e+01
-1.5833258839767391e+01
-5.6666665450102220e+00
4.5000001154200371e+00
1.4666666784154975e+01
2.4833333450818863e+01
3.5000000117493585e+01
3.5000000117493578e+01
3.5000000117493570e+01
3.5000000117493549e+01
3.5000000117493578e+01
3.5000000117493563e+01
3.5000000117493535e+01
3.5000000117493499e+01
3.5000000117493506e+01
3.5000000117493514e+01
3.5000000117493499e+01
3.5000000117493457e+01
3.5000000117493471e+01
3.5000000117493521e+01
2.6000000034900602e+01
1.5833440154457833e+01
5.6666667890593310e+00
-4.4999998857304888e+00
-1.4666666549712923e+01
-2.4833333216375472e+01
-3.4999999883046733e+01
-3.4999999883046726e+01
-3.4999999883046705e+01
-3.4999999883046755e+01
-3.4999999883046804e+01
-3.4999999883046819e+01
-3.4999999883046804e+01
-3.4999999883046804e+01
-3.4999999883046826e+01
-3.4999999883046819e+01
-3.4999999883046883e+01
-3.4999999883046904e+01
-3.4999999883046911e+01
-3.4999999883046861e+01
-2.5999999964973576e+01
-1.5833258839778662e+01
-5.6666665450132943e+00
4.5000001154230107e+00
1.4666666784145512e+01
2.4833333450828171e+01
3.5000000117487915e+01
3.5000000117487886e+01
3.5000000117487865e+01
3.5000000117487915e+01
3.5000000117487936e+01
3.5000000117487971e+01
3.5000000117487936e+01
3.5000000117487915e+01
3.5000000117487915e+01
3.5000000117487936e+01
3.5000000117487907e+01
3.5000000117487843e+01
3.5000000117487815e+01
3.5000000117487787e+01
2.6000000034904893e+01
1.5833440154458724e+01
5.6666667890586710e+00
-4.4999998857354617e+00
-1.4666666549715814e+01
-2.4833333216378016e+01
-3.4999999883049853e+01
-3.4999999883049810e+01
-3.4999999883049810e+01
-3.4999999883049831e+01
-3.4999999883049846e+01
-3.4999999883049838e+01
-3.4999999883049810e+01
-3.4999999883049846e+01
-3.4999999883049860e+01
-3.4999999883049867e+01
-3.4999999883049838e+01
-3.4999999883049838e+01
-3.4999999883049860e+01
-3.4999999883049860e+01
-2.5999999964956054e+01
-1.5833258839749034e+01
-5.6666665449896723e+00
4.5000001154445357e+00
1.4666666784176540e+01
2.4833333450848500e+01
3.5000000117508705e+01
3.5000000117508684e+01
3.5000000117508677e+01
3.5000000117508677e+01
3.5000000117508684e+01
3.5000000117508655e+01
3.5000000117508648e+01
3.5000000117508634e+01
3.5000000117508634e+01
3.5000000117508641e+01
3.5000000117508691e+01
3.5000000117508705e+01
3.5000000117508677e+01
3.5000000117508712e+01
2.6000000034913814e+01
1.5833440154474090e+01
5.6666667890803204e+00
-4.4999998857081929e+00
-1.4666666549692152e+01
-2.4833333216372587e+01
-3.4999999883036729e+01
-3.4999999883036679e+01
-3.4999999883036693e+01
-3.4999999883036708e+01
-3.4999999883036658e+01
-3.4999999883036637e+01
-3.4999999883036665e+01
-3.4999999883036693e+01
-3.4999999883036679e+01
-3.4999999883036701e+01
-3.4999999883036715e+01
-3.4999999883036722e+01
-3.4999999883036736e+01
-3.4999999883036701e+01
-2.5999999964936688e+01
-1.5833258839754988e+01
-5.6666665449811990e+00
4.5000001154460705e+00
1.4666666784166130e+01
2.4833333450850233e+01
3.5000000117517374e+01
3.5000000117517381e+01
3.5000000117517416e+01
3.5000000117517430e+01
3.5000000117517416e+01
3.5000000117517359e+01
3.5000000117517374e+01
3.5000000117517359e+01
3.5000000117517352e+01
3.5000000117517409e+01
3.5000000117517445e+01
3.5000000117517388e+01
3.5000000117517338e+01
3.5000000117517324e+01
2.6000000034918564e+01
1.5833440154475776e+01
5.6666667890777447e+00
-4.4999998857061225e+00
-1.4666666549692115e+01
-2.4833333216366903e+01
-3.4999999883020294e+01
-3.4999999883020337e+01
-3.4999999883020330e+01
-3.4999999883020330e+01
-3.4999999883020308e+01
-3.4999999883020251e+01
-3.4999999883020230e+01
-3.4999999883020230e+01
-3.4999999883020202e+01
-3.4999999883020230e+01
-3.4999999883020223e+01
-3.4999999883020223e+01
-3.4999999883020195e+01
-3.4999999883020173e+01
-2.5999999964927675e+01
-1.5833258839724197e+01
-5.6666665449586109e+00
4.5000001154688807e+00
1.4666666784215774e+01
2.4833333450868185e+01
3.5000000117538178e+01
3.5000000117538185e+01
3.5000000117538200e+01
3.5000000117538157e+01
3.5000000117538214e+01
3.5000000117538207e+01
3.5000000117538185e+01
3.5000000117538185e+01
3.5000000117538185e+01
3.5000000117538171e+01
3.5000000117538143e+01
