0.0000000000000000e+00
1.4878048780476240e-04
2.9753884326835718e-04
4.4634146341188368e-04
5.9512194463081410e-04
7.4388029351045589e-04
8.9261651663466814e-04
1.4914634143850540e-03
2.6569105684753854e-03
3.8223577109110706e-03
4.9878048653824664e-03
4.8390243773497035e-03
4.6902217503894811e-03
4.5413969779117651e-03
4.3926829151189296e-03
4.2439467331641017e-03
4.0951219395185439e-03
3.9463414517144565e-03
3.7975388249821026e-03
3.6487804761042150e-03
3.4999999883033217e-03
3.3512195004973232e-03
3.2024168737639124e-03
3.0536585248832982e-03
2.0048780448012424e-03
8.3941889720503008e-04
-3.2601627335020108e-04
-1.4914634271313936e-03
-2.6569105818328182e-03
-3.8223577363037547e-03
-4.9878048907758561e-03
-4.8390244031207728e-03
-4.6902660478064838e-03
-4.5415298182496719e-03
-4.3926829385955565e-03
-4.2438582110384633e-03
-4.0950556289848115e-03
-3.9463414751703639e-03
-3.7975609873676167e-03
-3.6487804995578186e-03
-3.5000000117529381e-03
-3.3512195239479240e-03
-3.2024611684834609e-03
-3.0536585483411905e-03
-2.0048780527447195e-03
-8.3944660421866185e-04
3.2601624688856259e-04
1.4914634022673014e-03
2.6569105564399199e-03
3.8223577109113534e-03
4.9878048653836209e-03
4.8390243773505570e-03
4.6902217503905757e-03
4.5413969779126402e-03
4.3926829151194119e-03
4.2439467331637304e-03
4.0951219395196558e-03
3.9463414517150099e-03
3.7975388249830294e-03
3.6487804761048417e-03
3.4999999883031743e-03
3.3512195004977274e-03
3.2024168737652104e-03
3.0536585248853686e-03
2.0048780448019788e-03
8.3941889720484100e-04
-3.2601627335082141e-04
-1.4914634271319875e-03
-2.6569105818319513e-03
-3.8223577363051568e-03
-4.9878048907755993e-03
-4.8390244031205438e-03
-4.6902660478048480e-03
-4.5415298182473630e-03
-4.3926829385947100e-03
-4.2438582110387564e-03
-4.0950556289855028e-03
-3.9463414751701202e-03
-3.7975609873673712e-03
-3.6487804995571772e-03
-3.5000000117527451e-03
-3.3512195239477622e-03
-3.2024611684824691e-03
-3.0536585483409619e-03
-2.0048780527453795e-03
-8.3944660421913608e-04
3.2601624688781574e-04
1.4914634022669591e-03
2.6569105564389138e-03
3.8223577109103212e-03
4.9878048653824395e-03
4.8390243773492429e-03
4.6902217503891515e-03
4.5413969779118119e-03
4.3926829151190476e-03
4.2439467331658286e-03
4.0951219395194485e-03
3.9463414517139916e-03
3.7975388249807140e-03
3.6487804761048260e-03
3.4999999883028243e-03
3.3512195004975166e-03
3.2024168737644458e-03
3.0536585248846296e-03
2.0048780448012758e-03
8.3941889720367049e-04
-3.2601627335161423e-04
-1.4914634271320807e-03
-2.6569105818329383e-03
-3.8223577363042513e-03
-4.9878048907749046e-03
-4.8390244031204224e-03
-4.6902660478052262e-03
-4.5415298182464366e-03
-4.3926829385936995e-03
-4.2438582110371163e-03
-4.0950556289840977e-03
-3.9463414751685069e-03
-3.7975609873658854e-03
-3.6487804995562079e-03
-3.5000000117512736e-03
-3.3512195239474751e-03
-3.2024611684849484e-03
-3.0536585483399237e-03
-2.0048780527427098e-03
-8.3944660421693352e-04
3.2601624689045170e-04
1.4914634022688031e-03
2.6569105564404416e-03
3.8223577109132174e-03
4.9878048653846322e-03
4.8390243773528884e-03
4.6902217503921829e-03
4.5413969779152753e-03
4.3926829151226168e-03
4.2439467331681809e-03
4.0951219395221712e-03
3.9463414517181966e-03
3.7975388249861962e-03
3.6487804761070998e-03
3.4999999883065036e-03
3.3512195005025404e-03
3.2024168737703577e-03
3.0536585248902141e-03
2.0048780448042691e-03
8.3941889720832541e-04
-3.2601627334889527e-04
-1.4914634271295394e-03
-2.6569105818293397e-03
-3.8223577363027611e-03
-4.9878048907737683e-03
-4.8390244031184526e-03
-4.6902660478033240e-03
-4.5415298182445163e-03
-4.3926829385916404e-03
-4.2438582110346885e-03
-4.0950556289812909e-03
-3.9463414751676274e-03
-3.7975609873641086e-03
-3.6487804995550144e-03
-3.5000000117496669e-03
-3.3512195239449993e-03
-3.2024611684806303e-03
-3.0536585483375714e-03
-2.0048780527402595e-03
-8.3944660421447564e-04
3.2601624689242999e-04
1.4914634022715327e-03
2.6569105564433373e-03
3.8223577109152340e-03
4.9878048653857806e-03
4.8390243773529275e-03
4.6902217503932662e-03
4.5413969779161921e-03
4.3926829151216809e-03
4.2439467331662267e-03
4.0951219395213767e-03
3.9463414517165486e-03
3.7975388249849055e-03
3.6487804761070309e-03
3.4999999883053396e-03
3.3512195005005636e-03
3.2024168737681586e-03
3.0536585248872880e-03
2.0048780448043047e-03
8.3941889720706567e-04
-3.2601627334846966e-04
-1.4914634271284174e-03
-2.6569105818298180e-03
-3.8223577362995259e-03
-4.9878048907722426e-03
-4.8390244031161437e-03
-4.6902660478009457e-03
-4.5415298182410260e-03
-4.3926829385898414e-03
-4.2438582110339912e-03
-4.0950556289831384e-03
-3.9463414751646532e-03
-3.7975609873631415e-03
-3.6487804995527719e-03
-3.5000000117481520e-03
