0.0000000000000000e+00
1.8896495439037158e-17
1.9954388624402298e-17
-5.7054111312168646e-17
3.2428606925387594e-16
5.5458848218390746e-16
-2.2407829211225635e-17
2.3736329566104983e-16
1.7891228528067438e-16
1.0024122549886437e-16
5.9383690836410573e-17
1.7918336473333131e-16
2.7054811083106957e-16
2.9621440239782997e-16
-1.0933599477222929e-16
1.7957258485494160e-16
-3.6156299590973494e-17
2.0553983257717615e-16
-1.4685016916932942e-16
-2.6896470607256657e-16
2.7742183713143496e-16
-7.7060301905653245e-17
-4.8251752765371325e-16
2.7208528122850326e-16
4.8310487277611267e-16
7.6721223338972840e-16
3.5961814990687354e-16
1.2300820250419004e-16
-3.3532783022138323e-17
1.8902506929478955e-16
1.4829210538608140e-16
-2.7877378670839731e-16
-3.6516117177794377e-16
-1.9899018846499619e-16
-2.6769406293733278e-16
-9.3965752522434555e-16
-9.4055103642580227e-16
-5.3144459359705690e-16
-1.5763850057169325e-16
-8.2542589503206269e-16
-3.2718219143859088e-16
-4.6407501200984892e-16
-9.8149146376145784e-16
-4.4915453328555329e-16
-2.0333760074844204e-16
-2.5473380376627199e-16
-3.2846340429547463e-16
-8.0423120231504006e-16
-9.9321305178736955e-16
-7.4719150830802662e-16
-5.2433907649139038e-16
-7.6605264408080824e-16
-1.3009049587687881e-15
-1.5315440564863336e-15
-8.9396592138077278e-16
-1.3964712116027090e-16
-9.7197176922855929e-16
-4.8124345693609982e-16
-7.1042598998678453e-16
-7.0926106261600428e-16
-7.2488614265766010e-16
-1.3135149279929833e-15
-1.9243993716358182e-15
-7.6341282817814240e-16
-1.8092993602318403e-16
-4.0544682819561907e-16
-3.8737291158144621e-16
-8.3597291804654741e-16
-5.1073155176623012e-16
-4.7129565505513978e-16
2.2071489792424022e-16
-3.4787305662421127e-16
5.7413226580203519e-16
-3.1147213029265598e-17
8.6808771203599595e-17
-1.8467239155676892e-16
-1.3198115175873348e-16
3.4209324906971010e-16
-4.5182152814599636e-17
4.3502257771489024e-16
-5.1073978108229047e-16
-1.4297857655246637e-16
-2.5102364626955785e-16
-9.8870942820952393e-17
-4.7262791611978542e-16
-2.6759261435918738e-16
-2.1103737406736644e-16
-3.2206679192626926e-16
-3.6108395032398613e-16
1.0322150750115222e-16
-3.5361175541693421e-16
-1.7643801804191909e-16
-5.2544639749318123e-16
-7.5590771777816962e-16
-5.0146545695113678e-17
4.3497386966160504e-16
4.6427719280322333e-17
-7.3730403455906820e-16
-1.0282898764369155e-15
-4.6326874882123883e-16
-4.7520598742677183e-16
-5.7984010367601959e-16
-7.6891927844806803e-16
-1.0899634627860741e-16
1.6552192470601898e-16
-1.0920407851540720e-16
1.2567104193412630e-17
3.7343039787119846e-17
-1.6024621624626044e-16
-8.2181240055373337e-17
1.5590741409669966e-16
-3.3266971204687291e-16
-5.1954828121538128e-16
-4.2332859628478697e-16
-1.2683497718767113e-16
7.5245063127072526e-16
1.0819879040280855e-15
6.8399616977824760e-17
-1.5001017850509869e-16
-3.0213205510753344e-16
1.4409275400089991e-16
-2.7850931668739052e-16
-8.4429583791566086e-16
3.5507033150035300e-16
-1.4798229635078156e-16
-1.4814524547477652e-16
-3.2420333100254648e-16
-2.2278454275633647e-16
-4.0033509360836585e-16
-3.9946424657932858e-16
6.9975173527465900e-17
-1.4368303217349786e-17
-8.6058600308319819e-17
-3.4768914386890835e-16
-5.5305533898453388e-16
3.4291403738754435e-17
-8.3580844581579878e-16
-9.8970601574673770e-16
-4.4101364752730881e-16
-3.2187453699162265e-16
-3.0897908166633057e-16
-6.5135460915477186e-17
-3.2896193197492484e-16
-5.2814139520563502e-16
-1.3091438415082637e-15
-1.1974708784216307e-15
-1.5304482429205449e-15
-1.6000111822111167e-15
-1.7686356123953458e-15
-1.5576761023351427e-15
-2.0938472126918518e-15
-2.0224645452278945e-15
-1.8286131509966277e-15
-1.4767258345226689e-15
-1.2876254736891406e-15
-1.7025379058373834e-15
-1.8219185822370574e-15
-2.0260273459955176e-15
-1.5017232022533876e-15
-2.0118421591291756e-15
-1.6383861685724439e-15
-2.0521647154401096e-15
-2.1691230041202516e-15
-1.8731289026721097e-15
-2.0924604099882334e-15
-2.1307108201721777e-15
-1.8077086423925254e-15
-2.1167048976855446e-15
-2.4094031762855253e-15
-2.3198270122681339e-15
-2.3107098089068298e-15
-2.3624890630517301e-15
-2.2910711012161910e-15
-2.1001156598462103e-15
-2.7392930192114095e-15
-2.9150543471622109e-15
-2.5941998469062558e-15
-2.4220769126282631e-15
-2.1259119868255641e-15
-2.4710106522721728e-15
-2.5300501941312390e-15
-2.5568308912321238e-15
-2.7362548143643668e-15
-2.8740415110953087e-15
-3.0307172976737574e-15
-3.4945306206078630e-15
-3.3602715273190154e-15
-3.7381324195965689e-15
-4.2849777152891925e-15
-3.5259016876744050e-15
-3.7675375347752481e-15
-3.8949245415585459e-15
-3.6692696618855091e-15
-4.0112829403422302e-15
-4.3271536279600383e-15
-4.5780718368464989e-15
-5.1988991502864444e-15
-4.0723889793605715e-15
-3.9561855566075377e-15
-4.1999085672290246e-15
-4.2045887950022958e-15
