0.0000000000000000e+00
2.8751880339869091e-17
-2.9581487946096619e-16
-5.0092410259589899e-17
-2.0202633256663614e-16
-3.2429468565283844e-16
-7.4739019033750375e-16
5.5262957005199426e-16
-6.1990320964354589e-17
-1.5463035889066541e-16
-3.4581525322017689e-16
-3.1094662655612420e-16
-6.6586557683312272e-17
-9.5114076548513937e-16
-1.9395495509728876e-16
5.8281176321256817e-16
-3.3795966555342866e-16
1.1134801730213221e-17
2.4414252113161096e-16
-6.8974078890018985e-17
4.5357728285390269e-16
3.1822836220849365e-16
1.2437070971513166e-16
-1.7295995934527928e-16
2.4563963725250362e-16
7.0525233186343495e-16
9.1444800085078320e-16
1.1257849181748388e-16
-2.8311269198086024e-16
8.4754488784217386e-17
2.1841583158337047e-16
2.7234057835177177e-16
2.5564548837111701e-16
-5.7628532599560429e-16
2.7738522093082469e-16
5.4104159988880214e-17
6.1253297253391675e-16
-4.1439218050707096e-17
-3.5634119006293473e-17
-2.3332830397393355e-16
-9.3550009096529103e-17
-3.9066805010236052e-16
-6.0343319564040166e-16
1.1860512957666569e-17
-1.7976727844642819e-16
-7.8820143215970661e-16
-5.3614759132701105e-16
-4.0961197123140759e-16
-5.5175158561057553e-16
-1.2126752474217545e-16
-1.0814762917603852e-16
-3.1804828564096055e-16
-4.1336876295691541e-16
-5.4675880106369674e-16
-6.5589698969574800e-16
-4.3093675121495688e-16
-1.3668432412284310e-16
7.0346303039348046e-17
1.4574681161855703e-16
-2.4322097856217839e-16
-1.7824711043824365e-16
-6.3169412304665030e-17
-1.9299839734442235e-16
-4.5303271295823519e-16
-1.0676094802789380e-16
-6.6604804634733094e-16
-4.0461211834386812e-16
-6.9135441025137691e-16
-9.8998815117795992e-16
-8.9431405204380508e-16
-4.5167139595808936e-16
-4.9747964479621624e-16
-7.2363343811184896e-16
-8.9222752075453417e-16
-4.6152535006689489e-16
-4.9508316250179019e-16
8.1331954615360569e-17
-2.1288931751081715e-16
-3.3115845425694319e-16
-1.0013095805201488e-15
-9.8445205470681795e-16
-8.2432821760500010e-16
-7.1486382082771856e-16
-4.4692680064208794e-16
-6.8875191752986484e-16
-2.6633494325098235e-16
-8.5253198418279701e-16
-9.0923078053739733e-16
-4.8065693393949254e-16
-4.4189947090235988e-16
-3.7933934544603506e-16
-1.2108427219072423e-16
-9.5260999965703346e-17
-5.8601611598393390e-16
-8.5527366402374610e-16
-8.0852115170620197e-16
1.6791449257815411e-18
-2.8888143076480544e-16
-8.0228927163780008e-16
-3.5434287760242726e-16
-4.5881959246256283e-16
-4.9425566233475530e-16
-1.1535742487541811e-15
-5.3591372499586073e-16
-6.5838483471762130e-16
-3.2709586930887786e-16
-4.3354039803049448e-16
-2.0593398283935830e-16
-8.9449688048629410e-16
-6.1785532647029276e-16
-1.7537668743173968e-16
-4.9791096122195004e-16
-7.7496740100937565e-16
-1.2294221806755359e-15
-3.3008408994860461e-16
-4.0746732413171562e-16
-5.2741418092978249e-17
-4.1559701750803606e-16
-3.8813028816355474e-16
-6.0022004689061758e-16
-3.9617131505799966e-16
-5.9864508460526808e-16
-1.1433481095229463e-15
-6.2869931770903962e-16
6.0171274757197357e-17
-8.1691516195789738e-17
-4.9300005219262860e-17
-2.1342872176591477e-16
-7.0460541132586353e-16
-4.6402084229609616e-16
-5.3230881416667493e-16
-8.6481770643611145e-16
-8.5630729503141461e-16
-8.0802932421115079e-16
-8.7998233039200868e-16
-3.6626024012435220e-16
-6.1841973076947026e-16
-1.0958713442594175e-15
-1.0973431258643725e-15
-6.4132380502468892e-16
-8.0228374844719447e-16
-2.9476326325313067e-16
-8.5395056121036871e-16
-1.1847883649290106e-15
-1.4276966317383072e-15
-1.5318982211502032e-15
-1.5898058216737807e-15
-1.6352127757241231e-15
-1.3812171759121308e-15
-1.1563875456148882e-15
-1.1475935080242378e-15
-1.0399403445102004e-15
-1.0559368482002386e-15
-1.3159930735224824e-15
-1.2025910344033848e-15
-7.8112813914402988e-16
-2.4479946239866845e-16
-1.7187830866178639e-15
-8.4127621702637642e-16
-1.5999263134824955e-15
-1.4245763152451325e-15
-1.3126414439473690e-15
-1.2714359656758601e-15
-1.4964271600773061e-15
-1.5707768337248237e-15
-1.3139469669428882e-15
-8.9645290779576749e-16
-8.8998528115780578e-16
-9.4593198266130826e-16
-8.5664507550254909e-16
-4.9651367022271731e-16
-1.2724219339391560e-15
-1.1155119885242780e-15
-1.1788548527183330e-15
-1.3074087258743840e-15
-1.3480745614817163e-15
-9.9419154871628587e-16
-6.7807372993378934e-16
-4.9434250173937066e-16
-7.0544975471066406e-16
-8.0525862705355388e-16
-7.7066617726218117e-16
-2.0773977963546226e-16
-9.6087281005084688e-16
-8.0759882932586192e-16
-2.9445219533263437e-16
-6.0055930275829955e-16
7.4633911564484678e-17
1.2850792944734059e-16
-1.2182360540347488e-16
-3.7760560759965738e-16
3.4608245703079702e-16
-4.1057796666637008e-17
3.9117136032152413e-16
-1.7128965738978822e-16
-1.3204710431224238e-15
-1.6700969508040274e-15
-8.1349188487398498e-16
-1.2849622604345046e-16
-4.8595348976224561e-16
-2.8704998493156775e-16
