0.0000000000000000e+00
-4.4634146340809018e-05
-8.9270284978046373e-05
-1.3390243902182809e-04
-1.7853658518342965e-04
-2.2317272364102235e-04
-2.6781085457346641e-04
-5.3743902426936258e-04
-1.0904065037566650e-03
-1.6433739766344756e-03
-2.1963414563096091e-03
-2.1517073106010454e-03
-2.1070751570100086e-03
-2.0624449953591645e-03
-2.0178048721915007e-03
-1.9731667416753198e-03
-1.9285365795141569e-03
-1.8839024331722841e-03
-1.8392702789492375e-03
-1.7946341404897676e-03
-1.7499999941499934e-03
-1.7053658478078622e-03
-1.6607336935842815e-03
-1.6160975551228220e-03
-1.1214634126860547e-03
-5.6849534082809635e-04
-1.5528447903018187e-05
5.3743903140800436e-04
1.0904065112031880e-03
1.6433739908782736e-03
2.1963414705534856e-03
2.1517073235436069e-03
2.1070711842378731e-03
2.0624330524584688e-03
2.0178048839345568e-03
1.9731747236486569e-03
1.9285425714231775e-03
1.8839024449039937e-03
1.8392682985641107e-03
1.7946341522187504e-03
1.7500000058770233e-03
1.7053658595356800e-03
1.6607297208970147e-03
1.6160975668544134e-03
1.1214634165736079e-03
5.6849828042949589e-04
1.5528462702020251e-05
-5.3743901743852904e-04
-1.0904064969600063e-03
-1.6433739766348616e-03
-2.1963414563095905e-03
-2.1517073106009023e-03
-2.1070751570104224e-03
-2.0624449953606135e-03
-2.0178048721912647e-03
-1.9731667416737881e-03
-1.9285365795145312e-03
-1.8839024331724699e-03
-1.8392702789490462e-03
-1.7946341404900010e-03
-1.7499999941503390e-03
-1.7053658478099647e-03
-1.6607336935867099e-03
-1.6160975551241274e-03
-1.1214634126863840e-03
-5.6849534082867011e-04
-1.5528447903895720e-05
5.3743903140728467e-04
1.0904065112027736e-03
1.6433739908773568e-03
2.1963414705517578e-03
2.1517073235411245e-03
2.1070711842359592e-03
2.0624330524558099e-03
2.0178048839333464e-03
1.9731747236480962e-03
1.9285425714229642e-03
1.8839024449025074e-03
1.8392682985626085e-03
1.7946341522181272e-03
1.7500000058756123e-03
1.7053658595343215e-03
1.6607297208965414e-03
1.6160975668539717e-03
1.1214634165737573e-03
5.6849828042834685e-04
1.5528462700780967e-05
-5.3743901744005397e-04
-1.0904064969611150e-03
-1.6433739766358710e-03
-2.1963414563103000e-03
-2.1517073106021144e-03
-2.1070751570121862e-03
-2.0624449953614817e-03
-2.0178048721914304e-03
-1.9731667416727416e-03
-1.9285365795162798e-03
-1.8839024331751015e-03
-1.8392702789515765e-03
-1.7946341404919206e-03
-1.7499999941523712e-03
-1.7053658478115310e-03
-1.6607336935885492e-03
-1.6160975551277191e-03
-1.1214634126886179e-03
-5.6849534083197953e-04
-1.5528447907278366e-05
5.3743903140412389e-04
1.0904065111994913e-03
1.6433739908746615e-03
2.1963414705487515e-03
2.1517073235387233e-03
2.1070711842335150e-03
2.0624330524540075e-03
2.0178048839292924e-03
1.9731747236431440e-03
1.9285425714174278e-03
1.8839024448987307e-03
1.8392682985589972e-03
1.7946341522134834e-03
1.7500000058727316e-03
1.7053658595309494e-03
1.6607297208940538e-03
1.6160975668509884e-03
1.1214634165706964e-03
5.6849828042599500e-04
1.5528462698681538e-05
-5.3743901744249896e-04
-1.0904064969625075e-03
-1.6433739766378310e-03
-2.1963414563122927e-03
-2.1517073106040166e-03
-2.1070751570126021e-03
-2.0624449953623404e-03
-2.0178048721935810e-03
-1.9731667416768273e-03
-1.9285365795169817e-03
-1.8839024331760554e-03
-1.8392702789538288e-03
-1.7946341404927214e-03
-1.7499999941535209e-03
-1.7053658478111498e-03
-1.6607336935873121e-03
-1.6160975551261589e-03
-1.1214634126874914e-03
-5.6849534082975431e-04
-1.5528447905382764e-05
5.3743903140729518e-04
1.0904065112023746e-03
1.6433739908772434e-03
2.1963414705525328e-03
2.1517073235422005e-03
2.1070711842368934e-03
2.0624330524572770e-03
2.0178048839338946e-03
1.9731747236486873e-03
1.9285425714233291e-03
1.8839024449037671e-03
1.8392682985637543e-03
1.7946341522187439e-03
1.7500000058770654e-03
1.7053658595351652e-03
1.6607297208981980e-03
1.6160975668544205e-03
1.1214634165739666e-03
5.6849828042868447e-04
1.5528462700902283e-05
-5.3743901743968621e-04
-1.0904064969606006e-03
-1.6433739766353907e-03
-2.1963414563101660e-03
-2.1517073106014613e-03
-2.1070751570105542e-03
-2.0624449953601169e-03
-2.0178048721921117e-03
-1.9731667416752834e-03
-1.9285365795154912e-03
-1.8839024331740895e-03
-1.8392702789507996e-03
-1.7946341404908163e-03
-1.7499999941514622e-03
-1.7053658478096915e-03
-1.6607336935858304e-03
-1.6160975551248367e-03
-1.1214634126874934e-03
-5.6849534083075026e-04
-1.5528447906150477e-05
5.3743903140512689e-04
1.0904065112004799e-03
1.6433739908759126e-03
2.1963414705501788e-03
2.1517073235408912e-03
2.1070711842355230e-03
2.0624330524558914e-03
2.0178048839337576e-03
1.9731747236486148e-03
1.9285425714228187e-03
1.8839024449035248e-03
1.8392682985628457e-03
1.7946341522181166e-03
1.7500000058774572e-03
