0.0000000000000000e+00
-2.5345242559325526e-16
-3.7947814797212659e-16
2.0722486830546448e-16
3.2299339638981152e-16
2.3711294524600798e-16
3.4917770346617544e-16
-4.4735187209656442e-16
7.4992797890868323e-16
-5.1163638699344907e-16
-3.2092433856892916e-16
-4.6995253392124850e-16
-1.0928940095892342e-15
-9.1041069489201284e-16
-3.8722856381738873e-16
2.6847802056135316e-16
-4.1725586480352651e-16
-6.5403734493328264e-16
-1.0323623220944123e-15
-3.6578516247622823e-16
-6.8919886798104663e-16
-1.0560818809666696e-17
2.3491028000743467e-16
7.7757216222918049e-17
1.7751511626491861e-16
5.6695371064471012e-18
-1.8034154621243304e-16
-5.5858696316535056e-16
-5.0406783462600087e-16
-3.1901196055451430e-17
-1.9454562097809081e-16
-1.4917237559044213e-17
1.3945593179300044e-16
1.4082399481568870e-16
-4.0555895636305143e-18
-9.7622385607768498e-16
-1.4691742858707886e-15
-4.1933216552775298e-16
-4.4643368394795554e-16
-5.1295782549757900e-16
-3.7652895869548100e-16
-6.7458746771236367e-16
-9.5558004228322993e-16
3.7429587787175925e-17
-5.1197191854383580e-16
-7.6768043024112895e-16
-4.7907288297004147e-16
-6.7909482945788332e-16
-7.2605190237000537e-16
-5.4624555161249417e-16
-9.5210469478036571e-16
-7.8536751713468190e-16
-7.1992658196132817e-16
-5.1352480694560949e-16
-1.2068402335863240e-15
-8.7334636741936268e-16
-9.4158016227119797e-16
-7.6070834243819562e-17
-1.8095439944262255e-16
-4.7877314211187147e-16
-7.1270223902645780e-16
-8.6338461285857938e-16
-1.3102584125875166e-15
-8.5230136160575972e-16
-9.8480241107156273e-16
-8.6803475598150188e-16
-6.3394890061920964e-16
-9.8518757642564144e-16
-1.5676142386685080e-15
-8.4017429908213610e-16
-1.2276407282434464e-15
-1.3597982045754239e-15
-2.0364866544306210e-15
-2.6648726480327377e-15
-1.6132270705662216e-15
-4.6104188430045141e-16
2.6931371541182775e-16
-8.1978172555778557e-16
-1.4305759448038618e-15
-7.8638637634110052e-16
-1.4416152505199465e-15
-1.2619091906372714e-15
-1.2775437550071729e-15
-9.8437371757222690e-16
-1.6680962408187466e-15
-1.5629371261192639e-15
-1.0384984979422625e-15
-1.7458873708109454e-15
-1.4974188317755007e-15
-1.6055139858397079e-15
-9.7511690805384003e-16
-1.2707939413845035e-15
-2.2554863201079463e-15
-2.5408344753512268e-15
-9.7081217219917548e-16
4.6926773713341668e-16
-1.4028107883033727e-15
-7.6682241374708838e-16
-8.5830145054068763e-16
-6.7594696823489377e-16
-5.2692637945353636e-16
-8.3129042700558909e-16
-1.1959922441382416e-15
-1.6006708100877360e-15
-1.1090315570466120e-15
-9.9161661230423583e-16
-1.3836308865443680e-15
-7.6568500547307943e-16
-9.3346076925535953e-16
-5.2440380673942854e-16
-7.9300661850035566e-16
-9.2781139205029498e-16
-2.3034535374947929e-16
-7.4208484305772430e-16
-8.5379634327263084e-16
-2.0015010747407615e-15
-2.2893594647097216e-15
-1.3756213102439896e-15
-1.5896158629052910e-15
-1.5429109868591608e-15
-1.1329001012359842e-15
-9.1070038628814410e-16
-1.4273003222370568e-15
-1.5087725860166898e-15
-1.4075521550894757e-15
-1.4019309273917887e-15
-1.3646823382974209e-15
-1.8013394842335095e-15
-1.4695093724290098e-15
-1.7336298648362630e-15
-1.5353926588617159e-15
-1.8163829526313162e-15
-1.3911406528578333e-15
-1.3966933680853443e-15
-1.9955094542391102e-15
-2.1800936852025653e-15
-1.6251454678543652e-15
-2.2404078572304289e-15
-2.4791246061140336e-15
-1.7359487446437957e-15
-1.1903754547550672e-15
-1.8698492069913661e-15
-2.0738738995006822e-15
-1.6627073481968794e-15
-1.6935782177091021e-15
-1.9134448320560974e-15
-1.5958765622448116e-15
-2.1317646303731108e-15
-1.6973137725954651e-15
-1.6793435786778977e-15
-1.4142825693643999e-15
-1.1043979735729273e-15
-9.8041659858288562e-16
-4.2378673108139821e-16
-1.2495934958014298e-15
-2.1478673863111208e-15
-2.9194019951568186e-15
-1.6006182474484666e-15
-1.4515451508408628e-15
-1.7554409651901500e-15
-1.6745876740106287e-15
-1.4381855895192944e-15
-1.1937450816597697e-15
-1.4915067166102074e-15
-1.3611553224719853e-15
-1.6961977852572211e-15
-1.9720087829119736e-15
-1.0321834083180686e-15
-1.3224156749094148e-15
-1.5282336917412070e-15
-1.3351998198063894e-15
-1.5874092607909638e-15
-1.9466819129507622e-15
-2.2868090546385581e-15
-1.3850860553765771e-15
-4.7130777162496114e-16
-1.3688012271299766e-15
-1.0728687007495130e-15
-1.1870855513737754e-15
-1.4600173210382320e-15
-1.7700334367256901e-15
-1.7453807355489382e-15
-1.3375454366150685e-15
-1.5523539208427231e-15
-1.7407984635239591e-15
-1.5910809600400586e-15
-1.9082273866228414e-15
-2.2633191466737459e-15
-1.7711512342023798e-15
-1.7989241535172985e-15
-2.4489188167067725e-15
-1.9625289472615113e-15
-2.2109883888564057e-15
-2.2221124973058504e-15
-1.9479912110656778e-15
-2.4666047873757396e-15
-2.4891151437189453e-15
-2.1745451021704564e-15
-2.0678155120759010e-15
-2.7886036769460178e-15
-2.6672655465419636e-15
