0.0000000000000000e+00
-4.4634146341425516e-05
-8.9270284978073533e-05
-1.3390243902229156e-04
-1.7853658518436483e-04
-2.2317272364285614e-04
-2.6781085457466055e-04
-5.3743902426826482e-04
-1.0904065037562482e-03
-1.6433739766347020e-03
-2.1963414563092296e-03
-2.1517073106003906e-03
-2.1070751570108682e-03
-2.0624449953616261e-03
-2.0178048721916850e-03
-1.9731667416730695e-03
-1.9285365795152873e-03
-1.8839024331738330e-03
-1.8392702789501287e-03
-1.7946341404906406e-03
-1.7499999941506124e-03
-1.7053658478091390e-03
-1.6607336935849165e-03
-1.6160975551244737e-03
-1.1214634126869879e-03
-5.6849534083045156e-04
-1.5528447905344221e-05
5.3743903140583736e-04
1.0904065112007759e-03
1.6433739908757752e-03
2.1963414705512500e-03
2.1517073235408518e-03
2.1070711842347636e-03
2.0624330524553420e-03
2.0178048839328971e-03
1.9731747236484626e-03
1.9285425714224457e-03
1.8839024449022119e-03
1.8392682985623606e-03
1.7946341522173206e-03
1.7500000058754811e-03
1.7053658595342020e-03
1.6607297208975484e-03
1.6160975668538516e-03
1.1214634165733054e-03
5.6849828042894901e-04
1.5528462702014349e-05
-5.3743901743866826e-04
-1.0904064969591443e-03
-1.6433739766337806e-03
-2.1963414563088701e-03
-2.1517073106001984e-03
-2.1070751570096773e-03
-2.0624449953586719e-03
-2.0178048721914876e-03
-1.9731667416762323e-03
-1.9285365795153433e-03
-1.8839024331732514e-03
-1.8392702789493652e-03
-1.7946341404901792e-03
-1.7499999941515613e-03
-1.7053658478097913e-03
-1.6607336935859378e-03
-1.6160975551247191e-03
-1.1214634126879050e-03
-5.6849534083058470e-04
-1.5528447905073336e-05
5.3743903140680989e-04
1.0904065112009951e-03
1.6433739908765425e-03
2.1963414705510093e-03
2.1517073235405677e-03
2.1070711842336607e-03
2.0624330524532941e-03
2.0178048839322761e-03
1.9731747236483351e-03
1.9285425714246321e-03
1.8839024449024107e-03
1.8392682985615132e-03
1.7946341522169058e-03
1.7500000058748274e-03
1.7053658595333359e-03
1.6607297208955346e-03
1.6160975668524202e-03
1.1214634165724977e-03
5.6849828042783716e-04
1.5528462699998505e-05
-5.3743901744101024e-04
-1.0904064969614827e-03
-1.6433739766360137e-03
-2.1963414563110901e-03
-2.1517073106020758e-03
-2.1070751570119142e-03
-2.0624449953625312e-03
-2.0178048721926881e-03
-1.9731667416763902e-03
-1.9285365795168705e-03
-1.8839024331753977e-03
-1.8392702789519436e-03
-1.7946341404909030e-03
-1.7499999941517610e-03
-1.7053658478103412e-03
-1.6607336935875123e-03
-1.6160975551263491e-03
-1.1214634126878453e-03
-5.6849534083045828e-04
-1.5528447906286687e-05
5.3743903140571485e-04
1.0904065112004621e-03
1.6433739908761819e-03
2.1963414705506298e-03
2.1517073235414871e-03
2.1070711842357493e-03
2.0624330524568069e-03
2.0178048839321204e-03
1.9731747236456580e-03
1.9285425714188151e-03
1.8839024449008284e-03
1.8392682985622804e-03
1.7946341522168960e-03
1.7500000058755505e-03
1.7053658595336495e-03
1.6607297208958824e-03
1.6160975668521914e-03
1.1214634165724871e-03
5.6849828042829643e-04
1.5528462701707520e-05
-5.3743901743937006e-04
-1.0904064969603443e-03
-1.6433739766358931e-03
-2.1963414563103212e-03
-2.1517073106016842e-03
-2.1070751570105048e-03
-2.0624449953592647e-03
-2.0178048721909599e-03
-1.9731667416750700e-03
-1.9285365795133321e-03
-1.8839024331730857e-03
-1.8392702789504891e-03
-1.7946341404906311e-03
-1.7499999941507668e-03
-1.7053658478087316e-03
-1.6607336935857626e-03
-1.6160975551243149e-03
-1.1214634126846951e-03
-5.6849534082881572e-04
-1.5528447903408195e-05
5.3743903140818314e-04
1.0904065112027877e-03
1.6433739908786268e-03
2.1963414705538187e-03
2.1517073235446387e-03
2.1070711842375543e-03
2.0624330524582108e-03
2.0178048839362963e-03
1.9731747236515417e-03
1.9285425714275393e-03
1.8839024449048526e-03
1.8392682985659858e-03
1.7946341522204646e-03
1.7500000058780509e-03
1.7053658595372178e-03
1.6607297209000004e-03
1.6160975668562032e-03
1.1214634165772248e-03
5.6849828043247950e-04
1.5528462704921630e-05
-5.3743901743475331e-04
-1.0904064969563861e-03
-1.6433739766318076e-03
-2.1963414563054839e-03
-2.1517073105969966e-03
-2.1070751570067465e-03
-2.0624449953559015e-03
-2.0178048721873698e-03
-1.9731667416702341e-03
-1.9285365795106799e-03
-1.8839024331690512e-03
-1.8392702789453584e-03
-1.7946341404862422e-03
-1.7499999941471144e-03
-1.7053658478044312e-03
-1.6607336935804396e-03
-1.6160975551198766e-03
-1.1214634126820956e-03
-5.6849534082490337e-04
-1.5528447899795531e-05
5.3743903141156390e-04
1.0904065112076456e-03
1.6433739908817274e-03
2.1963414705561462e-03
2.1517073235460368e-03
2.1070711842402804e-03
2.0624330524608931e-03
2.0178048839386122e-03
1.9731747236537917e-03
1.9285425714288471e-03
1.8839024449067809e-03
1.8392682985675264e-03
1.7946341522223899e-03
1.7500000058805996e-03
