0.0000000000000000e+00
0.0000000000000000e+00
0.0000000000000000e+00
0.0000000000000000e+00
0.0000000000000000e+00
0.0000000000000000e+00
0.0000000000000000e+00
4.4999999978086798e-04
1.4666666661113273e-03
2.4833333216361126e-03
3.4999999883026300e-03
3.4999999883026300e-03
3.4999999883026300e-03
3.4999999883026300e-03
3.4999999883026300e-03
3.4999999883026300e-03
3.4999999883026300e-03
3.4999999883026300e-03
3.4999999883026300e-03
3.4999999883026300e-03
3.4999999883026300e-03
3.4999999883026300e-03
3.4999999883026300e-03
3.4999999883026300e-03
4.3999999801107442e-03
5.4166740926302383e-03
6.4333333221063800e-03
7.4499999881495090e-03
8.4666666550232191e-03
9.4833333216897808e-03
1.0499999988357111e-02
1.0499999988357111e-02
1.0499999988357111e-02
1.0499999988357111e-02
1.0499999988357111e-02
1.0499999988357111e-02
1.0499999988357111e-02
1.0499999988357111e-02
1.0499999988357111e-02
1.0499999988357111e-02
1.0499999988357111e-02
1.0499999988357111e-02
1.0499999988357111e-02
1.0499999988357111e-02
1.1399999996617024e-02
1.2416655984661401e-02
1.3433333321201502e-02
1.4449999988680459e-02
1.5466666655079283e-02
1.6483333321745820e-02
1.7499999988412913e-02
1.7499999988412913e-02
1.7499999988412913e-02
1.7499999988412913e-02
1.7499999988412913e-02
1.7499999988412913e-02
1.7499999988412913e-02
1.7499999988412913e-02
1.7499999988412913e-02
1.7499999988412913e-02
1.7499999988412913e-02
1.7499999988412913e-02
1.7499999988412913e-02
1.7499999988412913e-02
1.8399999980221463e-02
1.9416674092741636e-02
2.0433333322218066e-02
2.1449999988261366e-02
2.2466666655134068e-02
2.3483333321801983e-02
2.4499999988467792e-02
2.4499999988467792e-02
2.4499999988467792e-02
2.4499999988467792e-02
2.4499999988467792e-02
2.4499999988467792e-02
2.4499999988467792e-02
2.4499999988467792e-02
2.4499999988467792e-02
2.4499999988467792e-02
2.4499999988467792e-02
2.4499999988467792e-02
2.4499999988467792e-02
2.4499999988467792e-02
2.5399999996726402e-02
2.6416655984771352e-02
2.7433333321311381e-02
2.8449999988790754e-02
2.9466666655189037e-02
3.0483333321855523e-02
3.1499999988522417e-02
3.1499999988522417e-02
3.1499999988522417e-02
3.1499999988522417e-02
3.1499999988522417e-02
3.1499999988522417e-02
3.1499999988522417e-02
3.1499999988522417e-02
3.1499999988522417e-02
3.1499999988522417e-02
3.1499999988522417e-02
3.1499999988522417e-02
3.1499999988522417e-02
3.1499999988522417e-02
3.2399999980330968e-02
3.3416674092851005e-02
3.4433333322326773e-02
3.5449999988369729e-02
3.6466666655243091e-02
3.7483333321910117e-02
3.8499999988575964e-02
3.8499999988575964e-02
3.8499999988575964e-02
3.8499999988575964e-02
3.8499999988575964e-02
3.8499999988575964e-02
3.8499999988575964e-02
3.8499999988575964e-02
3.8499999988575964e-02
3.8499999988575964e-02
3.8499999988575964e-02
3.8499999988575964e-02
3.8499999988575964e-02
3.8499999988575964e-02
3.9399999996835786e-02
4.0416655984880111e-02
4.1433333321419810e-02
4.2449999988898833e-02
4.3466666655296804e-02
4.4483333321964552e-02
4.5499999988630850e-02
4.5499999988630850e-02
4.5499999988630850e-02
4.5499999988630850e-02
4.5499999988630850e-02
4.5499999988630850e-02
4.5499999988630850e-02
4.5499999988630850e-02
4.5499999988630850e-02
4.5499999988630850e-02
4.5499999988630850e-02
4.5499999988630850e-02
4.5499999988630850e-02
4.5499999988630850e-02
4.6399999980440712e-02
4.7416674092959757e-02
4.8433333322436961e-02
4.9449999988480320e-02
5.0466666655352932e-02
5.1483333322021166e-02
5.2499999988687790e-02
5.2499999988687790e-02
5.2499999988687790e-02
5.2499999988687790e-02
5.2499999988687790e-02
5.2499999988687790e-02
5.2499999988687790e-02
5.2499999988687790e-02
5.2499999988687790e-02
5.2499999988687790e-02
5.2499999988687790e-02
5.2499999988687790e-02
5.2499999988687790e-02
5.2499999988687790e-02
5.3399999996948243e-02
5.4416655984992970e-02
5.5433333321532975e-02
5.6449999989011845e-02
5.7466666655410351e-02
5.8483333322077412e-02
5.9499999988743058e-02
5.9499999988743058e-02
5.9499999988743058e-02
5.9499999988743058e-02
5.9499999988743058e-02
5.9499999988743058e-02
5.9499999988743058e-02
5.9499999988743058e-02
5.9499999988743058e-02
5.9499999988743058e-02
5.9499999988743058e-02
5.9499999988743058e-02
5.9499999988743058e-02
5.9499999988743058e-02
6.0399999980551990e-02
6.1416674093071902e-02
6.2433333322548107e-02
6.3449999988590577e-02
6.4466666655464661e-02
6.5483333322130244e-02
6.6499999988797409e-02
6.6499999988797409e-02
6.6499999988797409e-02
6.6499999988797409e-02
6.6499999988797409e-02
6.6499999988797409e-02
6.6499999988797409e-02
6.6499999988797409e-02
6.6499999988797409e-02
6.6499999988797409e-02
6.6499999988797409e-02
