0.0000000000000000e+00
1.0166666666765192e+01
2.0328871690829189e+01
3.0500000000288864e+01
4.0666665603262906e+01
5.0828869563667453e+01
6.0986612945584021e+01
7.1166666665585055e+01
8.1333333331056735e+01
9.1500000263814982e+01
1.0166666693040621e+02
9.1500000008595933e+01
8.1328870379600090e+01
7.1153276978427613e+01
6.1000000000619792e+01
5.0842263510125768e+01
4.0666666666808368e+01
3.0500000000352099e+01
2.0328870626575352e+01
1.0166666666992215e+01
4.1729906316734089e-10
-1.0166666666301380e+01
-2.0337796040081166e+01
-3.0499999999661263e+01
-4.0666666681032282e+01
-5.0835179844221216e+01
-6.0999999731294096e+01
-7.1166666404246484e+01
-8.1333333069119575e+01
-9.1499999735559825e+01
-1.0166666640210617e+02
-9.1499999989517946e+01
-8.1337795219522775e+01
-7.1180051028222493e+01
-6.0999999999408530e+01
-5.0824413805851329e+01
-4.0653291382188243e+01
-3.0499999999777323e+01
-2.0333333332953739e+01
-1.0166666666694077e+01
-1.4405808195449820e-10
1.0166666666570467e+01
2.0328871690588151e+01
3.0500000000141551e+01
4.0666666651966437e+01
5.0831450925896164e+01
6.1000000266574894e+01
7.1166666929042592e+01
8.1333333597192492e+01
9.1500000263881560e+01
1.0166666693059599e+02
9.1500000008714906e+01
8.1328870379786849e+01
7.1153276978714317e+01
6.1000000000596238e+01
5.0842263509600478e+01
4.0666666666790903e+01
3.0500000000346613e+01
2.0328870626722594e+01
1.0166666666912477e+01
-3.2565313019474403e-11
-1.0166666666912402e+01
-2.0337796040715752e+01
-3.0499999999882061e+01
-4.0666666681386246e+01
-5.0835179844633018e+01
-6.0999999731762472e+01
-7.1166666404601401e+01
-8.1333333069301347e+01
-9.1499999736120500e+01
-1.0166666640269747e+02
-9.1499999990151963e+01
-8.1337795219888420e+01
-7.1180051028774884e+01
-6.0999999999644999e+01
-5.0824413806062104e+01
-4.0653291381990876e+01
-3.0499999999945267e+01
-2.0333333333307884e+01
-1.0166666666814208e+01
-5.4266618710478248e-10
1.0166666666177381e+01
2.0328871690329660e+01
3.0499999999808175e+01
4.0666666651663348e+01
5.0831450925359434e+01
6.1000000265779910e+01
7.1166666928212663e+01
8.1333333596321722e+01
9.1500000263040846e+01
1.0166666692978342e+02
9.1500000007861317e+01
8.1328870378760698e+01
7.1153276977623847e+01
6.1000000000231701e+01
5.0842263510004948e+01
4.0666666666069666e+01
3.0499999999237897e+01
2.0328870625297352e+01
1.0166666666243980e+01
-6.5900422440866688e-10
-1.0166666667487025e+01
-2.0337796041582301e+01
-3.0500000000996298e+01
-4.0666666682001981e+01
-5.0835179845465483e+01
-6.0999999732771279e+01
-7.1166666405457917e+01
-8.1333333070235568e+01
-9.1499999736603499e+01
-1.0166666640327358e+02
-9.1499999990555423e+01
-8.1337795220195119e+01
-7.1180051028519898e+01
-6.1000000000383231e+01
-5.0824413807260285e+01
-4.0653291383884017e+01
-3.0500000000829747e+01
-2.0333333333810391e+01
-1.0166666667683144e+01
-8.6546379926352098e-10
1.0166666665499600e+01
2.0328871689303885e+01
3.0499999999244846e+01
4.0666666651396760e+01
5.0831450925188236e+01
6.1000000265969142e+01
7.1166666928196719e+01
8.1333333596345796e+01
9.1500000263031325e+01
1.0166666692975838e+02
9.1500000008038569e+01
8.1328870379262597e+01
7.1153276978435287e+01
6.1000000000550919e+01
5.0842263509741436e+01
4.0666666666816958e+01
3.0499999999990365e+01
2.0328870625929849e+01
1.0166666666426663e+01
-2.2183141643488614e-10
-1.0166666666503037e+01
-2.0337796040271652e+01
-3.0499999999723656e+01
-4.0666666681002255e+01
-5.0835179844286223e+01
-6.0999999731770224e+01
-7.1166666404313659e+01
-8.1333333068984714e+01
-9.1499999735743344e+01
-1.0166666640213951e+02
-9.1499999989367979e+01
-8.1337795219265544e+01
-7.1180051027683149e+01
-6.0999999998870507e+01
-5.0824413805272137e+01
-4.0653291381280042e+01
-3.0499999999474202e+01
-2.0333333332351074e+01
-1.0166666666306284e+01
2.2311259965258031e-10
1.0166666666936246e+01
2.0328871691023313e+01
3.0500000000554742e+01
4.0666666652821675e+01
5.0831450926426257e+01
6.1000000266933100e+01
7.1166666929629685e+01
8.1333333597540133e+01
9.1500000264187079e+01
1.0166666693083961e+02
9.1500000008968016e+01
8.1328870380157696e+01
7.1153276979260241e+01
6.1000000001024425e+01
5.0842263510265525e+01
4.0666666667137306e+01
3.0500000000506837e+01
2.0328870626848811e+01
1.0166666667271873e+01
3.3232657176729744e-10
-1.0166666666036788e+01
-2.0337796039666401e+01
-3.0499999999383260e+01
-4.0666666680759732e+01
-5.0835179844211780e+01
-6.0999999731418285e+01
-7.1166666404132513e+01
-8.1333333068770344e+01
-9.1499999735101269e+01
-1.0166666640209561e+02
-9.1499999989146531e+01
-8.1337795218819053e+01
-7.1180051027057615e+01
-6.0999999998383672e+01
-5.0824413804911487e+01
-4.0653291381560990e+01
-3.0499999998819515e+01
-2.0333333332232257e+01
-1.0166666665832739e+01
8.7742834042329416e-10
