0.0000000000000000e+00
4.5313282989072860e-12
-4.6630121764892947e-11
-7.8942217635862837e-12
-3.2279969738799019e-11
-5.1605926447281906e-11
-1.1872660128348408e-10
5.7624944527469923e-11
-1.7303419364461446e-11
-1.5090980793047761e-11
-2.2561053084361990e-11
-1.7257709942424368e-11
2.1088305895137215e-11
-1.1850547662786957e-10
1.0200908070039648e-12
1.2366713451974049e-10
-2.1706513464059725e-11
3.3311279306775602e-11
7.0053586313925313e-11
2.0551158269198979e-11
1.0293316086206954e-10
8.1655002180258568e-11
5.1070866945650008e-11
4.2381438493251193e-12
3.4398809187593509e-11
5.2604896024492275e-11
4.5719848020568726e-11
-3.3021157529846549e-11
-4.3367221286778115e-11
7.0834080500988991e-12
1.4102255060938148e-11
2.2540077827593104e-11
1.9702376533397604e-11
-1.1164050566735706e-10
2.3352875781092426e-11
-1.1772093260290221e-11
7.6440413569369686e-11
-2.6933287597487654e-11
-2.6004692226640810e-11
-5.7183238438821678e-11
-3.5138014682962182e-11
-8.2088688833544749e-11
-1.1567375475401005e-10
-1.8582807429764153e-11
-2.4090331002740328e-11
-5.9167515465833930e-11
-1.3843287695124118e-11
-1.6724616986259037e-12
-1.6041953609939092e-11
2.0714912497944186e-11
8.4237647171670224e-12
-2.4559465458794756e-11
-3.9572258828555584e-11
-6.0560671261167623e-11
-7.7842945287920556e-11
-4.2341668831520770e-11
4.0309719478832941e-12
3.6686981963180053e-11
4.8569262072853991e-11
-1.2778363060982839e-11
-2.5260660977278759e-12
1.5624886404086511e-11
-4.8609042659948781e-12
-4.5831598350724396e-11
2.9758748380205505e-12
-4.2902902329878320e-11
-4.9662065112974188e-12
-2.8497091202798710e-11
-4.2045957542213026e-11
-2.0637564227254094e-11
1.6336297921687807e-11
9.1705010784236601e-12
-2.6506080492881180e-11
-5.3093263538213160e-11
1.4552570592320101e-11
9.0318639712738915e-12
9.9861860526435532e-11
5.3717974870071811e-11
3.4999339177017764e-11
-7.0692191827094646e-11
-6.8047960871807871e-11
-4.2825910393412476e-11
-2.5613890984732986e-11
1.6612574165732613e-11
-1.6524525760823776e-11
1.8361955547212441e-11
-4.0406640180685150e-11
-3.0590022863184050e-11
1.0455806598347895e-11
2.6736599005078837e-12
1.2658159408855475e-12
4.2050615450375770e-11
4.6084741192633059e-11
-3.1245712441755330e-11
-7.3627930587863602e-11
-6.6366019441274977e-11
6.1418873627679042e-11
1.5728839607498417e-11
-6.5184779481725445e-11
5.5049170506609014e-12
-1.0934310332801757e-11
-1.6891978523607994e-11
-1.2080094169779626e-10
-2.3318058213132116e-11
-2.5684503030894392e-11
8.0412482662129861e-12
-7.9334952256551781e-12
9.9337585581274662e-12
-5.0705474329638728e-11
-9.0711867828960642e-12
2.4617501849030782e-11
-2.6533294278094234e-11
-7.0411105045260548e-11
-1.4212956974413293e-10
-2.6731231396743590e-13
-1.2435302230322519e-11
4.3502134054735649e-11
-1.4027767682414481e-11
-9.8030230406011713e-12
-4.3345457640225805e-11
-1.1233088610447620e-11
-4.3234622851324556e-11
-1.2918787207256864e-10
-4.8160621292619512e-11
2.7840269695390092e-11
1.1955241064054856e-12
1.8180483468369689e-12
-1.2847077837882212e-11
-4.5905936096626095e-11
-8.5035908030984519e-12
-1.4332580070082248e-11
-6.6725937566332721e-11
-6.5246425273674326e-11
-5.7490821487670665e-11
-6.9234864193031404e-11
1.1707150545372156e-11
-2.7713263290481210e-11
-1.0299385402110046e-10
-1.0324352750116893e-10
-3.1208443313826490e-11
-5.6526415125159590e-11
2.3582027783811479e-11
-6.4439008319976527e-11
-1.1661200475039358e-10
-8.4292430740074740e-11
-5.8354185658026006e-11
-4.5198788987494750e-11
-3.9174127351811750e-11
-1.3915629811873996e-11
-2.8238230234793190e-12
-1.2539533750763489e-11
4.4820446887585141e-12
1.8106456883989964e-12
-3.9122704324955093e-11
-2.1219312632913913e-11
4.5293869193146386e-11
1.2982014409669421e-10
-1.0265577886791073e-10
3.5754668824166559e-11
-8.3962633678665052e-11
-5.6446100757460183e-11
-3.8686987791825404e-11
-3.2142053417897546e-11
-6.7686306503877989e-11
-5.1265714821515778e-11
-1.8168223213048347e-11
1.0942186101075790e-11
-4.2438794441524405e-12
-1.5394550183608425e-11
-9.7206244011590803e-12
1.4788625179137241e-11
-1.0738564128381257e-10
-8.2848092122083316e-11
-9.2840090926975119e-11
-1.1287383742613930e-10
-1.1919313094437713e-10
-6.3495623448480578e-11
-1.3635417484550181e-11
1.5324355083462978e-11
-1.7964167216312700e-11
-3.3711087570592127e-11
-2.8265783102738325e-11
6.0487119110015978e-11
-5.8270180038642941e-11
-2.3375935050519542e-11
2.1247351663016707e-11
-1.7769209477620648e-11
3.8275081531373090e-11
2.0860694606858823e-11
-9.2797184216643205e-12
-2.5311065396635455e-11
8.9046239386662462e-11
2.8011648331363613e-11
9.6285137180548068e-11
7.3787186737302316e-12
-1.7397615825844095e-10
-2.2917553621152946e-10
-9.3850858929168384e-11
1.4181343487523003e-11
-4.2122349869292007e-11
-1.1728868105914395e-11
