0.0000000000000000e+00
3.0500000000049983e+01
6.0993421070579373e+01
9.1499999999747089e+01
1.2199999822480730e+02
1.5249341752071348e+02
1.8298025966240144e+02
2.1349999999453587e+02
2.4399999998661693e+02
2.7450000002987048e+02
3.0500000002979237e+02
2.7449999981721180e+02
2.4399341889959621e+02
2.1348025550037437e+02
1.8299999999841179e+02
1.5251316911981698e+02
1.2199999999955000e+02
9.1499999999826500e+01
6.0993419294827859e+01
3.0499999999805887e+01
5.0170433739321219e-10
-3.0499999999678970e+01
-6.1006580704843557e+01
-9.1500000000298172e+01
-1.2200000008447557e+02
-1.5250199549805441e+02
-1.8299999997465019e+02
-2.1349999996846523e+02
-2.4399999997081227e+02
-2.7449999997058393e+02
-3.0499999997047661e+02
-2.7450000016999331e+02
-2.4400657929889536e+02
-2.1351973558249392e+02
-1.8300000000171934e+02
-1.5248684867602472e+02
-1.2198027982811715e+02
-9.1500000000326395e+01
-6.1000000000565556e+01
-3.0500000000073243e+01
-1.6285620369031526e-10
3.0499999999890036e+01
6.0993421070517989e+01
9.1499999999578520e+01
1.2199999991546109e+02
1.5249790395027838e+02
1.8300000002175921e+02
2.1350000003380603e+02
2.4400000002993215e+02
2.7450000002995228e+02
3.0500000003000844e+02
2.7449999981732003e+02
2.4399341889974505e+02
2.1348025550057025e+02
1.8299999999827406e+02
1.5251316911919355e+02
1.2199999999955915e+02
9.1499999999724338e+01
6.0993419294884355e+01
3.0499999999636238e+01
-5.2331614773619120e-11
-3.0500000000265757e+01
-6.1006580705358260e+01
-9.1500000000442100e+01
-1.2200000008481186e+02
-1.5250199549846218e+02
-1.8299999997512026e+02
-2.1349999996882519e+02
-2.4399999997097933e+02
-2.7449999997115674e+02
-3.0499999997104999e+02
-2.7450000017060097e+02
-2.4400657929909698e+02
-2.1351973558271996e+02
-1.8300000000195465e+02
-1.5248684867642086e+02
-1.2198027982829302e+02
-9.1500000000608267e+01
-6.1000000000976300e+01
-3.0500000000260137e+01
-6.1893620880410984e-10
3.0499999999439499e+01
6.0993421070302340e+01
9.1499999999191459e+01
1.2199999991515020e+02
1.5249790394974514e+02
1.8300000002096630e+02
2.1350000003298652e+02
2.4400000002906143e+02
2.7450000002911025e+02
3.0500000002919074e+02
2.7449999981646158e+02
2.4399341889874964e+02
2.1348025549958581e+02
1.8299999999793448e+02
1.5251316911974232e+02
1.2199999999894321e+02
9.1499999998719900e+01
6.0993419293419848e+01
3.0499999999029047e+01
-6.7910205809884317e-10
-3.0500000000828052e+01
-6.1006580706186760e+01
-9.1500000001386766e+01
-1.2200000008543256e+02
-1.5250199549929650e+02
-1.8299999997611792e+02
-2.1349999996966329e+02
-2.4399999997190838e+02
-2.7449999997161711e+02
-3.0499999997160387e+02
-2.7450000017112433e+02
-2.4400657929963177e+02
-2.1351973558266189e+02
-1.8300000000257131e+02
-1.5248684867725723e+02
-1.2198027982965030e+02
-9.1500000001232223e+01
-6.1000000001361038e+01
-3.0500000000973692e+01
-8.6517990627663271e-10
3.0499999998751530e+01
6.0993421068940165e+01
9.1499999998702293e+01
1.2199999991493010e+02
1.5249790394960829e+02
1.8300000002118330e+02
2.1350000003299147e+02
2.4400000002909957e+02
2.7450000002914010e+02
3.0500000002919307e+02
2.7449999981683521e+02
2.4399341889925628e+02
2.1348025550036914e+02
1.8299999999836712e+02
1.5251316911960171e+02
1.2199999999955573e+02
9.1499999999571827e+01
6.0993419294417500e+01
3.0499999999258652e+01
-9.7325480384427527e-11
-3.0499999999695564e+01
-6.1006580704687522e+01
-9.1500000000044977e+01
-1.2200000008443135e+02
-1.5250199549809639e+02
-1.8299999997512450e+02
-2.1349999996853487e+02
-2.4399999997065859e+02
-2.7449999997078163e+02
-3.0499999997051009e+02
-2.7450000016986320e+02
-2.4400657929856027e+02
-2.1351973558165156e+02
-1.8300000000107082e+02
-1.5248684867536997e+02
-1.2198027982727608e+02
-9.1500000000024954e+01
-6.0999999999935483e+01
-3.0499999999702091e+01
2.6105891939551634e-10
3.0500000000265153e+01
6.0993421070945843e+01
9.1500000000109011e+01
1.2199999991632764e+02
1.5249790395082633e+02
1.8300000002213298e+02
2.1350000003440761e+02
2.4400000003028833e+02
2.7450000003027611e+02
3.0500000003024218e+02
2.7449999981759561e+02
2.4399341890018567e+02
2.1348025550122031e+02
1.8299999999873395e+02
1.5251316911984193e+02
1.2199999999981858e+02
9.1499999999859810e+01
6.0993419295016146e+01
3.0499999999991864e+01
2.9640136210557878e-10
-3.0499999999467768e+01
-6.1006580704383360e+01
-9.1500000000004761e+01
-1.2200000008420281e+02
-1.5250199549805302e+02
-1.8299999997478329e+02
-2.1349999996834686e+02
-2.4399999997046612e+02
-2.7449999997011025e+02
-3.0499999997044659e+02
-2.7450000016955443e+02
-2.4400657929808438e+02
-2.1351973558087798e+02
-1.8300000000065754e+02
-1.5248684867521612e+02
-1.2198027982796300e+02
-9.1499999999311086e+01
-6.0999999999912760e+01
-3.0499999999228482e+01
7.6419280444362292e-10
