0.0000000000000000e+00
1.7141462179681544e-10
-3.4029990317952152e-03
6.0743454303830646e-10
-7.0741999828854560e-07
-3.4044146901101554e-03
-1.0210412726578274e-02
1.0533539631436021e-09
3.2738988454560298e-09
3.8080563246066741e-07
3.8070457208602374e-07
1.0425688825418216e-07
-3.4038802988621869e-03
-1.0212282320434800e-02
1.7456757340257957e-09
6.8107051274383761e-03
5.3613796265987648e-10
7.5191575028917005e-10
-3.4037074577008847e-03
6.8516232990931917e-10
4.5218179239349507e-10
5.3608257489386556e-10
-3.4037075966143033e-03
8.3687583265067292e-10
2.0754704642899749e-08
-1.7720172146051118e-03
3.9043347781264018e-07
3.7789229841006197e-07
3.8176597313864200e-07
3.8199047150778784e-07
3.8209470927147801e-07
1.0078139738629980e-07
-3.4031797611028922e-03
-1.0208750994461000e-02
1.7544460778802407e-09
6.8036291281122954e-03
1.0202840695852014e-02
5.0181167761634081e-10
8.6901984367651825e-10
-9.1443321058532949e-12
-1.2716695074976247e-10
-8.3300637867153507e-11
-3.4029995558522725e-03
3.2670845637075692e-10
2.0191853242782846e-08
-1.7755862834009284e-03
3.8898162054377030e-07
3.7667831132214624e-07
3.8079471734006935e-07
3.8083399395181514e-07
3.8089954296130199e-07
1.0442912477635557e-07
-3.4038801955099214e-03
-1.0212282287969887e-02
1.8484713792324999e-09
6.8107050668262436e-03
5.4918646376500778e-10
8.0886963247392405e-10
-3.4037072440396168e-03
6.4971285550452674e-10
1.7687152407002467e-10
-1.3812060515501744e-10
-3.4037083499137361e-03
5.3938546738408714e-10
2.0437647351765673e-08
-1.7720176474065800e-03
3.8993436915292239e-07
3.7751088772385041e-07
3.8159474898654603e-07
3.8139742197745461e-07
3.8148893301744999e-07
1.0006798443730456e-07
-3.4031801428393372e-03
-1.0208751668874293e-02
1.5161943727333672e-09
6.8036289952927154e-03
1.0202840946520372e-02
3.1636356616935891e-10
5.2367572442779851e-10
-8.0610202724638826e-11
-5.3830308813955304e-10
-5.0010107672231679e-10
-3.4029997035622999e-03
1.0685135670899743e-10
1.9914786503158165e-08
-1.7755868398807528e-03
3.8819898097843841e-07
3.7584352353877376e-07
3.7994658179392138e-07
3.7999983752111193e-07
3.8011054772083674e-07
1.0353340074808657e-07
-3.4038812880738995e-03
-1.0212283315598961e-02
1.4398377350123959e-09
6.8107053765091227e-03
-3.7615263052150870e-10
-5.3047938485090944e-10
-3.4037087905667987e-03
-2.8987576107181956e-10
-7.4947309095923318e-10
-9.5160252066004004e-10
-3.4037094290682492e-03
-9.7481351717694365e-10
1.9655180606481259e-08
-1.7720185966579041e-03
3.8888799248282885e-07
3.7660482983999417e-07
3.8060499992152905e-07
3.8088237517160320e-07
3.8086844410879769e-07
9.9648482162216360e-08
-3.4031805311088275e-03
-1.0208751538464494e-02
6.1713032169373429e-10
6.8036276778445960e-03
1.0202838997561482e-02
-6.9102929559239305e-10
-1.9538693210004951e-10
-1.1972990463219690e-09
-9.4504112814033332e-10
-1.2193479640385747e-09
-3.4030005529574990e-03
-4.9654297521138274e-10
1.9591447664161419e-08
-1.7755870635611508e-03
3.8831943770131516e-07
3.7576490224901198e-07
3.7997912439206301e-07
3.7998048943509459e-07
3.8003384986719962e-07
1.0360208946824145e-07
-3.4038807527941818e-03
-1.0212282624076082e-02
1.5869311869273426e-09
6.8107048272000315e-03
3.1795968727517041e-10
1.2964642100887191e-10
-3.4037084030282137e-03
1.7097072067778653e-11
-3.0720153932709567e-10
8.7473903474962061e-11
-3.4037080148976349e-03
4.6500413142906126e-10
2.0685883278740993e-08
-1.7720173305288325e-03
3.8988686358467456e-07
3.7783582050873014e-07
3.8189655248771557e-07
3.8176459841712244e-07
3.8204097954965202e-07
1.0078971347254808e-07
-3.4031795790484434e-03
-1.0208750666089752e-02
2.1528900936193819e-09
6.8036296441419813e-03
1.0202841468981504e-02
8.0568735395230766e-10
1.3574973674443301e-09
3.5620628904041814e-10
2.4067138110433208e-10
2.2857790725008621e-10
-3.4029989584407391e-03
7.8560228778351208e-10
2.1018991343529109e-08
-1.7755858110195420e-03
3.8930882628043605e-07
3.7719165571452097e-07
3.8115532760390971e-07
3.8115994687449060e-07
3.8110260847634865e-07
1.0464408420943459e-07
-3.4038798363152049e-03
-1.0212281719055310e-02
2.1270657778752911e-09
6.8107054094055245e-03
7.5256879782430545e-10
7.6167067425493167e-10
-3.4037073419651842e-03
8.8194011450378381e-10
3.4460739618786092e-10
5.8534364774868713e-10
-3.4037073948033989e-03
8.8149791691113476e-10
2.0918341010909144e-08
-1.7720173416269633e-03
3.9021378074972956e-07
3.7792798080618598e-07
3.8200113626206580e-07
3.8240098654448608e-07
3.8205752716255663e-07
1.0106462344645544e-07
-3.4031791313015093e-03
-1.0208750107674391e-02
2.8026560011181843e-09
6.8036302532668213e-03
1.0202841588377002e-02
1.6236238383127604e-09
1.6634582147793942e-09
9.7697393479769234e-10
1.1195168993367009e-09
