0.0000000000000000e+00
2.9793766442710063e-12
3.1454367244311769e-12
-8.9920914102686297e-12
5.1203900661031936e-11
8.7590296692604099e-11
-3.3993702218022700e-12
2.4841508175142660e-11
8.5725716264148616e-12
-6.4132092078360845e-13
-2.4438107366346042e-12
1.6439129238166002e-11
3.0514805114473035e-11
3.4881061924291602e-11
-2.9077197313349608e-11
1.6374655853938855e-11
-1.7454345610375100e-11
2.0599797783219509e-11
-3.4963930393875899e-11
-5.4145800652364185e-11
3.1915496339891760e-11
-2.3860306148957141e-11
-8.7897987549670289e-11
3.1089052019454734e-11
3.4061687207642497e-11
4.1252463565609895e-11
-6.0053225714230796e-12
-1.7074815036740354e-11
-1.8156173713038463e-11
9.0148709074032104e-12
2.5413356009662314e-12
-6.4866167877574131e-11
-7.8534961596219520e-11
-5.2419399422913854e-11
-6.3067706171232916e-11
-1.6893163456374836e-10
-1.6900030927359376e-10
-1.0461778503258615e-10
-4.5591329191919963e-11
-1.5087745631604824e-10
-7.2286502677023925e-11
-9.3841513498240025e-11
-1.7543315761155573e-10
-9.1413862385870079e-11
-2.5979178304735907e-11
-1.6991451838208651e-11
-1.5479946611113820e-11
-4.6560452458768728e-11
-4.2537858341209392e-11
-9.1185322211579399e-12
5.5351783108850818e-12
-3.2583308609538959e-11
-1.1753514349987616e-10
-1.5342537394719492e-10
-5.2648023404155778e-11
6.6408893438935993e-11
-6.5004796834306074e-11
1.2359877884183461e-11
-2.3788161294807378e-11
-2.3583772083291240e-11
-2.6056118881813110e-11
-1.1887533010258465e-10
-2.1519475855694014e-10
-3.2158381864580024e-11
2.5438624761775867e-11
-8.3460413005626668e-12
-6.2588756655837887e-12
-4.1118501177668666e-11
-7.6034264246003201e-13
-2.5045752190925797e-12
4.7634123732389905e-11
-4.3313291546899267e-11
1.0347830429072546e-10
8.0563350214022643e-12
2.6993545257414441e-11
-1.6236060280871120e-11
-7.9753096522232350e-12
6.6850544558701009e-11
5.9702685464251061e-12
8.1434890623858470e-11
-6.7700917453204686e-11
-9.7025853593090170e-12
-2.6784705821377006e-11
-2.8425552804262661e-12
-3.2630110575081559e-11
-3.0377870227329084e-12
4.3043813658957996e-13
-1.0461352538164025e-11
-1.0732155063351808e-11
2.7640377465303853e-11
-2.2325097436471210e-11
5.6024914984740262e-12
-4.9686087879820921e-11
-8.5952052786040688e-11
2.5659762104377844e-11
1.0236175867901782e-10
4.0788562998958851e-11
-8.2761048764693106e-11
-1.2864405091774464e-10
-3.9599106496302266e-11
-4.1509627910360078e-11
-5.8033624813229459e-11
-8.7869591324199398e-11
1.6332083170808128e-11
2.8624417372637484e-11
-7.4070533398457169e-12
5.0107575886372907e-12
4.0342966627211306e-12
-1.3282375315337137e-11
-1.4942115066243984e-12
1.6949615281903037e-11
-6.0216796421969257e-11
-8.9685337802785976e-11
-7.4532109788472705e-11
-2.7604659574477561e-11
1.1125019593664131e-10
1.6333866495316322e-10
3.4093557917331936e-12
-3.1035720115372943e-11
-5.5022446362016840e-11
1.5372435796418364e-11
-5.1247402875230724e-11
-1.4041456301595219e-10
4.8697022569739727e-11
-1.5285231917970118e-11
-7.9621018614208658e-12
-1.8370148489990519e-11
-3.1134723303207833e-12
-1.7087961017726153e-11
-1.1112260610854982e-11
2.7800358045361939e-11
1.4400060180970006e-11
3.0190644125919887e-12
-3.8193834489272902e-11
-7.0666410856536679e-11
2.1952830207460495e-11
-1.1532219849834220e-10
-1.3918318406013203e-10
-5.2308971799355800e-11
-3.3956556229693814e-11
-3.1974604687655615e-11
6.4408108261444039e-12
-3.5213822852166944e-11
-6.6693524905667254e-11
-9.9153086828123068e-11
-4.7020120849970486e-11
-5.8211909858900568e-11
-4.6095549189629595e-11
-4.9232178542187951e-11
-2.3200857645318064e-11
-6.7701732819429065e-11
-5.6331965706965011e-11
-2.5718636030558566e-11
2.9938554321671270e-11
5.9783822412606487e-11
-5.4755763114364900e-12
-2.4207663010897282e-11
-5.6369360616510313e-11
2.6447461582017043e-11
-5.3900231649274471e-11
5.1433973434302143e-12
-6.0005768472549628e-11
-7.8340612505679628e-11
-3.1579740124722029e-11
-5.0284757293012672e-11
-4.5670702868710883e-11
-1.5932381874806284e-11
-4.8643848939910574e-11
-6.4439703428007420e-11
-4.4689674979115405e-11
-4.1392160268668300e-11
-4.9624500479128252e-11
-3.8517553449038824e-11
-8.5487401002410668e-12
-1.0929920865506538e-10
-1.3702341199836476e-10
-8.6632508392927738e-11
-5.9623032449934221e-11
-1.2982844446705949e-11
-6.7520731630431999e-11
-7.6926936955981282e-11
-8.0860465050760309e-11
-1.0958985411798820e-10
-1.3144803563322013e-10
-1.0057060947950685e-10
-1.0983063530665599e-10
-7.2261484988086559e-11
-9.4486545117353190e-11
-1.2089928231283927e-10
-3.6800998488310661e-11
-7.0731545703886839e-11
-9.0740318437660116e-11
-5.5561391443876705e-11
-1.0940108727750092e-10
-1.5891798541130121e-10
-1.9869013200171938e-10
-2.9655888013694780e-10
-1.1890567261198021e-10
-1.0044779331218489e-10
-1.3883789907349566e-10
-1.3957231253120469e-10
