0.0000000000000000e+00
-3.9969105883523218e-11
-7.3953826038939927e-11
2.5216180217671134e-11
5.4266415702925608e-11
4.2688704924728482e-11
6.2987821167299511e-11
-4.5386451545989395e-11
6.3505457427611538e-11
-5.4745929855488453e-11
-1.2805943994799907e-11
-4.2513485728968113e-11
-1.5983378926618979e-10
-1.2835706793223602e-10
-4.2059202697278896e-11
5.0718357280005525e-11
-6.4133625586252609e-11
-1.2037356995414772e-10
-1.7227689729812947e-10
-6.0624145072648134e-11
-1.0449936841338765e-10
1.2686549879311834e-11
3.9741086913927305e-11
2.3903514329673562e-11
1.3613075989143678e-11
-1.3304030603976444e-13
-1.7053679736189265e-11
-3.2016302822864062e-11
-1.4924246628343012e-11
1.1193125612612771e-11
-2.4607297185397283e-11
-1.0032971447598092e-11
2.1138896467390424e-11
2.7324968918650388e-11
-1.4631682536532442e-11
-1.4836299919045358e-10
-2.3723699980570853e-10
-4.0266081172354351e-11
-7.0162665110717867e-11
-7.6956592976741106e-11
-5.0720327290391902e-11
-7.4248715398816851e-11
-1.3672974501338012e-10
1.4677676160098181e-11
-3.0516054148932071e-11
-5.7451472178160787e-11
3.4173366180555022e-12
-1.9623856674239582e-11
-2.7000755284207853e-11
-9.5246430133672753e-13
-3.7663606130123559e-11
8.6797318459179544e-13
-9.6811567013874158e-12
2.3245083612562947e-11
-7.8980412061761725e-11
-3.8671627803340443e-11
-6.0580926220286033e-11
6.8198243385227002e-11
5.0175733628247644e-11
2.1705954766609019e-11
-3.7278716443117903e-11
-6.2764432496186123e-11
-1.2584899742449575e-10
-5.7777949061175078e-11
-3.9842786807803429e-11
-2.3056613005042447e-11
8.0206238901419992e-12
-3.7413668585541162e-11
-6.2481528614103375e-11
2.4367414751387558e-11
-2.8733784824566697e-11
-4.4391901328525618e-11
-1.7443421299459735e-10
-2.4844466549820527e-10
-6.7990862218058609e-11
9.5539336388816627e-11
2.1775755422334311e-10
2.1812197775532035e-11
-3.9463684696266362e-11
2.6176768282081093e-11
-3.3357260254157360e-11
-2.9975661730504717e-11
-5.5519219877380583e-11
2.0600210481682810e-11
-4.1371901614921551e-11
-2.8516279462570478e-11
1.4754828569971721e-11
-5.2860212399989659e-11
-1.8207423000030563e-11
-2.9035053594597433e-11
1.7373658367585647e-11
-1.5672726516971875e-11
-1.9109839410653275e-10
-2.3163181504131816e-10
-2.1886318013707529e-11
2.2041518597467380e-10
-6.6304393008406755e-11
3.3861121066047413e-11
9.8818178958363718e-12
2.1341585812781018e-11
6.6570529085839877e-11
3.9909816103955695e-11
-4.9735809219143974e-12
-8.6675766411797047e-11
-1.7809367283067743e-11
-9.0758355878617264e-12
-3.5470431204368526e-11
1.6166957563360793e-11
-2.0433774670871804e-12
1.8256323292422542e-11
-1.7400071155885765e-11
-2.7513710141657937e-11
6.6652089929223986e-11
-5.1267330028519124e-12
-2.1850973299148793e-11
-1.7759362938090822e-10
-2.5716754000231730e-10
-9.7618985560283638e-11
-1.4068093991423140e-10
-1.2151657531686627e-10
-5.6032962460157715e-11
-2.2160115693957281e-11
-6.9116532854522516e-11
-1.1457053259580263e-10
-4.0059787704638834e-11
-3.9392721240184337e-11
-2.0151683719425124e-11
-5.0399780673445326e-11
-7.1231111424793560e-12
-4.4534646121977921e-11
-1.2915012002119423e-11
-5.4443653895204790e-11
8.0612260668085808e-12
-3.9120331914126488e-12
-9.4431632230416526e-11
-1.4444248579298039e-10
-4.3525317718813175e-11
-1.1441354986205440e-10
-1.5570586263767302e-10
-4.4337532708439342e-11
4.3669004715391492e-11
-6.4415176876008673e-11
-1.0072284009887811e-10
-4.9529288317448162e-11
-3.5283907095878246e-11
-4.2971028031892414e-11
-1.5500441378347938e-11
-5.4873975390326014e-11
-8.5535393662594191e-12
-1.1344807464698403e-11
7.9530285833812687e-12
5.8213820426063925e-11
6.2576045680612367e-11
1.2853960102179021e-10
1.5655454904039760e-11
-1.4281201128035017e-10
-2.4579531580166688e-10
-4.1229950231901887e-11
-3.7667483790149267e-11
-9.3975824836807432e-11
-4.2418421368449232e-11
-1.8801907632059926e-11
1.4688841060515280e-11
-5.6133272935051665e-11
-1.4101884719697090e-11
-4.3350383843015427e-11
-5.4033352625038088e-11
3.1460581897845566e-11
-1.4935783163790923e-11
-3.0957363489666048e-11
-1.1868823727293121e-11
-6.8268369800623187e-11
-1.1130578565350450e-10
-1.3806466378156873e-10
-1.4590209224610674e-11
1.2152537034274458e-10
1.1909807867815213e-11
7.1212054339299731e-11
4.3338295893249267e-11
-8.1267542717287284e-12
-4.6808166477412246e-11
-3.3133137864228721e-11
4.3126456015229177e-11
-1.4393731790616926e-11
-2.8003447556712918e-11
-2.0526331754794032e-11
-3.1310954663344401e-11
-4.3847419590522791e-11
-1.6696111373075286e-11
-7.1528830486902995e-12
-7.0584806564874634e-11
-1.6351249543794682e-12
-2.1611576217893140e-11
-1.6395153162521568e-11
6.9562022539931904e-12
-6.5663899986288575e-11
-7.1669487965875412e-11
-1.3498157608296791e-11
-9.7416802376780840e-13
-9.9952307082869973e-11
-7.0976146040340081e-11
