0.0000000000000000e+00
3.0499999999927162e+01
6.0996824069625248e+01
9.1499999999187168e+01
1.2199999893231663e+02
1.5249682193556893e+02
1.8299047007522609e+02
2.1349999999342609e+02
2.4399999998334013e+02
2.7449999964908324e+02
3.0499999964907903e+02
2.7449999971292362e+02
2.4399682277999398e+02
2.1349046778291984e+02
1.8299999999668793e+02
1.5250635841453661e+02
1.2199999999911228e+02
9.1499999999211425e+01
6.0996823002378541e+01
3.0499999999220307e+01
9.2611401582748178e-11
3.0500000000066574e+01
6.1003176997143811e+01
9.1500000000955623e+01
1.2200000010516506e+02
1.5250022348074998e+02
1.8300000036503408e+02
2.1350000034632808e+02
2.4400000035253905e+02
2.7450000035253629e+02
3.0500000035255584e+02
2.7450000027071326e+02
2.4400317611905871e+02
2.1350952683140716e+02
1.8300000000346617e+02
1.5249365230526021e+02
1.2199048266889345e+02
9.1500000000823675e+01
6.1000000001417774e+01
3.0500000000068813e+01
2.3110184965054141e-11
3.0499999999979266e+01
6.0996824069894672e+01
9.1499999999155378e+01
1.2199999989524201e+02
1.5249967953657318e+02
1.8299999963277639e+02
2.1349999965714522e+02
2.4399999964910921e+02
2.7449999964910580e+02
3.0499999964911882e+02
2.7449999971290765e+02
2.4399682277993725e+02
2.1349046778278407e+02
1.8299999999651692e+02
1.5250635841438987e+02
1.2199999999915252e+02
9.1499999999066716e+01
6.0996823002242849e+01
3.0499999999085823e+01
1.3595999381481791e-10
3.0500000000029861e+01
6.1003176996963596e+01
9.1500000000839847e+01
1.2200000010513828e+02
1.5250022348074364e+02
1.8300000036503664e+02
2.1350000034633553e+02
2.4400000035251708e+02
2.7450000035255465e+02
3.0500000035252839e+02
2.7450000027067324e+02
2.4400317611881269e+02
2.1350952683091754e+02
1.8300000000346429e+02
1.5249365230553803e+02
1.2199048266945293e+02
9.1500000000994291e+01
6.1000000001502428e+01
3.0500000000168690e+01
8.3787308433839583e-11
3.0499999999893344e+01
6.0996824069959175e+01
9.1499999999075044e+01
1.2199999989523047e+02
1.5249967953657861e+02
1.8299999963277975e+02
2.1349999965716080e+02
2.4399999964910967e+02
2.7449999964910415e+02
3.0499999964911143e+02
2.7449999971290060e+02
2.4399682277998375e+02
2.1349046778294317e+02
1.8299999999655438e+02
1.5250635841460624e+02
1.2199999999931040e+02
9.1499999999223178e+01
6.0996823002183959e+01
3.0499999999177817e+01
1.5602424985811170e-10
3.0500000000011330e+01
6.1003176996906433e+01
9.1500000000585388e+01
1.2200000010514556e+02
1.5250022348074637e+02
1.8300000036501987e+02
2.1350000034630810e+02
2.4400000035250915e+02
2.7450000035251998e+02
3.0500000035249514e+02
2.7450000027085321e+02
2.4400317611915472e+02
2.1350952683121255e+02
1.8300000000328180e+02
1.5249365230499512e+02
1.2199048266864909e+02
9.1500000000603308e+01
6.1000000001325553e+01
3.0499999999935440e+01
5.0088841275309484e-12
3.0499999999878291e+01
6.0996824069454775e+01
9.1499999999186628e+01
1.2199999989530019e+02
1.5249967953663031e+02
1.8299999963282139e+02
2.1349999965719218e+02
2.4399999964913110e+02
2.7449999964916356e+02
3.0499999964915236e+02
2.7449999971319522e+02
2.4399682277999079e+02
2.1349046778290091e+02
1.8299999999672448e+02
1.5250635841479041e+02
1.2199999999910834e+02
9.1499999999372264e+01
6.0996823002731603e+01
3.0499999999248107e+01
1.0560841005348880e-10
3.0499999999788692e+01
6.1003176996623694e+01
9.1500000000481919e+01
1.2200000010514349e+02
1.5250022348071519e+02
1.8300000036503127e+02
2.1350000034633183e+02
2.4400000035251060e+02
2.7450000035255732e+02
3.0500000035255579e+02
2.7450000027074276e+02
2.4400317611894209e+02
2.1350952683095258e+02
1.8300000000330047e+02
1.5249365230514678e+02
1.2199048266899399e+02
9.1500000000826077e+01
6.1000000001376506e+01
3.0500000000093632e+01
-3.0672931769943153e-11
3.0499999999993456e+01
6.0996824069883814e+01
9.1499999999331436e+01
1.2199999989525911e+02
1.5249967953660038e+02
1.8299999963279996e+02
2.1349999965716702e+02
2.4399999964912246e+02
2.7449999964913383e+02
3.0499999964910415e+02
2.7449999971294187e+02
2.4399682278004241e+02
2.1349046778294041e+02
1.8299999999656450e+02
1.5250635841436477e+02
1.2199999999902212e+02
9.1499999999029683e+01
6.0996823002251226e+01
3.0499999999080210e+01
6.3093686807859800e-11
3.0500000000146237e+01
6.1003176997075201e+01
9.1500000000931919e+01
1.2200000010516439e+02
1.5250022348076183e+02
1.8300000036504724e+02
2.1350000034632140e+02
2.4400000035254331e+02
2.7450000035251355e+02
3.0500000035252646e+02
2.7450000027061174e+02
2.4400317611889807e+02
2.1350952683073047e+02
1.8300000000341089e+02
1.5249365230545703e+02
1.2199048266960303e+02
9.1500000000737330e+01
6.1000000001520803e+01
3.0500000000093621e+01
3.9840586858395378e-10
