0.0000000000000000e+00
7.4198285426899602e-11
-3.4029990599870876e-03
5.1224385622123094e-10
-7.0759867682104034e-07
-3.4044150210241816e-03
-1.0210412922842598e-02
1.1660461959476012e-09
3.2797395397786424e-09
3.8076872315940134e-07
3.8072209142267950e-07
1.0431936646270170e-07
-3.4038804969071428e-03
-1.0212282770733449e-02
1.7021151737437815e-09
6.8107054331850055e-03
3.3931053321094776e-10
4.7825244533910963e-10
-3.4037076436718274e-03
4.8601463291127706e-10
2.9841781583654768e-10
2.3913728480648142e-10
-3.4037078028966430e-03
4.7787971517905656e-10
2.0624303981806828e-08
-1.7720173943730332e-03
3.9033452756634008e-07
3.7783358504145450e-07
3.8168795292201025e-07
3.8191443527604804e-07
3.8206358318601468e-07
1.0065832160616940e-07
-3.4031799119621205e-03
-1.0208751179037285e-02
1.7395265327167849e-09
6.8036293428925584e-03
1.0202840856784870e-02
4.9269483463721214e-10
8.3540876086450256e-10
2.6988289671448356e-13
-1.4204670773165328e-10
-9.5188926676465588e-11
-3.4029991975719357e-03
5.1951907499862026e-10
2.0246465283361943e-08
-1.7755863062546870e-03
3.8898397286011981e-07
3.7664341929578124e-07
3.8085099653997899e-07
3.8085860221062861e-07
3.8087992611712714e-07
1.0439555466730992e-07
-3.4038801890354346e-03
-1.0212282139574124e-02
1.6658786205878205e-09
6.8107045405655358e-03
2.6403798270777956e-10
5.0626618672401709e-10
-3.4037074728951117e-03
4.5110868264664799e-10
-2.2261716491682920e-10
-3.3368241447970963e-10
-3.4037084394429483e-03
2.5610999255798549e-10
2.0215185054625848e-08
-1.7720177895793944e-03
3.8989834034939509e-07
3.7750992403556738e-07
3.8148047475588074e-07
3.8139782021269590e-07
3.8146810064775217e-07
1.0007648873947484e-07
-3.4031804258844280e-03
-1.0208751936139666e-02
1.5030361998697528e-09
6.8036292390464600e-03
1.0202841373475387e-02
4.5566651913934664e-10
5.2856792280572809e-10
-1.0226069381160123e-10
-4.7114347720047709e-10
-4.0761180164594917e-10
-3.4029996101288410e-03
1.2591823546024679e-10
1.9924709946687354e-08
-1.7755868271029335e-03
3.8817422283033044e-07
3.7580777867991643e-07
3.7995690213186578e-07
3.8001206118810186e-07
3.8004841658374804e-07
1.0358866800001497e-07
-3.4038811798618599e-03
-1.0212283399156651e-02
1.3203418903401883e-09
6.8107048956052912e-03
-3.5839755854300806e-10
-4.7612839641869651e-10
-3.4037087376679112e-03
-7.6818913660934330e-12
-5.4888755723990276e-10
-6.8186643626092433e-10
-3.4037091315318926e-03
-6.2781388932463204e-10
1.9770969204548890e-08
-1.7720185035454414e-03
3.8891593121255543e-07
3.7668455627749378e-07
3.8059660338264361e-07
3.8092363851166572e-07
3.8091408495088319e-07
9.9809015265898987e-08
-3.4031804231939465e-03
-1.0208751360155545e-02
8.0376969088011673e-10
6.8036277979140851e-03
1.0202838999995467e-02
-5.6674944136314187e-10
1.2446464400712977e-10
-8.7920963932327398e-10
-7.8695473246563488e-10
-1.0341708471376612e-09
-3.4030004762848542e-03
-4.7205841562816074e-10
1.9668323987168958e-08
-1.7755869803764311e-03
3.8840427563377123e-07
3.7583359078969390e-07
3.7995802233236106e-07
3.7997284145959766e-07
3.8004756016860901e-07
1.0367809045463613e-07
-3.4038807160099958e-03
-1.0212282439519613e-02
1.6984893322043688e-09
6.8107047952894566e-03
5.7692432816081733e-10
2.6937166833348678e-10
-3.4037082251329983e-03
3.9995199037542140e-12
-2.6120302951766338e-10
9.8764480412903660e-11
-3.4037081127252112e-03
4.0880576549419922e-10
2.0738482471459665e-08
-1.7720174319137689e-03
3.8992655559518342e-07
3.7775803461032443e-07
3.8180762493423998e-07
3.8178656751298694e-07
3.8205037498290909e-07
1.0096946748451135e-07
-3.4031796574054952e-03
-1.0208750731763139e-02
2.3064238705560722e-09
6.8036299093301705e-03
1.0202841966792201e-02
7.9647397059398376e-10
1.5245282318748922e-09
4.2685712425370222e-10
1.6742847695711578e-10
3.1485565441927301e-10
-3.4029989175500827e-03
7.6956139702679411e-10
2.1118189590544341e-08
-1.7755857369474036e-03
3.8935720509017249e-07
3.7728964999510496e-07
3.8117627029288583e-07
3.8112473430695487e-07
3.8117375198897599e-07
1.0466363575360743e-07
-3.4038798771515730e-03
-1.0212281721262732e-02
2.2117727742744221e-09
6.8107055448924387e-03
8.4036779081541536e-10
8.9857035342435582e-10
-3.4037071281967242e-03
9.4136294450524708e-10
3.5551588623749808e-10
7.7159979980753817e-10
-3.4037072215444050e-03
9.7292205788992912e-10
2.1004991713829058e-08
-1.7720172408898860e-03
3.9031420042356258e-07
3.7802111831924330e-07
3.8215322397869364e-07
3.8240530489508069e-07
3.8210227851098884e-07
1.0105019584063586e-07
-3.4031792413514767e-03
-1.0208750187152962e-02
2.7040484117119745e-09
6.8036302285092269e-03
1.0202841691688523e-02
1.2289305199212382e-09
1.5525534948947282e-09
7.5330708564093759e-10
7.4858628866717341e-10
