0.0000000000000000e+00
1.4878048780448896e-04
2.9753884326827609e-04
4.4634146341180269e-04
5.9512194462968382e-04
7.4388029350841650e-04
8.9261651663135938e-04
1.0559793021315696e-03
1.2516023954364484e-03
1.4785109808358394e-03
1.7356950157620277e-03
1.6588957569175368e-03
1.5472140108096263e-03
1.4014343236792210e-03
1.2526549536402802e-03
1.1038534450069201e-03
9.5502979118920468e-04
8.0631350045143888e-04
6.5753301265738303e-04
5.0875252485247041e-04
3.5997203704787927e-04
2.1119154924237985e-04
6.2388922510587735e-05
-8.6369426369956850e-05
-2.3514990758890608e-04
-3.8395252773344539e-04
-5.3277729339387258e-04
-6.8439551391611341e-04
-8.6878334380638530e-04
-1.0848171655482048e-03
-1.3314772207187100e-03
-1.2447526373744655e-03
-1.1229959027661890e-03
-9.7421427147040924e-04
-8.2545477285506292e-04
-6.7671740033613985e-04
-5.2787275875587614e-04
-3.7905026860545876e-04
-2.3031178313644564e-04
-8.1531295331869179e-05
6.7249192475376843e-05
2.1602968028015939e-04
3.6478803574437052e-04
5.1359065588708181e-04
6.6237113710422438e-04
8.1112948598320404e-04
9.5986570910596520e-04
1.1087126070960407e-03
1.2837494782777621e-03
1.4907353358728239e-03
1.7286396873337554e-03
1.8148626570976627e-03
1.8983522236350968e-03
1.9791266405885773e-03
2.0572954317844509e-03
2.1329426489991705e-03
2.2061496334485776e-03
2.2769951023158827e-03
2.3455552335188987e-03
2.4119037476267027e-03
2.4761119871223665e-03
2.5382489931208918e-03
2.5983815796024471e-03
2.6565744052606003e-03
2.7128900430218789e-03
2.7673890473350064e-03
2.8201300192750483e-03
2.8711696695633286e-03
2.9205628795410657e-03
2.9683627601849189e-03
3.0146207092147095e-03
3.0593864663577500e-03
3.1027081668363052e-03
3.1446323931215289e-03
3.1852042250251366e-03
3.2244672881720509e-03
3.2624638009072669e-03
3.2992346196952698e-03
3.3348192830501716e-03
3.3692560540496434e-03
3.4025819614771219e-03
3.4348328396433974e-03
3.4660433669090117e-03
3.4962471029808709e-03
3.5254765249936727e-03
3.5537630624328429e-03
3.5811371309285834e-03
3.6076281649634312e-03
3.6332646495191153e-03
3.6580741507073909e-03
3.6820833454114877e-03
3.7053180499681893e-03
3.7278032479315833e-03
3.7495631169320925e-03
3.7706210546788153e-03
3.7909997041145689e-03
3.8107209777658514e-03
3.8298060813026259e-03
3.8482755363410345e-03
3.8661492025093094e-03
3.8834462988055242e-03
3.9001854242547086e-03
3.9163845779176081e-03
3.9320611782398211e-03
3.9472320817787732e-03
3.9619136013346132e-03
3.9761215234875025e-03
3.9898711255722504e-03
4.0031771921072417e-03
4.0160540306920884e-03
4.0285154873877732e-03
4.0405749616106001e-03
4.0526342904039694e-03
4.0636157335547044e-03
4.0745970561146287e-03
4.0851282765531662e-03
4.0956593860865774e-03
4.1053231420377229e-03
4.1149868046022548e-03
4.1241937259917146e-03
4.1334005626148937e-03
4.1418963124001777e-03
4.1503919900082549e-03
4.1584477074950279e-03
4.1665033600873438e-03
4.1739669340430151e-03
4.1814304522944873e-03
4.1884830943457133e-03
4.1955356866578116e-03
4.2020891013169357e-03
4.2086424730296904e-03
4.2151958017954969e-03
4.2209430808356320e-03
4.2266903268439859e-03
4.2324375398217649e-03
4.2381847197696968e-03
4.2432759151477002e-03
4.2483670846056388e-03
4.2534582281435855e-03
4.2585493457619880e-03
4.2629110830275756e-03
4.2672728012679061e-03
4.2716345004843665e-03
4.2759961806766843e-03
4.2803578418445717e-03
4.2840345486852604e-03
4.2877112420080686e-03
4.2913879218138707e-03
4.2950645881005339e-03
4.2987412408700843e-03
4.3019152614305585e-03
4.3050892719166626e-03
4.3082632723279255e-03
4.3114372626660681e-03
4.3142826764888623e-03
4.3171280822160577e-03
4.3199734798471008e-03
4.3225372941879357e-03
4.3251011019553543e-03
4.3276142698437485e-03
4.3301274314156615e-03
4.3323663533615048e-03
4.3346052702950225e-03
4.3368178886556766e-03
4.3390305021206712e-03
4.3409850497466941e-03
4.3429395935527023e-03
4.3448882623317942e-03
4.3468369273128278e-03
4.3485424428663377e-03
4.3502479555119627e-03
4.3519649166633683e-03
4.3536818748659582e-03
4.3551692300782315e-03
4.3566565830786752e-03
4.3581702029960511e-03
4.3596838206211011e-03
4.3609800103973449e-03
4.3622761984932383e-03
4.3636114107797755e-03
4.3649466212835079e-03
4.3660752685520448e-03
4.3672039145471577e-03
4.3683826208149590e-03
4.3695613256931999e-03
4.3705431140790858e-03
4.3715249015009840e-03
4.3725663307922135e-03
4.3736077589978731e-03
4.3744608058601852e-03
4.3753138519944737e-03
4.3762348810173733e-03
4.3771559091924685e-03
4.3778960886804250e-03
4.3786362676191725e-03
4.3794517047832772e-03
4.3802671412814919e-03
4.3809083650388162e-03
4.3815495883854092e-03
4.3822724248977867e-03
4.3829952608867989e-03
