0.0000000000000000e+00
-4.4634146341165341e-05
-8.9270284978294954e-05
-1.3390243902195625e-04
-1.7853658518397268e-04
-2.2317272364193356e-04
-2.6781085457386203e-04
-3.1969708722862360e-04
-3.8775300050905933e-04
-4.7145116026507726e-04
-5.7028704564049870e-04
-5.6168784962590474e-04
-5.3555890720444253e-04
-4.9242512738544996e-04
-4.4779089685953905e-04
-4.0315865845820255e-04
-3.5852841200581059e-04
-3.1388845753995147e-04
-2.6925431120666804e-04
-2.2462016486569895e-04
-1.7998601852467936e-04
-1.3535187218336326e-04
-9.0719717959630451e-05
-4.6083579498118239e-05
-1.4494333321777662e-06
4.3182720714273744e-05
8.7812882821310147e-05
1.3390506957985807e-04
1.9634229264851391e-04
2.7460314563064838e-04
3.6817711138175996e-04
3.5452673639367756e-04
3.2344848699801553e-04
2.7881442691611997e-04
2.3417837454640074e-04
1.8954032971111706e-04
1.4491198913609110e-04
1.0028165678410902e-04
5.5643696447416768e-05
1.1009550106175023e-05
-3.3624596237623939e-05
-7.8258742578837608e-05
-1.2289488121604007e-04
-1.6752703526021269e-04
-2.1216118142268456e-04
-2.5679731988067947e-04
-3.0143545081289761e-04
-3.4606362061934039e-04
-4.0382634323209523e-04
-4.7756336111009037e-04
-5.6675940327726175e-04
-6.0987917983910955e-04
-6.5161514040894741e-04
-6.9200234877880818e-04
-7.3108674406975767e-04
-7.6891035243748667e-04
-8.0551384443810787e-04
-8.4093657866123647e-04
-8.7521664406551571e-04
-9.0839090093419598e-04
-9.4049502050814928e-04
-9.7156352334496648e-04
-1.0016298164340597e-03
-1.0307262291209603e-03
-1.0588840478692393e-03
-1.0861335499000434e-03
-1.1125040357534027e-03
-1.1380238607879049e-03
-1.1627204656743373e-03
-1.1866204059004623e-03
-1.2097493803253237e-03
-1.2321322588132481e-03
-1.2537931089737948e-03
-1.2747552220434444e-03
-1.2950411379260606e-03
-1.3146726694343162e-03
-1.3336709257413580e-03
-1.3520563350784454e-03
-1.3698486667031707e-03
-1.3870670521522700e-03
-1.4037300058202115e-03
-1.4198554448595466e-03
-1.4354607084510875e-03
-1.4505625764488074e-03
-1.4651772874194288e-03
-1.4793205561049803e-03
-1.4930075903217704e-03
-1.5062531073093109e-03
-1.5190713495599956e-03
-1.5314761001282771e-03
-1.5434806974560619e-03
-1.5550980497108730e-03
-1.5663406486712431e-03
-1.5772205831515371e-03
-1.5877495520056836e-03
-1.5979388767064944e-03
-1.6077995135158805e-03
-1.6173420652683839e-03
-1.6265767927728853e-03
-1.6355136258444959e-03
-1.6441621739792911e-03
-1.6525317366926887e-03
-1.6606313135126578e-03
-1.6684696136632347e-03
-1.6760550654229026e-03
-1.6833958251919099e-03
-1.6904997862594797e-03
-1.6973745872933929e-03
-1.7040276205536509e-03
-1.7104660398384471e-03
-1.7166967681796026e-03
-1.7227265052852437e-03
-1.7287562787483242e-03
-1.7342468918166605e-03
-1.7397375350317646e-03
-1.7450031627790825e-03
-1.7502688182533194e-03
-1.7551005958289668e-03
-1.7599323967504292e-03
-1.7645358875011058e-03
-1.7691393994448594e-03
-1.7733871808716813e-03
-1.7776349803428708e-03
-1.7816628782454103e-03
-1.7856907923713861e-03
-1.7894224916072522e-03
-1.7931542047689253e-03
-1.7966805716575223e-03
-1.8002069509807112e-03
-1.8034835751883625e-03
-1.8067602101324944e-03
-1.8100368558132240e-03
-1.8129105651722428e-03
-1.8157842827901817e-03
-1.8186580086655883e-03
-1.8215317427997184e-03
-1.8240769822059242e-03
-1.8266222280911867e-03
-1.8291674804542602e-03
-1.8317127392960008e-03
-1.8338945662017766e-03
-1.8360763978683898e-03
-1.8382582342947587e-03
-1.8404400754810997e-03
-1.8426219214279929e-03
-1.8444562989987368e-03
-1.8462906799339087e-03
-1.8481250642335776e-03
-1.8499594518983223e-03
-1.8517938429280600e-03
-1.8533966552410873e-03
-1.8549994701235160e-03
-1.8566022875748623e-03
-1.8582051075951875e-03
-1.8595803627055967e-03
-1.8609556197070230e-03
-1.8623308786000527e-03
-1.8637076714873159e-03
-1.8650844662702185e-03
-1.8662461592937460e-03
-1.8674078536659929e-03
-1.8686222010516303e-03
-1.8698365499111179e-03
-1.8708479686948382e-03
-1.8718593885008168e-03
-1.8729315492400100e-03
-1.8740037111291980e-03
-1.8748831555284052e-03
-1.8757626007019767e-03
-1.8767102457976984e-03
-1.8776578917924481e-03
-1.8784214826922843e-03
-1.8791850741746142e-03
-1.8800236394009347e-03
-1.8808622053299343e-03
-1.8815241258550652e-03
-1.8821860468192873e-03
-1.8829290295579531e-03
-1.8836720128487530e-03
-1.8842447297468894e-03
-1.8848174469724105e-03
-1.8854766586347393e-03
-1.8861358707315283e-03
-1.8866303347620879e-03
-1.8871247990374812e-03
-1.8877105813965727e-03
-1.8882963640991239e-03
-1.8887221897499486e-03
-1.8891480155825880e-03
-1.8896694272858604e-03
-1.8901908392618956e-03
-1.8905564648627883e-03
-1.8909220905971764e-03
-1.8913870686957759e-03
-1.8918520470113406e-03
-1.8921648767444123e-03
-1.8924777065758608e-03
-1.8928932068748563e-03
-1.8933087073463766e-03
-1.8935752368023162e-03
-1.8938417663293447e-03
