0.0000000000000000e+00
-4.4634146341165341e-05
-8.9270284978294954e-05
-1.3390243902195627e-04
-1.7853658518421041e-04
-2.2317272364213588e-04
-2.6781085457417634e-04
-3.1969708722849718e-04
-3.8775300050871667e-04
-4.7145116026475655e-04
-5.7028704564027590e-04
-5.6168784962601489e-04
-5.3555890720460148e-04
-4.9242512738550330e-04
-4.4779089685926371e-04
-4.0315865845780090e-04
-3.5852841200488062e-04
-3.1388845753897948e-04
-2.6925431120446597e-04
-2.2462016486468931e-04
-1.7998601852274300e-04
-1.3535187218210760e-04
-9.0719717958425035e-05
-4.6083579497075223e-05
-1.4494333313417002e-06
4.3182720715680211e-05
8.7812882823087575e-05
1.3390506958172268e-04
1.9634229265009953e-04
2.7460314563172798e-04
3.6817711138317972e-04
3.5452673639519187e-04
3.2344848699985694e-04
2.7881442691832578e-04
2.3417837454741672e-04
1.8954032971133953e-04
1.4491198913814645e-04
1.0028165678767523e-04
5.5643696449019090e-05
1.1009550108304787e-05
-3.3624596235138764e-05
-7.8258742576125016e-05
-1.2289488121394106e-04
-1.6752703525756889e-04
-2.1216118141835063e-04
-2.5679731987576256e-04
-3.0143545080705381e-04
-3.4606362061674926e-04
-4.0382634322957576e-04
-4.7756336110745386e-04
-5.6675940327453043e-04
-6.0987917983696197e-04
-6.5161514040690369e-04
-6.9200234877679558e-04
-7.3108674406804084e-04
-7.6891035243527978e-04
-8.0551384443569378e-04
-8.4093657865830262e-04
-8.7521664406269321e-04
-9.0839090093154835e-04
-9.4049502050600983e-04
-9.7156352334255651e-04
-1.0016298164318999e-03
-1.0307262291185614e-03
-1.0588840478663508e-03
-1.0861335498978954e-03
-1.1125040357509055e-03
-1.1380238607848652e-03
-1.1627204656716418e-03
-1.1866204058977108e-03
-1.2097493803231568e-03
-1.2321322588105489e-03
-1.2537931089709620e-03
-1.2747552220400893e-03
-1.2950411379220612e-03
-1.3146726694306082e-03
-1.3336709257380261e-03
-1.3520563350751123e-03
-1.3698486666996639e-03
-1.3870670521495460e-03
-1.4037300058168437e-03
-1.4198554448562760e-03
-1.4354607084476367e-03
-1.4505625764456736e-03
-1.4651772874165704e-03
-1.4793205561025949e-03
-1.4930075903191050e-03
-1.5062531073068404e-03
-1.5190713495573853e-03
-1.5314761001252865e-03
-1.5434806974529548e-03
-1.5550980497086803e-03
-1.5663406486687273e-03
-1.5772205831486555e-03
-1.5877495520034276e-03
-1.5979388767033789e-03
-1.6077995135128722e-03
-1.6173420652656075e-03
-1.6265767927698992e-03
-1.6355136258411561e-03
-1.6441621739758001e-03
-1.6525317366880266e-03
-1.6606313135095324e-03
-1.6684696136592008e-03
-1.6760550654191797e-03
-1.6833958251882245e-03
-1.6904997862559430e-03
-1.6973745872901919e-03
-1.7040276205510904e-03
-1.7104660398358110e-03
-1.7166967681773075e-03
-1.7227265052824211e-03
-1.7287562787455671e-03
-1.7342468918133949e-03
-1.7397375350284149e-03
-1.7450031627763221e-03
-1.7502688182518726e-03
-1.7551005958264313e-03
-1.7599323967467503e-03
-1.7645358874994570e-03
-1.7691393994442651e-03
-1.7733871808697499e-03
-1.7776349803389580e-03
-1.7816628782427524e-03
-1.7856907923699044e-03
-1.7894224916042674e-03
-1.7931542047646704e-03
-1.7966805716542777e-03
-1.8002069509792055e-03
-1.8034835751858471e-03
-1.8067602101280455e-03
-1.8100368558070035e-03
-1.8129105651693745e-03
-1.8157842827907075e-03
-1.8186580086694245e-03
-1.8215317428063949e-03
-1.8240769822034121e-03
-1.8266222280793039e-03
-1.8291674804337057e-03
-1.8317127392660881e-03
-1.8338945661995141e-03
-1.8360763978931369e-03
-1.8382582343467319e-03
-1.8404400755615302e-03
-1.8426219215361378e-03
-1.8444562989970567e-03
-1.8462906798216965e-03
-1.8481250640113853e-03
-1.8499594515667228e-03
-1.8517938424861507e-03
-1.8533966552354902e-03
-1.8549994705536321e-03
-1.8566022884413508e-03
-1.8582051088974134e-03
-1.8595803627096926e-03
-1.8609556184130062e-03
-1.8623308760082190e-03
-1.8637076714778859e-03
-1.8650844688430216e-03
-1.8662461592926212e-03
-1.8674078510923172e-03
-1.8686222010421230e-03
-1.8698365524666138e-03
-1.8708479686939195e-03
-1.8718593859440259e-03
-1.8729315492324854e-03
-1.8740037136703001e-03
-1.8748831555293619e-03
-1.8757625981614299e-03
-1.8767102457912790e-03
-1.8776578943195672e-03
-1.8784214826928071e-03
-1.8791850716481913e-03
-1.8800236393953706e-03
-1.8808622078455392e-03
-1.8815241258561791e-03
-1.8821860443060119e-03
-1.8829290295536720e-03
-1.8836720153536364e-03
-1.8842447297475694e-03
-1.8848174444699036e-03
-1.8854766586310740e-03
-1.8861358732268373e-03
-1.8866303347637302e-03
-1.8871247965451862e-03
-1.8877105813927787e-03
-1.8882963665835663e-03
-1.8887221897512677e-03
-1.8891480130994584e-03
-1.8896694272822765e-03
-1.8901908417373564e-03
-1.8905564648637803e-03
-1.8909220881236255e-03
-1.8913870686922921e-03
-1.8918520494770113e-03
-1.8921648767454523e-03
-1.8924777041115777e-03
-1.8928932068721788e-03
-1.8933087098061366e-03
-1.8935752368037480e-03
-1.8938417638730569e-03
