0.0000000000000000e+00
0.0000000000000000e+00
0.0000000000000000e+00
0.0000000000000000e+00
0.0000000000000000e+00
0.0000000000000000e+00
0.0000000000000000e+00
1.4516096154843951e-05
6.1359504563143091e-05
1.3948754320117454e-04
2.4789103075035851e-04
3.1998163225807640e-04
3.5697128779086886e-04
3.5997203704818512e-04
3.5997203704818512e-04
3.5997203704818512e-04
3.5997203704818512e-04
3.5997203704818512e-04
3.5997203704818512e-04
3.5997203704818512e-04
3.5997203704818512e-04
3.5997203704818512e-04
3.5997203704818512e-04
3.5997203704818512e-04
3.5997203704818512e-04
3.5997203704818512e-04
3.5997203704818512e-04
3.6287616600586236e-04
3.9848247443781968e-04
4.6573587976834097e-04
5.6361550952481422e-04
6.2556229512119948e-04
6.5269488162103106e-04
6.5269488162103106e-04
6.5269488162103106e-04
6.5269488162103106e-04
6.5269488162103106e-04
6.5269488162103106e-04
6.5269488162103106e-04
6.5269488162103106e-04
6.5269488162103106e-04
6.5269488162103106e-04
6.5269488162103106e-04
6.5269488162103106e-04
6.5269488162103106e-04
6.5269488162103106e-04
6.5269488162103106e-04
6.5269488162103106e-04
6.7895193163085310e-04
7.3715762763047657e-04
8.2628142915591913e-04
9.1252614447514505e-04
9.9599304192356524e-04
1.0767674588084304e-03
1.1549362494349675e-03
1.2305834662350982e-03
1.3037904502960086e-03
1.3746359187989756e-03
1.4431960496614831e-03
1.5095445634493664e-03
1.5737528026456406e-03
1.6358898083633207e-03
1.6960223945826889e-03
1.7542152199947355e-03
1.8105308575262194e-03
1.8650298616227528e-03
1.9177708333606657e-03
1.9688104834592588e-03
2.0182036932597947e-03
2.0660035737378540e-03
2.1122615226119930e-03
2.1570272796096936e-03
2.2003489799515023e-03
2.2422732061088417e-03
2.2828450378926924e-03
2.3221081009269519e-03
2.3601046135571864e-03
2.3968754322469562e-03
2.4324600955096137e-03
2.4668968664224482e-03
2.5002227737699668e-03
2.5324736518601522e-03
2.5636841790551588e-03
2.5938879150607290e-03
2.6231173370113597e-03
2.6514038743920576e-03
2.6787779428334977e-03
2.7052689768170914e-03
2.7309054613249063e-03
2.7557149624684385e-03
2.7797241571301218e-03
2.8029588616475263e-03
2.8254440595734667e-03
2.8472039285394350e-03
2.8682618662535376e-03
2.8886405156589956e-03
2.9083617892817007e-03
2.9274468927916997e-03
2.9459163478052003e-03
2.9637900139509029e-03
2.9810871102244211e-03
2.9978262356535105e-03
3.0140253892975669e-03
3.0297019896010930e-03
3.0448728931232695e-03
3.0595544126633895e-03
3.0737623348013089e-03
3.0875119368723534e-03
3.1008180033947155e-03
3.1136948419667057e-03
3.1261562986510637e-03
3.1382157728633729e-03
3.1499650974865017e-03
3.1612565457779023e-03
3.1721947241391455e-03
3.1827690878455947e-03
3.1930627524438268e-03
3.2029639538634245e-03
3.2125623552320256e-03
3.2218345372894983e-03
3.2308550281985558e-03
3.2395371239862221e-03
3.2479581361013754e-03
3.2560885187783405e-03
3.2639946703836571e-03
3.2716077454791491e-03
3.2789947024862579e-03
3.2861239056059983e-03
3.2930542431170375e-03
3.2997299126557829e-03
3.3062090980991374e-03
3.3125366890850152e-03
3.3185838925638149e-03
3.3244147699881027e-03
3.3300787456239231e-03
3.3356139509526104e-03
3.3409167266627328e-03
3.3460401771904383e-03
3.3510252733172036e-03
3.3559036245481124e-03
3.3605518946424810e-03
3.3650226521394285e-03
3.3693564543689023e-03
3.3735845918526144e-03
3.3777312056457618e-03
3.3816753602326777e-03
3.3854633134659407e-03
3.3891307538966653e-03
3.3927052157184910e-03
3.3962079419295717e-03
3.3995560727906222e-03
3.4027849302601856e-03
3.4059217657010140e-03
3.4089876039033592e-03
3.4119234876454963e-03
3.4147591089476298e-03
3.4175173755997120e-03
3.4201781053915868e-03
3.4227635835610598e-03
3.4252550808781673e-03
3.4276740700412956e-03
3.4300071645330036e-03
3.4322739896604460e-03
3.4344586996846518e-03
3.4365800562865889e-03
3.4386258609027808e-03
3.4406133757921079e-03
3.4425290733599888e-03
3.4443893624965601e-03
3.4461832540116574e-03
3.4479259186035796e-03
3.4496057276929607e-03
3.4512370426029951e-03
3.4528100412136329e-03
3.4543380478166161e-03
3.4558110140272642e-03
3.4572415155897755e-03
3.4586208215250922e-03
3.4599606291978646e-03
3.4612522218146285e-03
3.4625066156751812e-03
3.4637160796737588e-03
3.4648908795704000e-03
3.4660234318518043e-03
3.4671233893790792e-03
3.4681839251949303e-03
3.4692140465500277e-03
3.4702071418312701e-03
3.4711716708799387e-03
3.4721016169709457e-03
3.4730048817867435e-03
3.4738756920595581e-03
3.4747214631225330e-03
3.4755368997873219e-03
3.4763289330138583e-03
3.4770925158271182e-03
3.4778341486899093e-03
3.4785491761435139e-03
3.4792436771365100e-03
3.4799132359451825e-03
3.4805635514644990e-03
