2.0000000000000020e+02
2.0000000000000020e+02
2.0000000000000020e+02
2.0000000000000020e+02
2.0000000000000020e+02
2.0000000000000020e+02
2.0000000000000020e+02
2.1349996942400512e+02
2.4399985270436369e+02
2.7449986107026376e+02
3.0499986971677646e+02
2.7448099032468861e+02
2.4399982861323943e+02
2.1349983544303021e+02
2.1079916111144576e+02
2.1079916111144576e+02
2.1079916111144576e+02
2.1079916111144576e+02
2.1079916111144576e+02
2.1079916111144576e+02
2.1079916111144576e+02
2.1079916111144576e+02
2.1079916111144576e+02
2.1079916111144576e+02
2.1079916111144576e+02
2.1079916111144576e+02
2.1079916111144576e+02
2.1350000104208576e+02
2.4400015182189634e+02
2.7450014119051957e+02
3.0500013206657144e+02
2.7451897589038271e+02
2.4400017429847952e+02
2.1958084644863104e+02
2.1958084644863104e+02
2.1958084644863104e+02
2.1958084644863104e+02
2.1958084644863104e+02
2.1958084644863104e+02
2.1958084644863104e+02
2.1958084644863104e+02
2.1958084644863104e+02
2.1958084644863104e+02
2.1958084644863104e+02
2.1958084644863104e+02
2.1958084644863104e+02
2.1958084644863104e+02
2.1958084644863104e+02
2.4399990295776536e+02
2.7449985522857537e+02
3.0499986424757384e+02
3.0499602812155769e+02
3.0499999896128526e+02
3.0499999896063218e+02
3.0499999904693243e+02
3.0499999910717111e+02
3.0499999916369956e+02
3.0499999921664011e+02
3.0499999926610121e+02
3.0499999931257639e+02
3.0499999935601426e+02
3.0499999939681248e+02
3.0499999943491224e+02
3.0499999947068369e+02
3.0499999950412291e+02
3.0499999953556249e+02
3.0499999956494139e+02
3.0499999959251176e+02
3.0499999961827609e+02
3.0499999964238810e+02
3.0499999966508358e+02
3.0499999968622217e+02
3.0499999970617409e+02
3.0499999972486984e+02
3.0499999974224744e+02
3.0499999975864193e+02
3.0499999977392736e+02
3.0499999978820142e+02
3.0499999980168081e+02
3.0499999981422428e+02
3.0499999982586564e+02
3.0499999983697074e+02
3.0499999984716169e+02
3.0499999985683490e+02
3.0499999986590825e+02
3.0499999987439003e+02
3.0499999988230218e+02
3.0499999988974480e+02
3.0499999989678315e+02
3.0499999990323187e+02
3.0499999990941706e+02
3.0499999991508997e+02
3.0499999992054990e+02
3.0499999992555570e+02
3.0499999993029786e+02
3.0499999993468242e+02
3.0499999993888656e+02
3.0499999994274975e+02
3.0499999994630656e+02
3.0499999994966083e+02
3.0499999995289716e+02
3.0499999995578565e+02
3.0499999995857769e+02
3.0499999996120789e+02
3.0499999996365671e+02
3.0499999996601042e+02
3.0499999996816655e+02
3.0499999997011025e+02
3.0499999997196710e+02
3.0499999997379160e+02
3.0499999997545518e+02
3.0499999997697904e+02
3.0507334508541072e+02
3.0499999983559798e+02
3.0501020224929135e+02
3.0499999997117260e+02
3.0505618071172353e+02
3.0499999989353978e+02
3.0501543188870261e+02
3.0499999997040942e+02
3.0504409266411113e+02
3.0499999992848382e+02
3.0501765498668033e+02
3.0499999997261807e+02
3.0503537655629623e+02
3.0499999995031686e+02
3.0501810238098568e+02
3.0499999997594631e+02
3.0502893105344623e+02
3.0499999996454500e+02
3.0501753984199297e+02
3.0507093255984176e+02
3.0499999990783289e+02
3.0498023278150322e+02
3.0499994044095604e+02
3.0505010332439667e+02
3.0499999993899337e+02
3.0499231079064884e+02
3.0501734471360481e+02
3.0506762484426088e+02
3.0499999992420851e+02
3.0497436131143439e+02
3.0498111563759511e+02
3.0501286149091817e+02
3.0506388858320759e+02
3.0499999993520441e+02
3.0497305731391430e+02
3.0497461900455193e+02
3.0499817211119694e+02
3.0503869184786180e+02
3.0499999995866216e+02
3.0498951963041384e+02
3.0500080486777540e+02
3.0502888249921222e+02
3.0499999999728755e+02
3.0499483244035059e+02
3.0500796125486454e+02
3.0499999997443564e+02
3.0500983785935807e+02
3.0500000001174209e+02
3.0500731234805312e+02
3.0499999997852922e+02
3.0500836230451057e+02
3.0500000001232485e+02
3.0500662263034150e+02
3.0499999998165538e+02
3.0500716467415816e+02
3.0500000001189170e+02
3.0500594109781196e+02
3.0499999998393741e+02
3.0500617569083749e+02
3.0500000001123192e+02
3.0500529469712217e+02
3.0499999998598224e+02
3.0500534737718431e+02
3.0500000001040075e+02
3.0500469687395434e+02
3.0499999998753810e+02
3.0500464578143118e+02
3.0500000000952684e+02
3.0500415294475152e+02
3.0499999998893236e+02
3.0500404629408928e+02
3.0500000000881835e+02
3.0500366345592016e+02
3.0499999999011317e+02
3.0500353061608888e+02
3.0500000000805761e+02
3.0500322627019989e+02
3.0499999999103477e+02
3.0500308478782006e+02
3.0500000000732018e+02
3.0500283785035379e+02
3.0499999999192886e+02
3.0500269789430126e+02
3.0500000000674675e+02
3.0500249403720852e+02
3.0499999999254987e+02
3.0500236120779010e+02
3.0500000000616262e+02
3.0500219051131887e+02
