0.0000000000000000e+00
7.1501613744507173e-11
-3.4029991481006427e-03
5.9108352688000242e-10
-7.0770028319184670e-07
-3.4044151198087185e-03
-1.0210413176463467e-02
-3.0497013571710019e-05
-1.5018834321954159e-04
-1.4088789626501887e-04
-1.3197342174906175e-04
-8.9869237153919843e-03
-1.7598602981004125e-04
-1.6670926541646666e-04
-1.3238135837883621e-06
-3.2396096987914970e-03
-9.8822770275855606e-03
2.0727508404852787e-09
2.3211251169277252e-10
-8.9362508087992852e-11
-1.4243297165618623e-10
-4.0070271708949092e-10
-3.4037084013390437e-03
1.4207784851253045e-10
7.0981676236818362e-07
-3.4022888361578143e-03
-1.0209704544296691e-02
-1.1735607937746629e-06
-1.5397141364504967e-04
-1.4396062556680135e-04
-1.3479520970738649e-04
-8.9486536407960924e-03
-1.7556548802734562e-04
-6.3195468567263510e-06
-3.2401100285567221e-03
-9.8762280304914730e-03
1.6209321998717494e-09
6.4711789242280267e-03
4.1779846696655540e-10
6.2466165757498018e-10
2.2063506063589562e-11
1.1572966005350637e-10
-3.4029991595237903e-03
3.5427419400047272e-10
-7.0799199111372412e-07
-3.4044152880004785e-03
-1.0210413367534000e-02
1.7871726504094881e-09
-9.9051155281287609e-05
-1.4691058373543994e-04
-1.3761608324636184e-04
-1.6918980821827862e-03
-1.0892025893247383e-06
-1.0524851119709028e-06
-9.7641670162454492e-07
-9.1457748705384712e-07
-8.5685385121434888e-07
-8.0254096158127814e-07
-7.5163434437260227e-07
-7.0391121556076521e-07
-6.5903875447022593e-07
-6.1707131402487207e-07
-5.7796379843678523e-07
-5.4129795349898795e-07
-5.0718966310250314e-07
-4.7477136209356016e-07
-4.4467413336498007e-07
-4.1632570525842801e-07
-3.8997396554817471e-07
-3.6527013002105484e-07
-3.4209380133573732e-07
-3.2053111296627235e-07
-3.0025992637076216e-07
-2.8149841884657137e-07
-2.6357528842265201e-07
-2.4679364470437199e-07
-2.3129670236746922e-07
-2.1655102535174687e-07
-2.0305191539513930e-07
-1.9000647641489354e-07
-1.7823569981846057e-07
-1.6697808860767642e-07
-1.5622995469876881e-07
-1.4643085619472989e-07
-1.3724765479366860e-07
-1.2851378102843840e-07
-1.2052878929406679e-07
-1.1277803161790165e-07
-1.0581402003082057e-07
-9.9117644897928993e-08
-9.2885076482248427e-08
-8.6830509411467970e-08
-8.1343787893925471e-08
-7.6200615172351023e-08
-7.1255518158917937e-08
-6.6793218905194350e-08
-6.2638000321104216e-08
-5.8539967489546616e-08
-5.4706570377521344e-08
-5.1480414789037291e-08
-4.8045158386078155e-08
-4.5094738399118606e-08
-4.2193204601724296e-08
-3.9427098586671190e-08
-3.6924358623884746e-08
-3.4655589342223275e-08
-3.2362698498144271e-08
-3.0167845704829975e-08
-2.8380657530634832e-08
-2.6396011327003293e-08
-2.4693626354620610e-08
-2.3198536266178766e-08
-2.4485657073023602e-02
-1.6721569897604337e-07
-3.3947995996961777e-03
-2.8991979852205204e-08
-1.8761351044530233e-02
-1.0822353722965196e-07
-5.1337331766001578e-03
-2.9745766695202002e-08
-1.4729585381623205e-02
-7.2550137640199590e-08
-5.8716530074610675e-03
-2.7824115606193470e-08
-1.1822231019638516e-02
-5.0394791601205826e-08
-6.0184894479475611e-03
-2.4354241245875038e-08
-9.6721324932027217e-03
-3.6133718974783602e-08
-5.8292667244988702e-03
-2.3620449235262797e-02
-9.3935306219869979e-08
6.5566215308427555e-03
-5.3388942242852486e-05
-1.6823605126849092e-02
-6.2556938580970286e-08
2.6787594001297867e-03
-5.5567504010348798e-03
-2.2214304209660748e-02
-7.6712788472945603e-08
8.2138383684062701e-03
5.6252309135491462e-03
-5.2987619471916202e-03
-2.2654710957892784e-02
-6.9486207468051601e-08
1.0335770951837192e-02
1.1166715269309645e-02
4.6637283704320095e-03
-7.4982606548222343e-03
-3.2203676582214433e-08
-1.9082564322747348e-03
-1.1074268087233014e-02
-2.5840343143368149e-02
-2.4477751344234427e-08
1.7933283807778741e-02
2.9765772285026089e-02
8.3253793482560926e-09
-3.5700581815519661e-02
2.0444361177441888e-09
2.9982318265841211e-02
1.4612021075953291e-08
-3.5208547906506439e-02
3.4986682309059729e-09
3.0212399468210645e-02
1.4741991205207603e-08
-3.4809196097962083e-02
5.0058458337425624e-09
3.0439710396698919e-02
1.4632075658027120e-08
-3.4479425535161770e-02
5.9837265582228012e-09
3.0655279899369496e-02
1.4814843799707759e-08
-3.4203235896299512e-02
7.4266785943996897e-09
3.0854632547039490e-02
1.4967404059232459e-08
-3.3969305364359680e-02
7.7179012100428014e-09
3.1036002089572585e-02
1.4592920129189402e-08
-3.3769426183258705e-02
8.6429509310852746e-09
3.1199211788227516e-02
1.4756872583820999e-08
-3.3597495083793581e-02
9.2590529812374649e-09
3.1344976149333660e-02
1.4790911036115468e-08
-3.3448856216165515e-02
9.3231797824518410e-09
3.1474476784739081e-02
1.4499643668669910e-08
-3.3319869317684818e-02
9.9243038584523897e-09
3.1589102737682923e-02
1.4299531352903388e-08
-3.3207623512690368e-02
9.9726912944999258e-09
3.1690294217437728e-02
