0.0000000000000000e+00
3.0499999999891628e+01
6.0996824069649470e+01
9.1499999999158078e+01
1.2199999893216879e+02
1.5249682193526209e+02
1.8299047007469659e+02
2.1349996942400497e+02
2.4399985270436400e+02
2.7449986107026365e+02
3.0499986971677629e+02
2.7448099032468878e+02
2.4399982861323923e+02
2.1349983544303024e+02
1.8299999843083299e+02
1.5249698447537133e+02
1.2199079250968069e+02
9.1499999996750049e+01
6.0999999999656936e+01
3.0499999999857671e+01
1.5301769431520180e-10
3.0500000000097216e+01
6.1003176996960192e+01
9.1500000000891674e+01
1.2199999893466101e+02
1.5250317486485258e+02
1.8300952885894654e+02
2.1350000104208573e+02
2.4400015182189642e+02
2.7450014119051946e+02
3.0500013206657150e+02
2.7451897589038276e+02
2.4400017429847944e+02
2.1350000758122815e+02
1.8300301684886728e+02
1.5250920103525874e+02
1.2200000000322558e+02
9.1493977993363032e+01
6.1000000000747946e+01
3.0500000000907860e+01
9.7376425536174235e-11
3.0499999999728900e+01
6.0996824069605289e+01
9.1499999999037129e+01
1.2199999893181908e+02
1.5249682193492288e+02
1.8299047007431665e+02
2.1349999999634611e+02
2.4399990295776536e+02
2.7449985522857537e+02
3.0499986424757384e+02
3.0499602812155763e+02
3.0499999896128509e+02
3.0499999896063207e+02
3.0499999904693237e+02
3.0499999910717116e+02
3.0499999916369927e+02
3.0499999921664011e+02
3.0499999926610099e+02
3.0499999931257639e+02
3.0499999935601414e+02
3.0499999939681254e+02
3.0499999943491224e+02
3.0499999947068375e+02
3.0499999950412291e+02
3.0499999953556278e+02
3.0499999956494116e+02
3.0499999959251187e+02
3.0499999961827598e+02
3.0499999964238799e+02
3.0499999966508346e+02
3.0499999968622211e+02
3.0499999970617375e+02
3.0499999972486961e+02
3.0499999974224744e+02
3.0499999975864154e+02
3.0499999977392741e+02
3.0499999978820154e+02
3.0499999980168070e+02
3.0499999981422417e+02
3.0499999982586547e+02
3.0499999983697069e+02
3.0499999984716175e+02
3.0499999985683496e+02
3.0499999986590825e+02
3.0499999987438991e+02
3.0499999988230218e+02
3.0499999988974503e+02
3.0499999989678315e+02
3.0499999990323175e+02
3.0499999990941723e+02
3.0499999991508997e+02
3.0499999992055007e+02
3.0499999992555547e+02
3.0499999993029786e+02
3.0499999993468214e+02
3.0499999993888656e+02
3.0499999994274970e+02
3.0499999994630673e+02
3.0499999994966095e+02
3.0499999995289687e+02
3.0499999995578577e+02
3.0499999995857763e+02
3.0499999996120761e+02
3.0499999996365693e+02
3.0499999996601031e+02
3.0499999996816655e+02
3.0499999997011025e+02
3.0499999997196733e+02
3.0499999997379166e+02
3.0499999997545524e+02
3.0499999997697881e+02
3.0507334508541084e+02
3.0499999983559809e+02
3.0501020224929130e+02
3.0499999997117226e+02
3.0505618071172336e+02
3.0499999989353961e+02
3.0501543188870272e+02
3.0499999997040908e+02
3.0504409266411130e+02
3.0499999992848382e+02
3.0501765498668033e+02
3.0499999997261801e+02
3.0503537655629623e+02
3.0499999995031681e+02
3.0501810238098568e+02
3.0499999997594637e+02
3.0502893105344612e+02
3.0499999996454500e+02
3.0501753984199297e+02
3.0507093255984176e+02
3.0499999990783283e+02
3.0498023278150333e+02
3.0499994044095592e+02
3.0505010332439679e+02
3.0499999993899331e+02
3.0499231079064896e+02
3.0501734471360481e+02
3.0506762484426076e+02
3.0499999992420851e+02
3.0497436131143439e+02
3.0498111563759511e+02
3.0501286149091806e+02
3.0506388858320742e+02
3.0499999993520464e+02
3.0497305731391452e+02
3.0497461900455221e+02
3.0499817211119694e+02
3.0503869184786151e+02
3.0499999995866170e+02
3.0498951963041384e+02
3.0500080486777534e+02
3.0502888249921210e+02
3.0499999999728755e+02
3.0499483244035036e+02
3.0500796125486454e+02
3.0499999997443564e+02
3.0500983785935784e+02
3.0500000001174220e+02
3.0500731234805312e+02
3.0499999997852944e+02
3.0500836230451074e+02
3.0500000001232485e+02
3.0500662263034144e+02
3.0499999998165532e+02
3.0500716467415822e+02
3.0500000001189164e+02
3.0500594109781213e+02
3.0499999998393764e+02
3.0500617569083727e+02
3.0500000001123169e+02
3.0500529469712228e+02
3.0499999998598190e+02
3.0500534737718419e+02
3.0500000001040087e+02
3.0500469687395429e+02
3.0499999998753827e+02
3.0500464578143152e+02
3.0500000000952730e+02
3.0500415294475152e+02
3.0499999998893236e+02
3.0500404629408928e+02
3.0500000000881829e+02
3.0500366345592010e+02
3.0499999999011317e+02
3.0500353061608905e+02
3.0500000000805761e+02
3.0500322627020000e+02
3.0499999999103488e+02
3.0500308478782006e+02
3.0500000000732041e+02
3.0500283785035379e+02
3.0499999999192897e+02
3.0500269789430126e+02
3.0500000000674663e+02
3.0500249403720841e+02
3.0499999999254987e+02
3.0500236120779010e+02
3.0500000000616251e+02
3.0500219051131921e+02
