0.0000000000000000e+00
7.1501613744507173e-11
-3.4029991481006427e-03
5.9107494685083752e-10
-7.0773908208671427e-07
-3.4044151490545465e-03
-1.0210413221553260e-02
-3.0496987163041331e-05
-1.5018829971722846e-04
-1.4088784841038784e-04
-1.3197342044173540e-04
-8.9869237870579075e-03
-1.7598609476634488e-04
-1.6670931493804775e-04
-1.3238206918280972e-06
-3.2396096887679043e-03
-9.8822769686433796e-03
2.1510814500704254e-09
5.1510678418631674e-10
8.6092948917477618e-12
6.4379655270365356e-11
-2.5660160949956355e-10
-3.4037082648592774e-03
2.4990278660624634e-10
7.0988725937878087e-07
-3.4022886589327042e-03
-1.0209704384369810e-02
-1.1732959484892382e-06
-1.5397123330550865e-04
-1.4396048459597709e-04
-1.3479506024774432e-04
-8.9486534891333770e-03
-1.7556530356045420e-04
-6.3193242336848176e-06
-3.2401099422049097e-03
-9.8762280949382022e-03
1.8063979424100565e-09
6.4711793407765273e-03
5.1070823224245537e-10
7.3519948153202149e-10
2.2363620728995703e-10
3.4258614138950567e-10
-3.4029990116508880e-03
6.1235495654735756e-10
-7.0750150936781471e-07
-3.4044147127618978e-03
-1.0210412619746714e-02
1.9910940403014542e-09
-9.9050952788379967e-05
-1.4691038238511336e-04
-1.3761588662589564e-04
-1.6918980048249838e-03
-1.0891306558934756e-06
-1.0524218636573650e-06
-9.7639277226230251e-07
-9.1449201439775855e-07
-8.5672955352714306e-07
-8.0235634488394089e-07
-7.5147923064182001e-07
-7.0378588776998459e-07
-6.5900928854399207e-07
-6.1699600913430301e-07
-5.7794032700702378e-07
-5.4121254055758449e-07
-5.0704205369508207e-07
-4.7472701112865380e-07
-4.4460066065367143e-07
-4.1619090807126166e-07
-3.8987182654257684e-07
-3.6519023215577661e-07
-3.4206700251416183e-07
-3.2043344916763056e-07
-3.0014235582957550e-07
-2.8131888604482516e-07
-2.6330618554419588e-07
-2.4657673578862033e-07
-2.3111357680709866e-07
-2.1639262457384945e-07
-2.0288220455031053e-07
-1.8994777207690243e-07
-1.7808068743862830e-07
-1.6684972428582324e-07
-1.5606598828326002e-07
-1.4629482525178422e-07
-1.3718219379825177e-07
-1.2851151951724438e-07
-1.2048629497224312e-07
-1.1278165249399708e-07
-1.0579534784054816e-07
-9.9042558367933570e-08
-9.2805748714253376e-08
-8.6895338096141211e-08
-8.1373388426347497e-08
-7.6144994093350683e-08
-7.1304379198117128e-08
-6.6721142473002049e-08
-6.2569880602691204e-08
-5.8514318766235274e-08
-5.4643239580453919e-08
-5.1369386760783208e-08
-4.7912034933705954e-08
-4.4771076100186775e-08
-4.2111296206736431e-08
-3.9240479050893766e-08
-3.6794741898731682e-08
-3.4546804302080803e-08
-3.2272124243165589e-08
-3.0121105770370952e-08
-2.8439666467664355e-08
-2.6403533208892674e-08
-2.4750550085128297e-08
-2.3158579526847595e-08
-2.4485657057803933e-02
-1.6713421836940059e-07
-3.3947994758318305e-03
-2.8977443220599174e-08
-1.8761351252344259e-02
-1.0825077425149195e-07
-5.1337330407176954e-03
-2.9890357415204754e-08
-1.4729585704876556e-02
-7.2643073685070412e-08
-5.8716528028808779e-03
-2.7790450958490450e-08
-1.1822231152865592e-02
-5.0320533080349001e-08
-6.0184891656947289e-03
-2.4246400907554490e-08
-9.6721326312421106e-03
-3.6120795193786977e-08
-5.8292664248899995e-03
-2.3620448662897392e-02
-9.3836680054469750e-08
6.5566210925751605e-03
-5.3389897432021708e-05
-1.6823606486816880e-02
-6.2485711935979167e-08
2.6787609546132232e-03
-5.5567474908530118e-03
-2.2214299815820911e-02
-7.6647029704120143e-08
8.2138341665421652e-03
5.6252224630704839e-03
-5.2987747854735178e-03
-2.2654728121995878e-02
-6.9366801147908914e-08
1.0335788468564340e-02
1.1166750010502916e-02
4.6637802558331387e-03
-7.4981915577258243e-03
-3.1907842511559189e-08
-1.9083246685496751e-03
-1.1074404817760248e-02
-2.5840548056908722e-02
-2.4658212226619400e-08
1.7933487848321605e-02
2.9766180127731280e-02
8.9322550173036990e-09
-3.5700987554333687e-02
2.1822608237747905e-09
2.9982723317660123e-02
1.5300628731726977e-08
-3.5208950952446784e-02
3.5591413566034157e-09
3.0212801895385794e-02
1.5176325714698734e-08
-3.4809596954230457e-02
4.7238451251879508e-09
3.0440110354677849e-02
1.4952983070366577e-08
-3.4479824235827142e-02
5.7210676110238811e-09
3.0655677614736927e-02
1.5019083437885117e-08
-3.4203632778184195e-02
7.0233244396634959e-09
3.0855028267638477e-02
1.5057556168967226e-08
-3.3969700528489181e-02
7.4701533412576258e-09
3.1036396239671145e-02
1.4668394210459978e-08
-3.3769819816756141e-02
8.2061183312406187e-09
3.1199604273579998e-02
1.4813536622433337e-08
-3.3597887092154270e-02
8.8083052423118896e-09
3.1345367183768132e-02
1.4834155319748870e-08
-3.3449246823092138e-02
8.9223414989193647e-09
3.1474866332227312e-02
1.4570366570859327e-08
-3.3320258389959820e-02
9.4963744002684496e-09
3.1589490803323093e-02
1.4151640383415926e-08
-3.3208011731482065e-02
9.3841234204623038e-09
3.1690680974714669e-02
