0.0000000000000000e+00
3.0499999999963144e+01
6.0993421070501384e+01
9.1499999999749150e+01
1.2199999822444912e+02
1.5249341752012759e+02
1.8298025966149760e+02
2.1349993892700451e+02
2.4399970251604236e+02
2.7449972018239140e+02
3.0499973774335530e+02
2.7447200340093752e+02
2.4399965262717720e+02
2.1349966873374012e+02
1.8299999710701596e+02
1.5249374486567760e+02
1.2198091023268250e+02
9.1499999998861995e+01
6.1000000000030539e+01
3.0499999999817295e+01
-1.3090996750288534e-10
-3.0500000000425864e+01
-6.1006580705293295e+01
-9.1500000000695692e+01
-1.2199999822480898e+02
-1.5250657715360012e+02
-1.8301973856341090e+02
-2.1350000221551420e+02
-2.4400030579321998e+02
-2.7450028515107442e+02
-3.0500026686170639e+02
-2.7452792454394779e+02
-2.4400034986387524e+02
-2.1350001390066376e+02
-1.8300625695885265e+02
-1.5251907726332155e+02
-1.2200000000151192e+02
-9.1487506814230514e+01
-6.1000000000283663e+01
-3.0500000000227910e+01
-5.4825981897949952e-11
3.0499999999958053e+01
6.0993421070519716e+01
9.1499999999520440e+01
1.2199999822407231e+02
1.5249341751992253e+02
1.8298025966132298e+02
2.1349999999823518e+02
2.4399980390671146e+02
2.7449970831809230e+02
3.0499972663158877e+02
3.0499433622351415e+02
3.0499999787211851e+02
3.0499999790817856e+02
3.0499999807052779e+02
3.0499999819263644e+02
3.0499999830690740e+02
3.0499999841419145e+02
3.0499999851454407e+02
3.0499999860872771e+02
3.0499999869699002e+02
3.0499999877977893e+02
3.0499999885696036e+02
3.0499999892942856e+02
3.0499999899700708e+02
3.0499999906081371e+02
3.0499999912030358e+02
3.0499999917625371e+02
3.0499999922835315e+02
3.0499999927715771e+02
3.0499999932300312e+02
3.0499999936573977e+02
3.0499999940597252e+02
3.0499999944346104e+02
3.0499999947880656e+02
3.0499999951195639e+02
3.0499999954272215e+02
3.0499999957172980e+02
3.0499999959871366e+02
3.0499999962424710e+02
3.0499999964770723e+02
3.0499999967005675e+02
3.0499999969101378e+02
3.0499999971047214e+02
3.0499999972869324e+02
3.0499999974587729e+02
3.0499999976179464e+02
3.0499999977696513e+02
3.0499999979097868e+02
3.0499999980415191e+02
3.0499999981657174e+02
3.0499999982822726e+02
3.0499999983919145e+02
3.0499999984938285e+02
3.0499999985901803e+02
3.0499999986792511e+02
3.0499999987628252e+02
3.0499999988422252e+02
3.0499999989163160e+02
3.0499999989823590e+02
3.0499999990491841e+02
3.0499999991085286e+02
3.0499999991642557e+02
3.0499999992187389e+02
3.0499999992679716e+02
3.0499999993140921e+02
3.0499999993584930e+02
3.0499999993996585e+02
3.0499999994355704e+02
3.0499999994739181e+02
3.0499999995073318e+02
3.0499999995380045e+02
3.0504885942834539e+02
3.0499999966842313e+02
3.0500680744975352e+02
3.0499999994218763e+02
3.0503741936057503e+02
3.0499999978530263e+02
3.0501029815559389e+02
3.0499999994059118e+02
3.0502936307856783e+02
3.0499999985588693e+02
3.0501178333377516e+02
3.0499999994481090e+02
3.0502355432520994e+02
3.0499999989995939e+02
3.0501208389167886e+02
3.0499999995164615e+02
3.0501925892088394e+02
3.0499999992841776e+02
3.0501171057541819e+02
3.0504731211089268e+02
3.0499999981394677e+02
3.0498678940281485e+02
3.0499988705153601e+02
3.0503327971858994e+02
3.0499999987647203e+02
3.0499498955082606e+02
3.0501178796465882e+02
3.0504541054224796e+02
3.0499999984752861e+02
3.0498257514770194e+02
3.0498674086428321e+02
3.0500756272255160e+02
3.0504123386366751e+02
3.0499999986577814e+02
3.0498339309362456e+02
3.0498578573719203e+02
3.0500283586551006e+02
3.0503119362175545e+02
3.0499999992660628e+02
3.0498761133986352e+02
3.0498973053132300e+02
3.0500304205361203e+02
3.0499999997271971e+02
3.0501276582617839e+02
3.0503772723107068e+02
3.0499999998306441e+02
3.0497413707467297e+02
3.0500000001385547e+02
3.0503729486884487e+02
3.0499999999348563e+02
3.0497315355508124e+02
3.0500000001585369e+02
3.0503683523102364e+02
3.0499999999661441e+02
3.0497235527763195e+02
3.0500000001675664e+02
3.0503638100818750e+02
3.0499999999873006e+02
3.0497169606595173e+02
3.0500000001708418e+02
3.0503595017587929e+02
3.0500000000089892e+02
3.0497114394284688e+02
3.0500000001762584e+02
3.0503555170436164e+02
3.0500000000255062e+02
3.0497067627848509e+02
3.0500000001712101e+02
3.0503518914391628e+02
3.0500000000356306e+02
3.0497027667108921e+02
3.0500000001724317e+02
3.0503486286395116e+02
3.0500000000489842e+02
3.0496993292500105e+02
3.0500000001709122e+02
3.0503457144186649e+02
3.0500000000584737e+02
3.0496963573630046e+02
3.0500000001644310e+02
3.0503431252191228e+02
3.0500000000646389e+02
3.0496937783044768e+02
3.0500000001645685e+02
3.0503408333397869e+02
3.0500000000677556e+02
3.0496915339016800e+02
3.0500000001584095e+02
3.0503388099891521e+02
