0.0000000000000000e+00
0.0000000000000000e+00
0.0000000000000000e+00
0.0000000000000000e+00
0.0000000000000000e+00
0.0000000000000000e+00
0.0000000000000000e+00
0.0000000000000000e+00
8.7031117082686968e+00
2.3830269125578688e+01
3.9319039817229168e+01
3.9319039817229147e+01
3.9319039817229125e+01
3.9319039817229125e+01
3.9319039817229125e+01
3.9319039817229125e+01
3.9319039817229104e+01
3.9319039817229111e+01
3.9319039817229111e+01
3.9319039817229104e+01
3.9319039817229104e+01
3.9319039817229104e+01
3.9319039817229104e+01
3.9319039817229090e+01
3.9319039817229090e+01
3.4838257602551295e+01
2.1934441553343049e+01
7.1251491876493276e+00
-8.2914425387954491e+00
-2.3833751708847231e+01
-3.9378414766091893e+01
-3.9378414766091893e+01
-3.9378414766091893e+01
-3.9378414766091893e+01
-3.9378414766091893e+01
-3.9378414766091893e+01
-3.9378414766091893e+01
-3.9378414766091893e+01
-3.9378414766091893e+01
-3.9378414766091893e+01
-3.9378414766091893e+01
-3.9378414766091893e+01
-3.9378414766091893e+01
-3.9378414766091893e+01
-3.9378414766091893e+01
-3.4489034853000909e+01
-2.1814793022277861e+01
-7.1018315849396103e+00
8.2913687846346136e+00
2.3830621276330294e+01
3.9376072291915982e+01
3.9376072291915968e+01
3.9376072291915968e+01
3.9376072291915939e+01
3.9376072291915946e+01
3.9376072291915946e+01
3.9376072291915939e+01
3.9376072291915939e+01
3.9376072291915911e+01
3.9376072291915904e+01
3.9376072291915904e+01
3.9376072291915904e+01
3.9376072291915911e+01
3.9376072291915911e+01
3.9376072291915911e+01
3.4498438210374410e+01
2.1818174221942211e+01
7.1024893021536979e+00
-8.2908182737850318e+00
-2.3830539964844114e+01
-3.9376082579753415e+01
-3.9376082579753415e+01
-3.9376082579753415e+01
-3.9376082579753415e+01
-3.9376082579753415e+01
-3.9376082579753415e+01
-3.9376082579753415e+01
-3.9376082579753415e+01
-3.9376082579753415e+01
-3.9376082579753415e+01
-3.9376082579753415e+01
-3.9376082579753415e+01
-3.9376082579753415e+01
-3.9376082579753415e+01
-3.9376082579753415e+01
-3.4498121887187615e+01
-2.1817971414766010e+01
-7.1024678047845846e+00
8.2913754845793655e+00
2.3830704156249308e+01
3.9376133760712555e+01
3.9376133760712555e+01
3.9376133760712555e+01
3.9376133760712555e+01
3.9376133760712563e+01
3.9376133760712563e+01
3.9376133760712570e+01
3.9376133760712570e+01
3.9376133760712563e+01
3.9376133760712555e+01
3.9376133760712555e+01
3.9376133760712555e+01
3.9376133760712555e+01
3.9376133760712555e+01
3.9376133760712555e+01
3.4498195888757238e+01
2.1818089497022221e+01
7.1024723577536264e+00
-8.2908180510900760e+00
-2.3830537741621640e+01
-3.9376080937305716e+01
-3.9376080937305716e+01
-3.9376080937305716e+01
-3.9376080937305716e+01
-3.9376080937305716e+01
-3.9376080937305716e+01
-3.9376080937305716e+01
-3.9376080937305716e+01
-3.9376080937305716e+01
-3.9376080937305716e+01
-3.9376080937305716e+01
-3.9376080937305716e+01
-3.9376080937305716e+01
-3.9376080937305716e+01
-3.9376080937305716e+01
-3.4498128347834410e+01
-2.1817973673259146e+01
-7.1024682565916502e+00
8.2913754894673062e+00
2.3830704215182678e+01
3.9376133804399842e+01
3.9376133804399842e+01
3.9376133804399842e+01
3.9376133804399842e+01
3.9376133804399842e+01
3.9376133804399842e+01
3.9376133804399835e+01
3.9376133804399835e+01
3.9376133804399814e+01
3.9376133804399814e+01
3.9376133804399814e+01
3.9376133804399814e+01
3.9376133804399799e+01
3.9376133804399799e+01
3.9376133804399799e+01
3.4498195716406549e+01
2.1818089436703293e+01
7.1024723456122159e+00
-8.2908180510216383e+00
-2.3830537740129628e+01
-3.9376080936225897e+01
-3.9376080936225897e+01
-3.9376080936225897e+01
-3.9376080936225897e+01
-3.9376080936225897e+01
-3.9376080936225897e+01
-3.9376080936225897e+01
-3.9376080936225897e+01
-3.9376080936225897e+01
-3.9376080936225897e+01
-3.9376080936225897e+01
-3.9376080936225897e+01
-3.9376080936225897e+01
-3.9376080936225897e+01
-3.9376080936225897e+01
-3.4498128352464796e+01
-2.1817973674874956e+01
-7.1024682569263025e+00
8.2913754894536282e+00
2.3830704215214517e+01
3.9376133804428967e+01
3.9376133804428967e+01
3.9376133804428967e+01
3.9376133804428967e+01
3.9376133804428960e+01
3.9376133804428960e+01
3.9376133804428967e+01
3.9376133804428967e+01
3.9376133804428967e+01
3.9376133804428946e+01
3.9376133804428946e+01
3.9376133804428946e+01
3.9376133804428932e+01
3.9376133804428932e+01
3.9376133804428932e+01
3.4498195716327814e+01
2.1818089436706906e+01
7.1024723456669774e+00
-8.2908180509617093e+00
-2.3830537740083283e+01
-3.9376080936181253e+01
-3.9376080936181253e+01
-3.9376080936181253e+01
-3.9376080936181253e+01
-3.9376080936181253e+01
-3.9376080936181253e+01
-3.9376080936181253e+01
-3.9376080936181253e+01
-3.9376080936181253e+01
-3.9376080936181253e+01
-3.9376080936181253e+01
