0.0000000000000000e+00
0.0000000000000000e+00
0.0000000000000000e+00
0.0000000000000000e+00
0.0000000000000000e+00
0.0000000000000000e+00
0.0000000000000000e+00
0.0000000000000000e+00
-9.0790862601425755e-13
-1.3654057520648087e-12
-2.2259943286299161e-12
-2.2310621599753333e-12
-2.2492599753354686e-12
-2.2378819445123066e-12
-2.2262467188464761e-12
-2.2260771331677814e-12
-2.2502057478481271e-12
-2.2402694205067943e-12
-2.2179427465578395e-12
-2.2704295272744031e-12
-2.2968461085249254e-12
-2.3334316268783763e-12
-2.2468686174318743e-12
-2.1359398115310272e-12
-2.0294919630559530e-12
-4.0347721575090049e-12
-3.6353557961036081e-12
-7.2171674384269930e-12
-2.3880607073608079e-12
-3.9099949150196866e-12
-3.5294201115215000e-12
-3.5324733823302643e-12
-3.4842244586603653e-12
-3.4354620307499137e-12
-3.3857650523771446e-12
-3.5624041329727846e-12
-3.5797527870948305e-12
-3.6253474055061296e-12
-3.5797774271101018e-12
-3.5039980773872959e-12
-3.4840421426373132e-12
-3.5448178197998356e-12
-3.6562148813461380e-12
-3.7521564750598002e-12
-3.8593724353732420e-12
-1.8314687713194196e-12
-3.1010230963179338e-12
-4.1097281181963908e-12
-4.2940194215982601e-12
-2.2586958405844843e-12
-3.4654667514846122e-12
-3.4938326285794837e-12
-3.4938654349496125e-12
-3.5155346792088597e-12
-3.4768222770570377e-12
-3.4756997855763629e-12
-3.4295633539377304e-12
-3.4325704910260703e-12
-3.4389100271295886e-12
-3.3964066392106169e-12
-3.3784413236298430e-12
-3.4651332649359892e-12
-3.5211924535610158e-12
-3.5996637528030184e-12
-3.7032634060217255e-12
-2.7295822517728874e-12
-5.8722175262281180e-13
5.4435945069390728e-12
3.2869876284398017e-12
1.0377109316729551e-11
1.0598267824709269e-11
1.0603246288886627e-11
1.0630483939664997e-11
1.0651366866911678e-11
1.0676212106425907e-11
1.0542516670876624e-11
1.0575890467424537e-11
1.0621551854584041e-11
1.0547272550538835e-11
1.0422974566768989e-11
1.0367594684568761e-11
1.0528039166518573e-11
1.0674074037800949e-11
1.0823590852546590e-11
1.0987194921534415e-11
1.2387816645907320e-11
1.5334333683478115e-11
2.1572747473310409e-11
1.7564670627183456e-11
2.0142207704975271e-11
2.0808158131544326e-11
2.0807858215241651e-11
2.0789569144762255e-11
2.0774147462107363e-11
2.0740318640974030e-11
2.0855508274272968e-11
2.0771567638859472e-11
2.0731250444272972e-11
2.0851169545521107e-11
2.0960047970652239e-11
2.1089650265755072e-11
2.0791184042719140e-11
2.0523479639261129e-11
2.0244562352450343e-11
1.9972742450579803e-11
1.9856686959252427e-11
2.1389910052060373e-11
2.1899646745032879e-11
2.4657992519573300e-11
3.2002660289982824e-11
3.4657662357700279e-11
3.4656667041896176e-11
3.4643643311636456e-11
3.4637551257757264e-11
3.4615004429751720e-11
3.4653460509927785e-11
3.4663713627389195e-11
3.4657115784212885e-11
3.4646023731034576e-11
3.4647317812864320e-11
3.4615931621095157e-11
3.4641711083264978e-11
3.4668407509315091e-11
3.4682662614829929e-11
3.4717438295333107e-11
3.9276466547221898e-11
4.2639778659169001e-11
4.7947383393394312e-11
5.0366411691547516e-11
5.3152644266381722e-11
6.1132718254883161e-11
6.1191857149370908e-11
6.1217629764996746e-11
6.1226175518387020e-11
6.1296942263183141e-11
6.1165763913551255e-11
6.1147112028717672e-11
6.1147340025536726e-11
6.1122685712455816e-11
6.1186317402299392e-11
6.1144881360806672e-11
6.1206992088303453e-11
6.1210937977374284e-11
6.1208561742781388e-11
6.1231382807218729e-11
6.0570660617305760e-11
5.6189800436430065e-11
5.5407284357526940e-11
5.4089584829455388e-11
5.0926528449864869e-11
5.0587151184824564e-11
5.0551708720346230e-11
5.0530563707231043e-11
5.0509060836371044e-11
5.0498706987407639e-11
5.0570811412492718e-11
5.0562311533033876e-11
5.0592067151927921e-11
5.0597027767402300e-11
5.0627242821715806e-11
5.0620237982741249e-11
5.0605692701876684e-11
5.0604319873499693e-11
5.0590544011464136e-11
5.0563763495000445e-11
4.9941516070218128e-11
5.5131554221811415e-11
5.7347549445860969e-11
5.3501107879151914e-11
5.2753115902422383e-11
5.1673600999413786e-11
5.1659482872839009e-11
5.1697204431525425e-11
5.1741048397560048e-11
5.1759083658973259e-11
5.1687512255878057e-11
5.1714284931018326e-11
5.1732932298955434e-11
5.1706571616241769e-11
5.1694971601156598e-11
5.1654641146383162e-11
5.1729627175985677e-11
5.1796412929464786e-11
5.1914276936793015e-11
5.1982146813443930e-11
5.2959528785207241e-11
5.5120731487263782e-11
5.9070098595669510e-11
6.0936696183980676e-11
6.0649628208797419e-11
6.2961271117412716e-11
6.2993632522511598e-11
6.3019364178165269e-11
6.3018117138351345e-11
6.3082706184195133e-11
6.2990195493758166e-11
6.2935666132898376e-11
6.2908105614878586e-11
6.2995962903477191e-11
6.3105238950323397e-11
6.3188181431347671e-11
