0.0000000000000000e+00
0.0000000000000000e+00
0.0000000000000000e+00
0.0000000000000000e+00
0.0000000000000000e+00
0.0000000000000000e+00
0.0000000000000000e+00
0.0000000000000000e+00
-1.2097232211074196e-12
9.2648571922041129e-13
-1.6797342757836756e-13
-1.7123762362958273e-13
-1.5062406269974417e-13
-1.3976877673038805e-13
-1.6070243935926009e-13
-1.9137288125475169e-13
-1.6987102970459054e-13
-1.6562696128639436e-13
-1.7118593249559423e-13
-1.7934143397050549e-13
-1.4528514217041603e-13
-1.5896716318258761e-13
-1.5108246157100257e-13
-1.5317952393374297e-13
-1.5285712430926190e-13
-6.4387148812241071e-13
-5.3779794087316040e-12
-1.0912851068879584e-11
-6.9310789320926115e-12
-8.9681898765636689e-12
-1.2634561202925428e-11
-1.2623312182674796e-11
-1.2614954391835383e-11
-1.2607981180475335e-11
-1.2574975362235675e-11
-1.2629466431041044e-11
-1.2638154341192488e-11
-1.2642625275925163e-11
-1.2642897430455147e-11
-1.2645785791914633e-11
-1.2658144062556205e-11
-1.2627592475932549e-11
-1.2602491178223568e-11
-1.2578505922938165e-11
-1.2522020619863460e-11
-1.3243472356178839e-11
-1.4629810141550677e-11
-1.7154772467568583e-11
-2.0650924730241925e-11
-2.3338319661350574e-11
-2.4077584378784201e-11
-2.4093525549957015e-11
-2.4060021912548500e-11
-2.4062190147956872e-11
-2.4052620499497350e-11
-2.4109913139028591e-11
-2.4103364431943828e-11
-2.4087916819645530e-11
-2.4114007235026289e-11
-2.4108257914909873e-11
-2.4120056595854675e-11
-2.4116783787187613e-11
-2.4085635807295861e-11
-2.4076526089270560e-11
-2.4058484902556427e-11
-2.4995662480971949e-11
-2.4667728165437716e-11
-2.1092065218873678e-11
-1.9408436578151882e-11
-2.0932291072773505e-11
-2.5607386705170551e-11
-2.5597819812916634e-11
-2.5576324129565795e-11
-2.5573134701594105e-11
-2.5568381864778541e-11
-2.5596695004433028e-11
-2.5590637544086053e-11
-2.5589938099522163e-11
-2.5610703361947028e-11
-2.5630991942280672e-11
-2.5650532889428313e-11
-2.5618825760171566e-11
-2.5556884154893258e-11
-2.5549854755881959e-11
-2.5511233438581422e-11
-2.7585465494527077e-11
-3.2124431374083895e-11
-3.4854774207004919e-11
-3.9586871692877771e-11
-3.6794467338480126e-11
-4.1972775504650811e-11
-4.1987555633867482e-11
-4.1999862292428698e-11
-4.1989035977151075e-11
-4.2030929005207091e-11
-4.1966287572378443e-11
-4.1998800705451042e-11
-4.1991411948798331e-11
-4.1980636926363864e-11
-4.1949141091753177e-11
-4.1901651070651837e-11
-4.1987787629658656e-11
-4.2046498188647315e-11
-4.2101583242585188e-11
-4.2170738237249779e-11
-4.1253492872357508e-11
-3.7251697797485027e-11
-3.4509561460130574e-11
-3.3967523667539806e-11
-2.9077650044133332e-11
-2.8080889869787485e-11
-2.8087316198981080e-11
-2.8076444303208040e-11
-2.8087597079743322e-11
-2.8090452202432495e-11
-2.8058750946470474e-11
-2.8085141354100856e-11
-2.8081229251102533e-11
-2.8054135707690569e-11
-2.8050039725776324e-11
-2.8038593025726331e-11
-2.8075015340284953e-11
-2.8086264998926878e-11
-2.8127051901949986e-11
-2.8153413002890428e-11
-2.8431054913235982e-11
-3.0247829496270963e-11
-2.5821033458080945e-11
-2.1879254310926331e-11
-2.2883599998342524e-11
-2.1065202449954091e-11
-2.1054704213349273e-11
-2.1031393680689498e-11
-2.1008859279678661e-11
-2.1000355036250958e-11
-2.1062289503300418e-11
-2.1035205600939998e-11
-2.1048051512839934e-11
-2.1074761574048698e-11
-2.1076908574528749e-11
-2.1111219851217726e-11
-2.1061084860338401e-11
-2.1024950869839286e-11
-2.1011507106540596e-11
-2.0970532788418855e-11
-2.2010582825213267e-11
-2.5031737913237777e-11
-2.9753625031679369e-11
-3.3800899816593455e-11
-3.2203675774460694e-11
-3.0936916252318387e-11
-3.0962801269645994e-11
-3.0950060622226301e-11
-3.0966017721251953e-11
-3.0955702009639707e-11
-3.0941737779117981e-11
-3.0966970637688746e-11
-3.0939656065349899e-11
-3.0953263098198976e-11
-3.0970933182236962e-11
-3.0967038082822047e-11
-3.0959819767736604e-11
-3.0920816373958630e-11
-3.0899775422069047e-11
-3.0873252503427984e-11
-3.2656165956503254e-11
-2.9333410003671856e-11
-2.6430600414412346e-11
-2.9041811573992281e-11
-2.9509617670556744e-11
-2.5207461588590641e-11
-2.5206749128159955e-11
-2.5204927315918647e-11
-2.5171816761371409e-11
-2.5169713286547469e-11
-2.5208494304681590e-11
-2.5187068983440901e-11
-2.5181569421256799e-11
-2.5204294948394113e-11
-2.5233109199414364e-11
-2.5261336002768400e-11
-2.5215805216576896e-11
-2.5131216935134011e-11
-2.5048824788253777e-11
-2.4977374540434143e-11
-2.4331406547808909e-11
-2.7147166068201678e-11
-2.5487637669475634e-11
-2.3419263563390902e-11
-2.7533256317156104e-11
-2.8347153520525627e-11
-2.8335410411115216e-11
-2.8321544889768024e-11
-2.8327085668290440e-11
-2.8297991840584996e-11
-2.8324609540758349e-11
-2.8344555363895811e-11
-2.8367767440386640e-11
-2.8333947082889909e-11
-2.8298962789653868e-11
-2.8283714963472806e-11
