0.0000000000000000e+00
0.0000000000000000e+00
0.0000000000000000e+00
0.0000000000000000e+00
0.0000000000000000e+00
0.0000000000000000e+00
0.0000000000000000e+00
0.0000000000000000e+00
-7.2337138644877763e+00
-2.0778066850051491e+01
-3.5188577402454435e+01
-3.5188577402454435e+01
-3.5188577402454435e+01
-3.5188577402454435e+01
-3.5188577402454435e+01
-3.5188577402454435e+01
-3.5188577402454435e+01
-3.5188577402454435e+01
-3.5188577402454435e+01
-3.5188577402454435e+01
-3.5188577402454435e+01
-3.5188577402454435e+01
-3.5188577402454435e+01
-3.5188577402454435e+01
-3.5188577402454435e+01
-3.2133594674041632e+01
-2.1820115886007493e+01
-8.8357860410368900e+00
5.3552184341502533e+00
2.0018372934435760e+01
3.4864260773306917e+01
3.4864260773306917e+01
3.4864260773306917e+01
3.4864260773306931e+01
3.4864260773306931e+01
3.4864260773306931e+01
3.4864260773306931e+01
3.4864260773306931e+01
3.4864260773306931e+01
3.4864260773306931e+01
3.4864260773306903e+01
3.4864260773306924e+01
3.4864260773306903e+01
3.4864260773306903e+01
3.4864260773306889e+01
3.1585150768013438e+01
2.1558946526448661e+01
8.7314971450547070e+00
-5.3972109670706239e+00
-2.0036380622331876e+01
-3.4872419488947443e+01
-3.4872419488947443e+01
-3.4872419488947443e+01
-3.4872419488947443e+01
-3.4872419488947443e+01
-3.4872419488947443e+01
-3.4872419488947443e+01
-3.4872419488947443e+01
-3.4872419488947443e+01
-3.4872419488947443e+01
-3.4872419488947443e+01
-3.4872419488947443e+01
-3.4872419488947443e+01
-3.4872419488947443e+01
-3.4872419488947443e+01
-3.1599768198396653e+01
-2.1566070696304344e+01
-8.7343165248152577e+00
5.3955284225598810e+00
2.0035712322164002e+01
3.4872133903509045e+01
3.4872133903509045e+01
3.4872133903509045e+01
3.4872133903509052e+01
3.4872133903509052e+01
3.4872133903509052e+01
3.4872133903509052e+01
3.4872133903509052e+01
3.4872133903509052e+01
3.4872133903509052e+01
3.4872133903509052e+01
3.4872133903509038e+01
3.4872133903509024e+01
3.4872133903509024e+01
3.4872133903509031e+01
3.1599301753255066e+01
2.1565760735032654e+01
8.7342261330204174e+00
-5.3961281771320664e+00
-2.0035916074578818e+01
-3.4872209029920100e+01
-3.4872209029920100e+01
-3.4872209029920100e+01
-3.4872209029920100e+01
-3.4872209029920100e+01
-3.4872209029920100e+01
-3.4872209029920100e+01
-3.4872209029920100e+01
-3.4872209029920100e+01
-3.4872209029920100e+01
-3.4872209029920100e+01
-3.4872209029920100e+01
-3.4872209029920100e+01
-3.4872209029920100e+01
-3.4872209029920100e+01
-3.1599390750381687e+01
-2.1565888982191399e+01
-8.7342437621205864e+00
5.3955572565023644e+00
2.0035724697021944e+01
3.4872139512105264e+01
3.4872139512105264e+01
3.4872139512105264e+01
3.4872139512105257e+01
3.4872139512105257e+01
3.4872139512105264e+01
3.4872139512105264e+01
3.4872139512105264e+01
3.4872139512105264e+01
3.4872139512105264e+01
3.4872139512105250e+01
3.4872139512105250e+01
3.4872139512105242e+01
3.4872139512105242e+01
3.4872139512105250e+01
3.1599311816430635e+01
2.1565765579342742e+01
8.7342280729773485e+00
-5.3961274073389855e+00
-2.0035915744269168e+01
-3.4872208880252856e+01
-3.4872208880252856e+01
-3.4872208880252856e+01
-3.4872208880252856e+01
-3.4872208880252856e+01
-3.4872208880252856e+01
-3.4872208880252856e+01
-3.4872208880252856e+01
-3.4872208880252856e+01
-3.4872208880252856e+01
-3.4872208880252856e+01
-3.4872208880252856e+01
-3.4872208880252856e+01
-3.4872208880252856e+01
-3.4872208880252856e+01
-3.1599390481959478e+01
-2.1565888852923621e+01
-8.7342437103035824e+00
5.3955572770799707e+00
2.0035724705892044e+01
3.4872139516164019e+01
3.4872139516164019e+01
3.4872139516164005e+01
3.4872139516164012e+01
3.4872139516164012e+01
3.4872139516163990e+01
3.4872139516163990e+01
3.4872139516163990e+01
3.4872139516163990e+01
3.4872139516163990e+01
3.4872139516164005e+01
3.4872139516163969e+01
3.4872139516163969e+01
3.4872139516163969e+01
3.4872139516163962e+01
3.1599311823619974e+01
2.1565765582805810e+01
8.7342280743744869e+00
-5.3961274067730969e+00
-2.0035915744026216e+01
-3.4872208880148193e+01
-3.4872208880148193e+01
-3.4872208880148193e+01
-3.4872208880148193e+01
-3.4872208880148193e+01
-3.4872208880148193e+01
-3.4872208880148193e+01
-3.4872208880148193e+01
-3.4872208880148193e+01
-3.4872208880148193e+01
-3.4872208880148193e+01
-3.4872208880148193e+01
-3.4872208880148193e+01
-3.4872208880148193e+01
-3.4872208880148193e+01
-3.1599390481799901e+01
-2.1565888852862244e+01
-8.7342437103073980e+00
5.3955572770574260e+00
2.0035724705876390e+01
3.4872139516147854e+01
3.4872139516147854e+01
3.4872139516147854e+01
3.4872139516147875e+01
3.4872139516147875e+01
3.4872139516147875e+01
3.4872139516147875e+01
3.4872139516147875e+01
3.4872139516147875e+01
3.4872139516147875e+01
3.4872139516147854e+01
