0.0000000000000000e+00
0.0000000000000000e+00
0.0000000000000000e+00
0.0000000000000000e+00
0.0000000000000000e+00
0.0000000000000000e+00
0.0000000000000000e+00
0.0000000000000000e+00
-2.7447332361294447e-13
-4.3721347543043092e-12
-6.8032625060663912e-12
-6.8133521361106890e-12
-6.8175479780325865e-12
-6.8153367525145960e-12
-6.8067396225383092e-12
-6.8014639898509376e-12
-6.8103791135528828e-12
-6.8064143255129343e-12
-6.8061367659307478e-12
-6.8076205654335245e-12
-6.8255657164428165e-12
-6.8250635394279444e-12
-6.8140565503009946e-12
-6.7945290361915739e-12
-6.7794992334585517e-12
-1.0297856620992367e-11
-1.6021419169965200e-11
-1.8043031248129628e-11
-1.7404788701834245e-11
-1.3129597247412632e-11
-1.6892317600685674e-11
-1.6891760186016235e-11
-1.6889499739213148e-11
-1.6875970185401268e-11
-1.6880231362991563e-11
-1.6898946309980526e-11
-1.6902617843536768e-11
-1.6881836400659432e-11
-1.6896369933654938e-11
-1.6899870321544811e-11
-1.6913119519333745e-11
-1.6904309375372249e-11
-1.6884828204647931e-11
-1.6893953742099610e-11
-1.6873635949234259e-11
-1.4830878668930181e-11
-1.3005326123261568e-11
-9.9360227417912647e-12
-6.0420635485413395e-12
-4.6291965151599864e-12
-8.5358726359258458e-12
-8.5370779521336512e-12
-8.5314564041718766e-12
-8.5403910853017275e-12
-8.5276689198686315e-12
-8.5346201111601543e-12
-8.5412203166897005e-12
-8.5408655607358067e-12
-8.5238461886231167e-12
-8.4994040374675350e-12
-8.4922749249730618e-12
-8.5317106842295405e-12
-8.5481303922886028e-12
-8.5856387951169920e-12
-8.6169492205381643e-12
-8.2597721571570769e-12
-8.2192719425169379e-12
-6.6284096320003368e-12
-8.6189772142754306e-12
-1.1168695796466285e-11
-9.4941491774149080e-12
-9.4971553409126750e-12
-9.5044854867891556e-12
-9.5080242092197031e-12
-9.5039858255232763e-12
-9.5023413808631495e-12
-9.4976730643514936e-12
-9.4893846171314383e-12
-9.4862093564945878e-12
-9.5132250785070384e-12
-9.5254557561605105e-12
-9.4861879839506129e-12
-9.4602231084435431e-12
-9.4313264100708512e-12
-9.3919512216198772e-12
-9.4329368552245218e-12
-5.4319355597074486e-12
-2.5635776216667813e-12
-4.2902349107851641e-12
-7.9578678834643537e-12
-9.5293610483171749e-12
-9.5232600409797743e-12
-9.5004631193931964e-12
-9.5128158910236556e-12
-9.4994335958210437e-12
-9.5271180290452181e-12
-9.5356960151213289e-12
-9.5517720075682346e-12
-9.5361426711168318e-12
-9.5120522316671122e-12
-9.4940217778209187e-12
-9.5221480465087815e-12
-9.5670674859261545e-12
-9.6041471045650910e-12
-9.6402888554989744e-12
-1.0824338052754509e-11
-8.2145368071364022e-12
-6.6468596589124923e-12
-7.0045718940718536e-12
-2.0724888296079044e-12
-4.3642113490710209e-12
-4.3651627834133796e-12
-4.3523745884547686e-12
-4.3491777104236569e-12
-4.3552102643265446e-12
-4.3668082060324192e-12
-4.3668996403916014e-12
-4.3692103111856895e-12
-4.3645801858428370e-12
-4.3607248333177978e-12
-4.3611986962554694e-12
-4.3548647876131087e-12
-4.3585913818174097e-12
-4.3506930025324385e-12
-4.3479277592153211e-12
-2.7862348799505878e-12
-1.6831093764827347e-12
-1.6721306236485228e-12
-9.6406145509606352e-13
7.7439417873809935e-13
-4.9764946748924942e-14
-4.5345048990674836e-14
-3.9630657752443204e-14
-5.6103516469277203e-14
-5.5410722749805068e-14
-5.6119979376720818e-14
-5.5480850612910307e-14
-3.6239859500712747e-14
-5.5394273719676957e-14
-3.3088938372848016e-14
-3.4312053303224258e-14
-4.8512452521448418e-14
-6.3332386991498856e-14
-6.5557368411017377e-14
-9.3953442023331746e-14
-2.0484837164580030e-12
-4.1282363544151404e-12
-3.8329768970077774e-12
-4.7278939239508177e-12
-6.7262755019667480e-12
-9.2073186769840368e-12
-9.2190594494249622e-12
-9.2245456327668570e-12
-9.2268375347323915e-12
-9.2390703417172434e-12
-9.2165177482535595e-12
-9.2074787480693410e-12
-9.2052392700168754e-12
-9.2118307331463388e-12
-9.1979804399102353e-12
-9.2032479974548675e-12
-9.2010172156992728e-12
-9.1947289673807083e-12
-9.2097021792286360e-12
-9.2212888707482157e-12
-1.1415930897474124e-11
-1.1340246124167396e-11
-1.4110596220692831e-11
-1.2914019370670558e-11
-1.3342000378553304e-11
-1.7050635991052385e-11
-1.7046205718432821e-11
-1.7040966527957266e-11
-1.7025471592813737e-11
-1.7027980837005649e-11
-1.7045486093333209e-11
-1.7047177898212635e-11
-1.7040449580777025e-11
-1.7041949226971986e-11
-1.7060527989837215e-11
-1.7074705965364550e-11
-1.7040395456463499e-11
-1.7015282967210064e-11
-1.6991176723349704e-11
-1.6969832063203831e-11
-1.7525691938411021e-11
-1.7483552002574108e-11
-1.8566195048726416e-11
-1.5837709845935375e-11
-1.4566913335857866e-11
-1.4260349147044426e-11
-1.4252841714703116e-11
-1.4241230434177260e-11
-1.4235101840398288e-11
-1.4235201807307856e-11
-1.4255658100747995e-11
-1.4266476062016000e-11
-1.4269856196745216e-11
-1.4253631254456100e-11
-1.4257549915198677e-11
-1.4243264999652873e-11
