0.0000000000000000e+00
0.0000000000000000e+00
0.0000000000000000e+00
0.0000000000000000e+00
0.0000000000000000e+00
0.0000000000000000e+00
0.0000000000000000e+00
0.0000000000000000e+00
-1.4693978437809201e+00
-3.0522022755271854e+00
-4.1304624147747120e+00
-4.1304624147747120e+00
-4.1304624147747120e+00
-4.1304624147747120e+00
-4.1304624147747120e+00
-4.1304624147747120e+00
-4.1304624147747120e+00
-4.1304624147747120e+00
-4.1304624147747120e+00
-4.1304624147747120e+00
-4.1304624147747120e+00
-4.1304624147747120e+00
-4.1304624147747120e+00
-4.1304624147747120e+00
-4.1304624147747120e+00
-2.7046629285097126e+00
-1.1432566733562105e-01
1.7106368533874945e+00
2.9362241046451434e+00
3.8153787744114207e+00
4.5141539927848866e+00
4.5141539927848866e+00
4.5141539927848866e+00
4.5141539927848866e+00
4.5141539927848866e+00
4.5141539927848866e+00
4.5141539927848866e+00
4.5141539927848866e+00
4.5141539927848866e+00
4.5141539927848866e+00
4.5141539927848866e+00
4.5141539927848866e+00
4.5141539927848866e+00
4.5141539927848866e+00
4.5141539927848866e+00
2.9038840849873884e+00
2.5584649582908331e-01
-1.6296655601152150e+00
-2.8941578175641034e+00
-3.7942406539985458e+00
-4.5036528029686371e+00
-4.5036528029686371e+00
-4.5036528029686371e+00
-4.5036528029686371e+00
-4.5036528029686371e+00
-4.5036528029686371e+00
-4.5036528029686371e+00
-4.5036528029686371e+00
-4.5036528029686371e+00
-4.5036528029686371e+00
-4.5036528029686371e+00
-4.5036528029686371e+00
-4.5036528029686371e+00
-4.5036528029686371e+00
-4.5036528029686371e+00
-2.8986700119779494e+00
-2.5210352563806243e-01
1.6318272226613639e+00
2.8952898512249421e+00
3.7948276426799055e+00
4.5039486762441676e+00
4.5039486762441676e+00
4.5039486762441676e+00
4.5039486762441676e+00
4.5039486762441676e+00
4.5039486762441676e+00
4.5039486762441676e+00
4.5039486762441676e+00
4.5039486762441676e+00
4.5039486762441676e+00
4.5039486762441676e+00
4.5039486762441676e+00
4.5039486762441676e+00
4.5039486762441676e+00
4.5039486762441676e+00
2.8988201339323485e+00
2.5221067973313588e-01
-1.6317583282360484e+00
-2.8952473074475016e+00
-3.7947880816706756e+00
-4.5039247307926331e+00
-4.5039247307926331e+00
-4.5039247307926331e+00
-4.5039247307926331e+00
-4.5039247307926331e+00
-4.5039247307926331e+00
-4.5039247307926331e+00
-4.5039247307926331e+00
-4.5039247307926331e+00
-4.5039247307926331e+00
-4.5039247307926331e+00
-4.5039247307926331e+00
-4.5039247307926331e+00
-4.5039247307926331e+00
-4.5039247307926331e+00
-2.8988051383757329e+00
-2.5220051483099298e-01
1.6317714043667939e+00
2.8952607945875450e+00
3.7948130445995449e+00
4.5039414252002956e+00
4.5039414252002956e+00
4.5039414252002956e+00
4.5039414252002956e+00
4.5039414252002956e+00
4.5039414252002956e+00
4.5039414252002956e+00
4.5039414252002956e+00
4.5039414252002956e+00
4.5039414252002956e+00
4.5039414252002956e+00
4.5039414252002956e+00
4.5039414252002956e+00
4.5039414252002956e+00
4.5039414252002956e+00
2.8988165314036145e+00
2.5220809391623444e-01
-1.6317598163858742e+00
-2.8952480821285005e+00
-3.7947884709136908e+00
-4.5039249241471726e+00
-4.5039249241471726e+00
-4.5039249241471726e+00
-4.5039249241471726e+00
-4.5039249241471726e+00
-4.5039249241471726e+00
-4.5039249241471726e+00
-4.5039249241471726e+00
-4.5039249241471726e+00
-4.5039249241471726e+00
-4.5039249241471726e+00
-4.5039249241471726e+00
-4.5039249241471726e+00
-4.5039249241471726e+00
-4.5039249241471726e+00
-2.8988052344472957e+00
-2.5220058377990201e-01
1.6317713646911363e+00
2.8952607739414415e+00
3.7948130342373485e+00
4.5039414200616639e+00
4.5039414200616639e+00
4.5039414200616639e+00
4.5039414200616639e+00
4.5039414200616639e+00
4.5039414200616639e+00
4.5039414200616639e+00
4.5039414200616639e+00
4.5039414200616639e+00
4.5039414200616639e+00
4.5039414200616639e+00
4.5039414200616639e+00
4.5039414200616639e+00
4.5039414200616639e+00
4.5039414200616639e+00
2.8988165288445447e+00
2.5220809206886985e-01
-1.6317598174484662e+00
-2.8952480826808178e+00
-3.7947884711886104e+00
-4.5039249242810815e+00
-4.5039249242810815e+00
-4.5039249242810815e+00
-4.5039249242810815e+00
-4.5039249242810815e+00
-4.5039249242810815e+00
-4.5039249242810815e+00
-4.5039249242810815e+00
-4.5039249242810815e+00
-4.5039249242810815e+00
-4.5039249242810815e+00
-4.5039249242810815e+00
-4.5039249242810815e+00
-4.5039249242810815e+00
-4.5039249242810815e+00
-2.8988052345282607e+00
-2.5220058384500482e-01
1.6317713646400844e+00
2.8952607739039395e+00
3.7948130342065536e+00
4.5039414200330441e+00
4.5039414200330441e+00
4.5039414200330441e+00
4.5039414200330441e+00
4.5039414200330441e+00
4.5039414200330441e+00
4.5039414200330441e+00
4.5039414200330441e+00
4.5039414200330441e+00
4.5039414200330441e+00
4.5039414200330441e+00
