0.0000000000000000e+00
1.3537322505375611e-04
2.7078048780313792e-04
4.0616941790845486e-04
5.4154002033185628e-04
6.7689230003521370e-04
8.1234146340885844e-04
9.4777228279077413e-04
1.4962295255478871e-03
2.3642426681748925e-03
3.2579007213686209e-03
3.1225072498833779e-03
2.9870954445230472e-03
2.8516653003229173e-03
2.7163365180506898e-03
2.5809894194204694e-03
2.4455560302520649e-03
2.3101657863475043e-03
2.1747572094425551e-03
2.0393852985413118e-03
1.9039950596041436e-03
1.7685864876683572e-03
1.6332145668329066e-03
1.4978243179607923e-03
1.3624157360848615e-03
1.0244196993019847e-03
2.8267388215906064e-04
-5.6581469637156283e-04
-1.4536575724957328e-03
-2.3529699113263645e-03
-3.2551108593051412e-03
-3.1197206234083504e-03
-2.9843487155468357e-03
-2.8489951307575949e-03
-2.7136598640822912e-03
-2.5781596479443726e-03
-2.4427694040280194e-03
-2.3073974881481305e-03
-2.1719889162206468e-03
-2.0365986772913768e-03
-1.9012267663979360e-03
-1.7658181845130912e-03
-1.6304279356299186e-03
-1.4950560147846061e-03
-1.3597024170150566e-03
-1.0039850225451426e-03
-2.7456864304817752e-04
5.6819514540223991e-04
1.4542852029583977e-03
2.3531307297507691e-03
3.2551513831090193e-03
3.1197610177944508e-03
2.9843523194466063e-03
2.8489252831004207e-03
2.7134799037880123e-03
2.5782000420433329e-03
2.4428097981545813e-03
2.3074012212668553e-03
2.1720293103525503e-03
2.0366390714022351e-03
1.9012304994539225e-03
1.7658585786443635e-03
1.6304683297962018e-03
1.4950597479477142e-03
1.3596328281318222e-03
1.0045326464436805e-03
2.7479349855928545e-04
-5.6812983511910441e-04
-1.4542414714270031e-03
-2.3531177717302336e-03
-3.2551473452928784e-03
-3.1197570938426514e-03
-2.9843851704298447e-03
-2.8490315700949306e-03
-2.7136962878775389e-03
-2.5781961183782912e-03
-2.4428058744602071e-03
-2.3074339585795614e-03
-2.1720253866523167e-03
-2.0366351477244683e-03
-1.9012632368307814e-03
-1.7658546549451804e-03
-1.6304644060611173e-03
-1.4950924852141752e-03
-1.3597388874440706e-03
-1.0045148746539369e-03
-2.7478211947723431e-04
5.6813194289281454e-04
1.4542691706121418e-03
2.3531266575934234e-03
3.2551503771039393e-03
3.1197600123165086e-03
2.9843513144961207e-03
2.8489242786769488e-03
2.7134788998924098e-03
2.5781990365647666e-03
2.4428087926774678e-03
2.3074002157899729e-03
2.1720283048756602e-03
2.0366380659261061e-03
1.9012294939773468e-03
1.7658575731687299e-03
1.6304673243214404e-03
1.4950587424733242e-03
1.3596318226589538e-03
1.0045185155464586e-03
2.7478780703016841e-04
-5.6813151961302485e-04
-1.4542418969425554e-03
-2.3531178796750603e-03
-3.2551473719471158e-03
-3.1197571204851322e-03
-2.9843851970626097e-03
-2.8490315967168345e-03
-2.7136963144885817e-03
-2.5781961450211180e-03
-2.4428059011039698e-03
-2.3074339852239491e-03
-2.1720254132955950e-03
-2.0366351743665075e-03
-1.9012632634725711e-03
-1.7658546815889119e-03
-1.6304644327062648e-03
-1.4950925118610431e-03
-1.3597389140933751e-03
-1.0045152513988046e-03
-2.7478227120365122e-04
5.6813189798008161e-04
1.4542691592180708e-03
2.3531266546978897e-03
3.2551503763880753e-03
3.1197600116000318e-03
2.9843513137786325e-03
2.8489242779593978e-03
2.7134788991734875e-03
2.5781990358491095e-03
2.4428087919600777e-03
2.3074002150721587e-03
2.1720283041590086e-03
2.0366380652099216e-03
1.9012294932631586e-03
1.7658575724515159e-03
1.6304673236021299e-03
1.4950587417513180e-03
1.3596318219332888e-03
1.0045185054970325e-03
2.7478780297899219e-04
-5.6813152081545742e-04
-1.4542418972493206e-03
-2.3531178797570316e-03
-3.2551473719713395e-03
-3.1197571205084677e-03
-2.9843851970847704e-03
-2.8490315967374829e-03
-2.7136963145087361e-03
-2.5781961450448906e-03
-2.4428059011271357e-03
-2.3074339852460655e-03
-2.1720254133189647e-03
-2.0366351743908336e-03
-1.9012632634983610e-03
-1.7658546816118293e-03
-1.6304644327266140e-03
-1.4950925118792911e-03
-1.3597389141082820e-03
-1.0045152516695657e-03
-2.7478227131173669e-04
5.6813189794709400e-04
1.4542691592092242e-03
2.3531266546959815e-03
3.2551503763877175e-03
3.1197600116003666e-03
2.9843513137800407e-03
2.8489242779607665e-03
2.7134788991761312e-03
2.5781990358494516e-03
2.4428087919614247e-03
2.3074002150727515e-03
2.1720283041594215e-03
2.0366380652113544e-03
1.9012294932650251e-03
1.7658575724532185e-03
1.6304673236035095e-03
1.4950587417522896e-03
1.3596318219344281e-03
1.0045185054929169e-03
2.7478780298019966e-04
-5.6813152081072087e-04
-1.4542418972446315e-03
-2.3531178797527386e-03
-3.2551473719670634e-03
-3.1197571205035450e-03
-2.9843851970801963e-03
-2.8490315967336539e-03
-2.7136963145048686e-03
-2.5781961450397533e-03
-2.4428059011230179e-03
-2.3074339852426464e-03
-2.1720254133138534e-03
-2.0366351743839606e-03
-1.9012632634903726e-03
