0.0000000000000000e+00
2.2465793513785306e-17
-1.5286859570481802e-16
-3.2231118017106310e-16
1.4744575904238913e-16
-4.9551466265095470e-17
2.5383829679920689e-16
-2.6003352805282205e-16
-1.3337265305142060e-16
-9.7131518966359781e-17
-1.6670798408964327e-16
-2.6787995770384504e-16
-8.6167391083583623e-16
-8.8262571058446832e-16
-2.0041950995449786e-16
5.2160128402504582e-16
2.4865360206890359e-16
-2.2931110532220439e-16
-4.4616607367357311e-16
-1.1779420641124528e-16
-1.4536884128725582e-16
2.2648499876003716e-17
-2.5911054461627339e-16
-1.4279772376800687e-16
-5.3905878067910723e-16
-5.3725944572081926e-16
-1.7853330024032417e-16
-5.9674222214405216e-16
1.0102317978644923e-16
-2.9799632215422741e-16
-1.8600942614740222e-16
2.6319275955264269e-17
-5.9023998366562512e-16
-4.3985100533277146e-16
-2.6662579728060015e-16
-8.7675210152393926e-17
-3.6677495930419809e-16
-7.4553948460877575e-16
3.6018710897135370e-17
1.2133082960471666e-16
6.5701009604462646e-16
-3.2706502444967201e-16
-5.4836560245789847e-16
-1.4788339526199138e-15
-2.2472304306883127e-15
1.8779436395887094e-16
-2.5646264416215305e-16
-2.8594476196744552e-16
-2.5263831845767665e-16
-3.1337052098498366e-17
-2.5654221969730857e-16
-2.3726967055364287e-16
-5.6341516905009144e-16
-1.0880211639595006e-15
-1.4026378267741214e-15
-3.2918935197206963e-18
2.1574550751069392e-16
-7.7359642710450591e-18
2.7664516187689100e-16
1.2772838097970628e-16
4.3487023703617677e-17
-9.5011478049579198e-17
1.5137622041829029e-16
2.1868261490039108e-16
3.5436898870920377e-16
-3.8272638163942239e-17
9.7690929958472608e-17
6.2307694276281139e-16
7.6399440913208541e-17
9.2706797155499933e-16
6.1036136152976013e-16
9.4451765416426048e-16
1.6893196938389355e-15
1.5075003418228557e-15
1.8104147044377983e-15
9.8948723249072530e-16
6.4557538608017183e-16
4.3381019897703541e-16
9.4019783553682889e-16
8.8327039028759974e-16
1.5168804978814640e-15
8.4884286664654133e-16
6.9287439427100265e-16
1.7104641083198221e-17
-3.5354349150003083e-16
1.0215573843215394e-15
1.0553577677447635e-15
1.5396703765354148e-15
7.8183165688894679e-16
1.2469895797707740e-15
1.1841603306136281e-15
1.3182784697023782e-15
2.1570347238088829e-15
2.4947688049456293e-15
2.9957371662201838e-15
1.4997784399575600e-15
1.2784205275460769e-15
1.2429531777971211e-15
1.3606667459621370e-15
1.9072493355423447e-15
2.0056779098964055e-15
1.6200298801522025e-15
5.2358852026716191e-16
-1.0582626884906941e-16
-2.1304902627031416e-16
9.3325051767397581e-16
1.2946350217337480e-15
1.2606346715979952e-15
1.5315011544034964e-15
2.1711730584222450e-15
2.1014513866870962e-15
1.9590385416237438e-15
1.8346304584706073e-15
7.2132137069314585e-16
6.2473114412502584e-16
1.9730562765341432e-15
2.4806986194577565e-15
2.5990622606425584e-15
2.8647118338882674e-15
2.1343651160672208e-15
1.8832212715655245e-15
2.4077992869985739e-15
3.1838827653553261e-15
3.9425332332330557e-15
5.0726298391677894e-15
3.0148453069889464e-15
2.6180081262019831e-15
2.9745460598299347e-15
2.9454498907901623e-15
3.1108318062334292e-15
3.8066986359597214e-15
3.4884474845291575e-15
3.1418507933229427e-15
2.8856267717063110e-15
2.3010667542202677e-15
3.7156112845080626e-15
3.2921093236561584e-15
3.3721270739281257e-15
3.6255461271422810e-15
3.8357516376594668e-15
4.1674593814430130e-15
3.6425745945273464e-15
3.1175604158322822e-15
2.7695789700067173e-15
1.8363267188359377e-15
3.2908563558072795e-15
2.8803983757139056e-15
3.0760246535537894e-15
2.9882454254213318e-15
2.7269094225827737e-15
2.8403488749695712e-15
3.2988516200706646e-15
3.4212983700313778e-15
3.8396395214728320e-15
4.2478121949930970e-15
2.8428221446137488e-15
2.8427235705145423e-15
2.7961606668922611e-15
2.6430194864835233e-15
2.1025517160299099e-15
1.5948675321887292e-15
2.4699933898828627e-15
3.9829939192968446e-15
5.1430877701853730e-15
6.6375816119611616e-15
2.6932712671574563e-15
3.4185346412616496e-15
3.3351961476421935e-15
2.8064302263706554e-15
2.9166451901260941e-15
2.8421177579206701e-15
3.0991610929298967e-15
3.2972053403805657e-15
3.3718225184964177e-15
3.2332845551643362e-15
3.2566373640765114e-15
2.7584579418042809e-15
2.2199663390750645e-15
3.1144250617716338e-15
4.1349037269578024e-15
5.3455428296928507e-15
3.4099689580100363e-15
9.2117109144505014e-16
-1.0221816621250671e-15
-3.2634553276935407e-15
3.1773888904866790e-15
3.2305149493076988e-15
3.5291684174813785e-15
3.5188789721890076e-15
3.4004728016716823e-15
3.6582767352088578e-15
3.3122748090435093e-15
3.5145182451344054e-15
3.7253936691362380e-15
4.1641906229865960e-15
3.5117528326447984e-15
3.5921665466327717e-15
3.6519597780433926e-15
4.0562162103211297e-15
4.2528394315089402e-15
4.5916365728510297e-15
