0.0000000000000000e+00
6.0927483337545057e-17
-9.8595428883528611e-17
-1.3299009831435092e-16
1.3557523344510940e-16
-2.1519466309824344e-16
1.8686948222872283e-16
-2.3647254503838222e-17
-1.7816423878772081e-16
1.6166853150106062e-16
-6.3714558307621493e-17
-3.1884174780290571e-17
-7.1500157715191561e-16
-5.7520801594400992e-16
-3.8434317786673810e-16
1.2418997666909484e-16
-3.9871738233397065e-18
5.9123993042087436e-19
1.3661353480303629e-16
6.0355157313238776e-17
-4.7920449604115337e-16
-3.0980616924265290e-16
-3.0229145135603588e-16
-1.9116866255278767e-16
-5.9280035431093042e-16
-1.2562196819412763e-16
-5.9627072460333519e-16
-9.0489813753902565e-16
-1.9328282492675204e-16
-6.0348185531814687e-16
-8.8679320619776703e-16
-5.1959923240891609e-16
-3.4508313574326658e-16
-1.5880735486023260e-16
4.4259078702991539e-16
-1.0596702548608217e-15
-9.8478745536113602e-16
-1.1222924081903281e-15
-9.7448742234841984e-16
-1.3885215560482871e-15
-1.5675011206903637e-15
-7.9638690813921446e-16
-4.7345978776891829e-16
4.3677288755160350e-16
1.3209290210254590e-15
-8.5141010362331007e-16
-9.1325761564254595e-16
-1.1016502525889295e-15
-1.3395434611770842e-15
-1.4505676932694942e-15
-1.3974023344404231e-15
-1.0260042617777751e-15
-1.8484925699355028e-15
-1.8145303014462738e-15
-2.1662807386097818e-15
-1.1946668125334904e-15
-9.2240862615952139e-16
-1.3254448445884978e-15
-9.8285510967744410e-16
-9.1693335343331601e-16
-9.5934497923412277e-16
-9.4665176117987933e-16
-1.6009148176896222e-15
-1.6620663962199435e-15
-2.0528769410430158e-15
-1.5670322011288378e-15
-1.3658151205811866e-15
-9.9470235345740591e-16
-1.0048014677395282e-15
-1.2458604200578192e-15
-1.6576488258757792e-15
-1.3527491639561507e-15
-1.2194189057966071e-15
-1.0440244205950797e-15
-7.8160676817950584e-16
-1.4980320936714052e-15
-1.3601928651873734e-15
-1.3602589320090044e-15
-1.8179060894489904e-15
-2.2212350435506119e-15
-2.6677797076685837e-15
-1.9091805289830974e-15
-8.1391827415469643e-16
-5.7487153842743520e-16
4.2387926186500635e-16
-1.8857691496881112e-15
-2.0927093006593498e-15
-2.1058257356068657e-15
-2.4643235407600319e-15
-1.9393399653152474e-15
-2.6188144809760604e-15
-2.2068481850998799e-15
-1.9261359641027963e-15
-1.8067948004922001e-15
-1.2177445260118842e-15
-2.3168180133654913e-15
-1.9654225051840825e-15
-2.0233233611907513e-15
-2.3946711028962004e-15
-2.7576242409968824e-15
-3.8710996675279270e-15
-2.1282039501961686e-15
-8.1764113043717863e-16
6.5844170198165567e-16
2.1398428193378053e-15
-2.1990328301512436e-15
-1.8423507265641707e-15
-1.7954318094869096e-15
-1.8810256583643014e-15
-1.3950319467093436e-15
-1.5251202920218023e-15
-1.7315301458935417e-15
-1.4838716985307904e-15
-1.7541803804475886e-15
-1.8035951753286636e-15
-1.0539030515244152e-15
-1.6670117144762892e-15
-1.4514885692706917e-15
-9.9262620522894046e-16
-1.0500215978681414e-15
-8.9623169354107557e-16
-1.4848705886996530e-15
-2.1045877061476819e-15
-2.8364137195945693e-15
-3.2988791231719172e-15
-1.6576417507727148e-15
-1.8147095470998621e-15
-1.2196255076443940e-15
-1.0366348819180125e-15
-1.3385971093317313e-15
-1.1001810130181472e-15
-1.5162145439155399e-15
-2.0983293786523491e-15
-2.6467686526395630e-15
-2.8992052201533562e-15
-1.1490323772679231e-15
-1.8171856306976913e-15
-1.8665641663564583e-15
-9.0734091661053892e-16
-1.0912088902196193e-15
-3.4880698134266014e-16
-1.1757250290926547e-15
-2.2585153528816252e-15
-2.6627274029351655e-15
-3.2212539500696530e-15
-1.3990088606637226e-15
-1.5994290815370127e-15
-1.9223781516320533e-15
-2.0988133631578225e-15
-1.7293853398066233e-15
-1.6789893971878345e-15
-2.3285467349904916e-15
-2.0978615181270472e-15
-2.0619668379447034e-15
-1.8866746036632029e-15
-1.7703506940920232e-15
-2.2385903080395169e-15
-1.7969149274071847e-15
-1.9689736315116435e-15
-2.2416434221467458e-15
-2.0821976150167063e-15
-2.1701802884197263e-15
-1.1428430018760723e-15
-9.1595492285012973e-16
-1.1348126267216824e-16
-2.1306643474661762e-15
-1.4474363827151123e-15
-1.3406827308760531e-15
-1.7718611570163387e-15
-1.6930524006796565e-15
-1.2204007698625650e-15
-1.3403844114446720e-15
-1.2719376935113293e-15
-2.0937739647116052e-15
-2.1709176295997570e-15
-1.1804573472851633e-15
-1.7549882479148658e-15
-2.0335367754692461e-15
-1.2516715134890503e-15
-7.8004208977240936e-16
6.8002660841055342e-17
-1.0402535203442274e-15
-3.0383863728092365e-15
-4.8759045684531236e-15
-6.5583111716325142e-15
-1.2230496507532256e-15
-1.7072847274033349e-15
-1.3462563116325622e-15
-1.2171573989639993e-15
-1.7479075330800698e-15
-1.6325417264112927e-15
-1.3890131546093763e-15
-1.1166826076379457e-15
-1.1837377711333497e-15
-4.9697070777931389e-16
-1.0522816116695114e-15
-1.4476705145884302e-15
-2.2735417652048600e-15
-1.2497632445381097e-15
-8.5208187167147506e-16
-3.2668692689064218e-16
