0.0000000000000000e+00
-5.8022706893795352e-05
-1.1604878048616460e-04
-1.7407822129897267e-04
-2.3211102972360028e-04
-2.9014720614977725e-04
-3.4814634145380861e-04
-4.0614884085304323e-04
-8.4784779809081619e-04
-1.6069053275364065e-03
-2.4016170749243085e-03
-2.3436053183831375e-03
-2.2855969270106705e-03
-2.2275919004166402e-03
-2.1695321477974449e-03
-2.1114757659175406e-03
-2.0534833673160617e-03
-1.9954589770727746e-03
-1.9374379534633959e-03
-1.8794101965854807e-03
-1.8213858067331347e-03
-1.7633647835151589e-03
-1.7053370258542126e-03
-1.6473126352182033e-03
-1.5892916112162866e-03
-1.3571981741849857e-03
-7.4462537421636954e-04
-9.9590458564464314e-06
7.7596386152559138e-04
1.5803637770880283e-03
2.3911683622325321e-03
2.3331448608961986e-03
2.2751179926376475e-03
2.2170877570656085e-03
2.1590541537908443e-03
2.1010472997985696e-03
2.0430229095389028e-03
1.9849951522535399e-03
1.9269741290464746e-03
1.8689497392047438e-03
1.8109219823388880e-03
1.7529009583144375e-03
1.6948765676566718e-03
1.6368488099728017e-03
1.5788176848739635e-03
1.3327947062012372e-03
7.3368024294248027e-04
5.9591744343327838e-06
-7.7743404399985337e-04
-1.5809483755820587e-03
-2.3914192804744563e-03
-2.3333952785317144e-03
-2.2753746431788094e-03
-2.2173573740249582e-03
-2.1593434706788130e-03
-2.1012977176926265e-03
-2.0432733274644908e-03
-1.9852523038708754e-03
-1.9272245469797694e-03
-1.8692001571136250e-03
-1.8111791338825940e-03
-1.7531513762480335e-03
-1.6951269856383142e-03
-1.6371059616636049e-03
-1.5790883039330278e-03
-1.3334475354015514e-03
-7.3398254722350847e-04
-6.0677266882773573e-06
7.7735880504989461e-04
1.5809216469735280e-03
2.3914088252923764e-03
2.3333854376551130e-03
2.2753586831105710e-03
2.2173285612657992e-03
2.1592950717302288e-03
2.1012878765583015e-03
2.0432634862984130e-03
1.9852357290128849e-03
1.9272147058074626e-03
1.8691903159679844e-03
1.8111625591028645e-03
1.7531415350757124e-03
1.6951171444141452e-03
1.6370893867276818e-03
1.5790582616255532e-03
1.3334253283128626e-03
7.3396661613406744e-04
6.0642319988752583e-06
-7.7739640704338996e-04
-1.5809333770729979e-03
-2.3914128382576580e-03
-2.3333888344987384e-03
-2.2753681973282929e-03
-2.2173509263581702e-03
-2.1593370211964100e-03
-2.1012912736570635e-03
-2.0432668834297106e-03
-1.9852458598365527e-03
-1.9272181029455181e-03
-1.8691937130787134e-03
-1.8111726898479318e-03
-1.7531449322142913e-03
-1.6951205416064746e-03
-1.6370995176328389e-03
-1.5790818599031795e-03
-1.3334307158264578e-03
-7.3397491071856911e-04
-6.0649258382722687e-06
7.7735980597475756e-04
1.5809220461210434e-03
2.3914089968726663e-03
2.3333856093202430e-03
2.2753588548585753e-03
2.2173287330978764e-03
2.1592952436458339e-03
2.1012880482214418e-03
2.0432636579616448e-03
1.9852359006762724e-03
1.9272148774711906e-03
1.8691904876309629e-03
1.8111627307653112e-03
1.7531417067393521e-03
1.6951173160787273e-03
1.6370895583935345e-03
1.5790584332919838e-03
1.3334257767488112e-03
7.3396681970257487e-04
6.0643066735715123e-06
-7.7739638028877104e-04
-1.5809333664093279e-03
-2.3914128336762941e-03
-2.3333888299161324e-03
-2.2753681927458799e-03
-2.2173509217750602e-03
-2.1593370166117631e-03
-2.1012912690750794e-03
-2.0432668788479200e-03
-1.9852458552538639e-03
-1.9272180983629602e-03
-1.8691937084963966e-03
-1.8111726852655828e-03
-1.7531449276312913e-03
-1.6951205370220731e-03
-1.6370995130470772e-03
-1.5790818553170643e-03
-1.3334307038650414e-03
-7.3397490528636332e-04
-6.0649238427313528e-06
7.7735980669051271e-04
1.5809220464076601e-03
2.3914089969975789e-03
2.3333856094453821e-03
2.2753588549842764e-03
2.2173287332232948e-03
2.1592952437719699e-03
2.1012880483467083e-03
2.0432636580874795e-03
1.9852359008031414e-03
1.9272148775964599e-03
1.8691904877549867e-03
1.8111627308881998e-03
1.7531417068649348e-03
1.6951173162059877e-03
1.6370895585218377e-03
1.5790584334221458e-03
1.3334257770693479e-03
7.3396681984958803e-04
6.0643067278230408e-06
-7.7739638026792443e-04
-1.5809333664000707e-03
-2.3914128336723697e-03
-2.3333888299129188e-03
-2.2753681927418739e-03
-2.2173509217705374e-03
-2.1593370166078209e-03
-2.1012912690716841e-03
-2.0432668788440671e-03
-1.9852458552510979e-03
-1.9272180983599529e-03
-1.8691937084944759e-03
-1.8111726852628319e-03
-1.7531449276274023e-03
-1.6951205370169748e-03
-1.6370995130411032e-03
-1.5790818553093158e-03
-1.3334307038566609e-03
-7.3397490528193349e-04
-6.0649238408424914e-06
7.7735980669138094e-04
1.5809220464093449e-03
2.3914089969993210e-03
2.3333856094474451e-03
2.2753588549851104e-03
2.2173287332237610e-03
2.1592952437719136e-03
2.1012880483477691e-03
2.0432636580882072e-03
1.9852359008037104e-03
1.9272148775967841e-03
1.8691904877550277e-03
1.8111627308877764e-03
