0.0000000000000000e+00
-3.0400873532949595e-17
-2.8150456241461488e-16
-3.6582843453062762e-16
-5.5492805422902652e-17
-7.5070734807564675e-19
-1.6570883098532452e-16
-4.1767183653062219e-16
-4.0306927570304893e-17
-4.5391629334094226e-16
-5.0224262675191125e-16
-3.9811299605162113e-16
-7.1336941779300276e-16
-7.1728977927036855e-16
-1.5500304125080666e-16
-3.8036018409950901e-16
-6.7167934453217267e-16
-5.7165901987404937e-16
-2.2267024354741301e-16
-6.1036737380169709e-16
-1.1904691732041015e-15
-1.1604372684812732e-15
-6.9908136192000063e-16
-6.6506046994553452e-17
4.6321361524067429e-16
-1.2188450816320625e-15
-1.2560314336931262e-15
-1.1226151744499923e-15
-9.4974370429575079e-16
-5.3326948382102054e-16
-1.1349218054580692e-15
-1.0055714129772731e-15
-1.0368195275533921e-15
-1.5141773794020118e-15
-1.5235409661402775e-15
-9.1632752073669067e-16
-8.5442032204773986e-16
-1.0526227504286315e-15
-6.1907056467578410e-16
-9.2899554313645113e-16
-3.5369498398812289e-17
-4.0066461920894462e-16
-1.1174011308333351e-15
-7.8731267053174370e-16
-1.5316093911830517e-15
-4.8378225491681435e-16
-6.1898619713528921e-16
-3.9675766312751488e-16
-1.4707747826943511e-16
-1.9106585814619669e-16
-6.6687353113306772e-16
-6.4708677489806716e-16
-4.7794003057980263e-16
-7.4463449992558272e-16
-2.5475753840614068e-16
-5.6622760450583433e-16
-7.0836053407209875e-16
-7.1261705674632265e-16
-1.9562606787536396e-16
6.2513027887998832e-16
8.1645943013099268e-16
-2.1950511961145416e-16
-1.1775481248717175e-15
-2.4445197785509570e-15
-3.4047784553834514e-15
-4.1681619331907313e-16
-4.6011132967546041e-16
-2.8916977209612369e-16
-5.8422392247648084e-16
-7.5365591635288339e-16
-4.5488704173191239e-16
-2.9688105140227536e-16
-4.3733223244185754e-16
-3.2077183987127225e-16
-4.2628550778069706e-16
-2.1666703507844556e-16
-4.4100637131843926e-16
-8.3214199559098687e-16
-7.4769865705360703e-16
-5.8428669387315222e-18
5.4080326122449794e-16
-6.3016061805942264e-16
-1.2718516992113693e-15
-2.6600161722866787e-15
-3.7883036175030278e-15
-5.1993342017404108e-16
-5.2465047704517314e-17
8.7110729187744553e-18
-3.2542423433317987e-16
-6.2300026697994899e-16
-6.1041863755765954e-16
-3.6188055002369913e-16
3.8919719403198573e-16
3.0684287486148682e-16
7.4971864684561940e-16
-1.6409105830143779e-16
-7.8668421686988515e-16
-1.3023824180191825e-15
-4.9112207117639277e-16
2.1536428889018039e-16
1.0146196941684944e-15
-1.6396637331845146e-17
-1.5231238514968942e-15
-2.8787571327343836e-15
-4.0553016084754773e-15
-8.2607520991695373e-16
-2.9598984148553408e-16
-2.8945451505153300e-16
-4.0995651684879266e-16
1.2514351465531377e-16
-3.5468508245062396e-16
-2.8018426976946188e-16
-7.0126517172914873e-16
-7.6315659491764882e-16
-4.1668010174118866e-16
-3.1443500696069174e-16
-2.0695085488506892e-16
-2.6508617638265895e-17
-3.8790701231259334e-16
-5.8977967109411492e-16
-2.6704819325898556e-16
-7.5316639064766134e-16
-8.1722749285902946e-16
-6.9092464005271242e-16
-8.8008898369327938e-16
1.1643710360994150e-16
-2.3412227679956935e-17
-9.0677788878674460e-17
-1.6752080188374360e-17
1.3029263043847045e-16
-3.9510080255736686e-17
-2.8574902338335647e-17
1.0034588286483793e-16
-4.2618992258979095e-16
-4.6273496016090290e-16
-1.4597751831120755e-16
-7.1648907639501364e-16
-6.4871128966799870e-17
-1.2248408288550220e-16
4.1388708325782006e-16
4.4459353590259980e-16
-1.4262264140577775e-17
-4.4821855390060684e-16
-1.0880863024083491e-15
-1.4968159178827372e-15
-4.5229956032237230e-16
-3.6056694060398397e-16
-1.9693637211690362e-16
-3.0802194214240193e-16
-4.7381102995566968e-16
-6.3658057737221171e-16
-3.3857575512728187e-16
-2.8978581490525754e-16
1.4014525880156422e-16
4.8385178968003076e-16
-1.5858478982364081e-16
-3.5163609532955960e-16
-4.2537580719954555e-16
-3.1266826308417667e-16
-8.4153406917888982e-16
-9.2034525507712271e-16
-6.5497022214576135e-16
-6.5724369495875464e-16
-3.8477049714165919e-16
-2.0801048719387524e-16
-1.0190430977540938e-15
-6.3124905111431792e-16
-9.3812944500982390e-16
-6.6421080418342853e-16
-7.6773206435098478e-16
-1.1318253790095389e-15
-1.0769596209455485e-15
-9.6363768655036080e-16
-4.8523700606996224e-16
-6.4312388480120042e-16
-1.0373178516672414e-15
-1.1208743106131047e-15
-1.1073447958394451e-15
-1.0083244358282300e-15
-1.3554184420289480e-15
-1.6761985850792178e-15
-8.4092000962075794e-16
-4.2707789219989987e-16
6.4739703333569791e-16
1.5579026501958931e-15
-1.0624094091643708e-15
-9.7769877179981782e-16
-1.0985693802885138e-15
-7.5370924466871304e-16
-7.5597489042046350e-16
-7.8535359266886177e-16
-1.0483464716163583e-15
-1.4897045917476189e-15
-1.7346788065203433e-15
-1.6562437110356608e-15
-8.3697150983408026e-16
-4.5107110344655504e-16
-7.0788642038175238e-16
-7.2609074274050219e-16
-7.9013617861446675e-16
-1.3786841487779596e-15
