0.0000000000000000e+00
-2.3463537240147922e-29
-3.8947732352624943e-29
-4.1058701018403533e-28
1.7762734852639472e-29
4.8472619293799331e-16
7.0385319374527251e-17
2.9748336286504422e-17
4.4408920985008904e-16
-1.4621496214983345e-16
-3.5338539893154549e-16
3.5882972233210013e-16
-1.1102230246249349e-16
-6.9189662971977607e-16
1.6108913029316406e-16
1.1305415161690597e-15
2.1115595812368941e-16
1.3532631534850085e-16
2.4090429441050855e-16
-2.2894773038429883e-16
-3.2111034336163943e-16
-1.6751552665144939e-15
-5.2283645674245034e-16
6.7954918085989262e-16
1.6043790623055401e-15
-6.0809594426071200e-16
-3.1022169655968838e-16
-4.9707364185534991e-16
-1.1792542792119595e-16
-1.8432522595428220e-16
-2.8680419061571052e-17
-2.8193216233169986e-16
3.0040096698403984e-16
-7.7288444833198521e-17
-6.5816277209040954e-16
1.5020048349181812e-16
2.4090429441041137e-16
-4.4156249056641634e-16
-3.1022169656022574e-16
3.7224508841631078e-16
7.6082314703454005e-16
-5.4714046962859686e-16
-1.0318666625658014e-15
-1.8902967459794826e-15
-3.0114084174055541e-15
-7.7861491929663973e-16
-4.8618499499809020e-16
-5.1593333127847411e-16
-5.5657031437014124e-16
-7.1367392332154953e-16
-9.2084436010351097e-16
-9.3173300690491065e-16
-1.7197777709431456e-15
-2.2748892832557377e-15
-3.2592158372744656e-15
-3.0792670174968230e-15
-3.2864374542787369e-15
-3.1645265050146235e-15
-2.8666522573143894e-15
-2.1435484892496085e-15
-1.5274815023051749e-15
-2.4671855518944027e-15
-3.3201713119068711e-15
-3.8956013157646091e-15
-4.7500458778368265e-15
-2.3006520981992688e-15
-1.6236296366194721e-15
-1.7143334475198915e-15
-1.7698445987752681e-15
-1.7847187669185521e-15
-1.7698445987754519e-15
-1.5477999938501871e-15
-1.5884369769380182e-15
-7.5431090641056066e-16
-5.7688880591533563e-16
-1.6533779729124335e-15
-1.8416887202085429e-15
-1.8565628883515945e-15
-1.7604147540331246e-15
-2.0176520186464003e-15
-1.4610817042760020e-15
-2.2709037619161479e-15
-2.6515107778488479e-15
-3.0658516514090756e-15
-2.7382290674169954e-15
-2.4820597200412625e-15
-3.0832525388524812e-15
-2.7244228166342158e-15
-3.0128672194610641e-15
-3.2160521349029593e-15
-2.9533705468898078e-15
-3.1659853070722868e-15
-2.7516444335087956e-15
-3.0698371727532393e-15
-3.2973261010792597e-15
-3.1917481220163460e-15
-2.0637333251314758e-15
-2.4468670603500006e-15
-3.1347781687261241e-15
-3.6100745169204147e-15
-3.7156524959798290e-15
-3.7711636472145058e-15
-2.9384963787487926e-15
-1.3772810188183846e-15
-7.0025855724596867e-16
-3.7240144234997470e-15
-3.6739475956628784e-15
-4.2101994184139665e-15
-4.2657105697335050e-15
-3.8811180324557467e-15
-3.5534954484683318e-15
-3.6129921210419456e-15
-3.6982516085595796e-15
-3.4043628822014748e-15
-3.5262738314658027e-15
-3.8959922005984157e-15
-3.8404810493678852e-15
-3.8607995409116653e-15
-4.2290591079859043e-15
-4.4362295447676047e-15
-3.6075477976409008e-15
-3.8187037557650645e-15
-4.2831114571607066e-15
-4.0665111756395884e-15
-3.8335779239164528e-15
-3.3488517309723678e-15
-2.8017112613509315e-15
-3.0752814963085734e-15
-3.2770076095343835e-15
-3.4732893995156723e-15
-3.1496523368712575e-15
-3.7102081725839844e-15
-4.6459267008304157e-15
-4.5998453943413517e-15
-5.4245416201251852e-15
-3.9892227307990357e-15
-4.3683709446750708e-15
-4.7990447884394587e-15
-4.1612005078936701e-15
-4.8977196420430759e-15
-5.2714235325193560e-15
-4.1909488441796906e-15
-3.0901556642948890e-15
-2.4497846644638654e-15
-2.2088803700519954e-15
-2.8720965807139448e-15
-3.1347781687231004e-15
-3.4638595545074466e-15
-2.8477925678331316e-15
-3.1565554623320545e-15
-3.1064886345008833e-15
-3.1010443111011836e-15
-4.0665111756351463e-15
-4.5770001835183220e-15
-4.9155114143068057e-15
-3.6358373318696027e-15
-3.3731557438571667e-15
-3.4896223697198637e-15
-3.7007783278437486e-15
-3.8687705835959063e-15
-3.7766079706182974e-15
-3.8593407388538577e-15
-3.2784664115953458e-15
-3.1228216047037636e-15
-2.9210954913222943e-15
-3.4787337229198820e-15
-3.3731557438591850e-15
-3.3176445926624726e-15
-2.9290665340032627e-15
-2.4592145092098654e-15
-2.5959996266179336e-15
-3.0604073280116955e-15
-3.3191033946822823e-15
-3.5520366464071396e-15
-3.4098072055991381e-15
-2.7491177142269475e-15
-3.2244140624216400e-15
-3.7646514065903845e-15
-3.1431400962461869e-15
-2.7124662524817907e-15
-1.7118067282615343e-15
-3.2080810922201611e-15
-4.2696960910682777e-15
-4.8425993756327764e-15
-5.8893402063305980e-15
-2.9751478404934907e-15
-2.7030364077327638e-15
-3.0103405001528846e-15
-2.5553626435308409e-15
-2.7218960972249966e-15
-2.8343772017454110e-15
-2.4497846644681047e-15
-2.9548293489493639e-15
-2.9805921638935821e-15
-3.3245477180818385e-15
-3.5059553399203861e-15
-3.5520366464097396e-15
-3.5411479996094108e-15
-3.7240144235040834e-15
-4.5715558601160450e-15
-5.2228155067459038e-15
