0.0000000000000000e+00
0.0000000000000000e+00
0.0000000000000000e+00
0.0000000000000000e+00
0.0000000000000000e+00
0.0000000000000000e+00
0.0000000000000000e+00
0.0000000000000000e+00
4.6588607281035707e-04
1.2973362709529177e-03
2.1621363218773467e-03
2.1621363218773467e-03
2.1621363218773467e-03
2.1621363218773467e-03
2.1621363218773467e-03
2.1621363218773467e-03
2.1621363218773467e-03
2.1621363218773467e-03
2.1621363218773467e-03
2.1621363218773467e-03
2.1621363218773467e-03
2.1621363218773467e-03
2.1621363218773467e-03
2.1621363218773467e-03
2.1621363218773467e-03
2.3910585535824500e-03
3.0736835854382289e-03
3.8811884358856130e-03
4.7380800787681053e-03
5.6111440198878156e-03
6.4891391053841429e-03
6.4891391053841429e-03
6.4891391053841429e-03
6.4891391053841429e-03
6.4891391053841429e-03
6.4891391053841429e-03
6.4891391053841429e-03
6.4891391053841429e-03
6.4891391053841429e-03
6.4891391053841429e-03
6.4891391053841429e-03
6.4891391053841429e-03
6.4891391053841429e-03
6.4891391053841429e-03
6.4891391053841429e-03
6.7383096210867858e-03
7.4068569025745566e-03
8.2074502737707160e-03
9.0620163929257761e-03
9.9343540619781512e-03
1.0812109117149020e-02
1.0812109117149020e-02
1.0812109117149020e-02
1.0812109117149020e-02
1.0812109117149020e-02
1.0812109117149020e-02
1.0812109117149020e-02
1.0812109117149020e-02
1.0812109117149020e-02
1.0812109117149020e-02
1.0812109117149020e-02
1.0812109117149020e-02
1.0812109117149020e-02
1.0812109117149020e-02
1.0812109117149020e-02
1.1060696896623175e-02
1.1729612056348778e-02
1.2530397600715905e-02
1.3384995726716351e-02
1.4257374756618740e-02
1.5135142904794938e-02
1.5135142904794938e-02
1.5135142904794938e-02
1.5135142904794938e-02
1.5135142904794938e-02
1.5135142904794938e-02
1.5135142904794938e-02
1.5135142904794938e-02
1.5135142904794938e-02
1.5135142904794938e-02
1.5135142904794938e-02
1.5135142904794938e-02
1.5135142904794938e-02
1.5135142904794938e-02
1.5135142904794938e-02
1.5383746901944682e-02
1.6052654846496414e-02
1.6853429123848244e-02
1.7708057433454754e-02
1.8580413724248932e-02
1.9458174934213573e-02
1.9458174934213573e-02
1.9458174934213573e-02
1.9458174934213573e-02
1.9458174934213573e-02
1.9458174934213573e-02
1.9458174934213573e-02
1.9458174934213573e-02
1.9458174934213573e-02
1.9458174934213573e-02
1.9458174934213573e-02
1.9458174934213573e-02
1.9458174934213573e-02
1.9458174934213573e-02
1.9458174934213573e-02
1.9706777784423510e-02
2.0375683323184842e-02
2.1176464043311180e-02
2.2031060509366054e-02
2.2903439044366036e-02
2.3781207028967018e-02
2.3781207028967018e-02
2.3781207028967018e-02
2.3781207028967018e-02
2.3781207028967018e-02
2.3781207028967018e-02
2.3781207028967018e-02
2.3781207028967018e-02
2.3781207028967018e-02
2.3781207028967018e-02
2.3781207028967018e-02
2.3781207028967018e-02
2.3781207028967018e-02
2.3781207028967018e-02
2.3781207028967018e-02
2.4029810624125354e-02
2.4698718825206693e-02
2.5499493231154132e-02
2.6354121584958520e-02
2.7226477888987084e-02
2.8104239103326767e-02
2.8104239103326767e-02
2.8104239103326767e-02
2.8104239103326767e-02
2.8104239103326767e-02
2.8104239103326767e-02
2.8104239103326767e-02
2.8104239103326767e-02
2.8104239103326767e-02
2.8104239103326767e-02
2.8104239103326767e-02
2.8104239103326767e-02
2.8104239103326767e-02
2.8104239103326767e-02
2.8104239103326767e-02
2.8352841964254132e-02
2.9021747496175952e-02
2.9822528212873067e-02
3.0677124677747442e-02
3.1549503212395379e-02
3.2427271196880020e-02
3.2427271196880020e-02
3.2427271196880020e-02
3.2427271196880020e-02
3.2427271196880020e-02
3.2427271196880020e-02
3.2427271196880020e-02
3.2427271196880020e-02
3.2427271196880020e-02
3.2427271196880020e-02
3.2427271196880020e-02
3.2427271196880020e-02
3.2427271196880020e-02
3.2427271196880020e-02
3.2427271196880020e-02
3.2675874791755169e-02
3.3344782993020225e-02
3.4145557399058959e-02
3.5000185752894673e-02
3.5872542056933146e-02
3.6750303271276451e-02
3.6750303271276451e-02
3.6750303271276451e-02
3.6750303271276451e-02
3.6750303271276451e-02
3.6750303271276451e-02
3.6750303271276451e-02
3.6750303271276451e-02
3.6750303271276451e-02
3.6750303271276451e-02
3.6750303271276451e-02
3.6750303271276451e-02
3.6750303271276451e-02
3.6750303271276451e-02
3.6750303271276451e-02
3.6998906132209124e-02
3.7667811664125972e-02
3.8468592380819830e-02
3.9323188845693559e-02
4.0195567380342120e-02
4.1073335364826796e-02
4.1073335364826796e-02
4.1073335364826796e-02
4.1073335364826796e-02
4.1073335364826796e-02
4.1073335364826796e-02
4.1073335364826796e-02
4.1073335364826796e-02
4.1073335364826796e-02
4.1073335364826796e-02
4.1073335364826796e-02
