0.0000000000000000e+00
1.3214046852326632e+01
2.6433333333301277e+01
3.9648912754089849e+01
5.2860785895542321e+01
6.6068953538840859e+01
7.9300000000669243e+01
9.2527337997707008e+01
1.1076521177398514e+02
1.2937846235912227e+02
1.4628178960091572e+02
1.3306241329814159e+02
1.1983933007514784e+02
1.0661253915070176e+02
9.3412413251779739e+01
8.0208582473787786e+01
6.6979079918469836e+01
5.3762413251302917e+01
4.0542039563335294e+01
2.7329079917614795e+01
1.4112414032254186e+01
8.9204112608446096e-01
-1.2320920082667296e+01
-2.5537587531133681e+01
-3.8757962001113881e+01
-5.6849656125730711e+01
-7.8916713226314258e+01
-9.8361347630514587e+01
-1.1577267562387117e+02
-1.3198688126556436e+02
-1.4759017658307738e+02
-1.3437335942903684e+02
-1.2116024849678595e+02
-1.0795084300555872e+02
-9.4745142174745993e+01
-8.1506692808027424e+01
-6.8290026141672158e+01
-5.5077065715222425e+01
-4.1856692808786384e+01
-2.8640026922934680e+01
-1.5427067276536581e+01
-2.2066928089296836e+00
1.1009974637842905e+01
2.4222935844438915e+01
3.7432191592151291e+01
5.6171654291217365e+01
7.8431564981976109e+01
9.8084696305440332e+01
1.1562873965541779e+02
1.3191448550380858e+02
1.4755423420002199e+02
1.3433748045738457e+02
1.2111701969565277e+02
1.0789285113351352e+02
9.4664973989094705e+01
8.1470813742920058e+01
6.8254147075862889e+01
5.5033773388128267e+01
4.1820813742567154e+01
2.8604147857479592e+01
1.5383774951702225e+01
2.1708137425205432e+00
-1.1045853706656628e+01
-2.4266228176850078e+01
-3.7490310449903021e+01
-5.6189626863751585e+01
-7.8444795813478720e+01
-9.8092083475439580e+01
-1.1563412217276489e+02
-1.3191683797928195e+02
-1.4755533050012008e+02
-1.3433849126533082e+02
-1.2112535825036421e+02
-1.0791593067481494e+02
-9.4710207758312038e+01
-8.1471824644233209e+01
-6.8255157977686267e+01
-5.5042197551053931e+01
-4.1821824644400110e+01
-2.8605158758539009e+01
-1.5392199111887843e+01
-2.1718246445077556e+00
1.1044842801779328e+01
2.4257804008267854e+01
3.7467059755776297e+01
5.6188869166554390e+01
7.8444018178579284e+01
9.8091846543785479e+01
1.1563243044271911e+02
1.3191635208860836e+02
1.4755516288601345e+02
1.3433840954357183e+02
1.2111794918266217e+02
1.0789378102092422e+02
9.4665904277001928e+01
8.1471742829853369e+01
6.8255076163140046e+01
5.5034702475251969e+01
4.1821742829506562e+01
2.8605076944439560e+01
1.5384704038409170e+01
2.1717428293591352e+00
-1.1044924619729889e+01
-2.4265299089676063e+01
-3.7489381362366430e+01
-5.6189167548140887e+01
-7.8444463547093065e+01
-9.8091892765023971e+01
-1.1563402387406789e+02
-1.3191678823251007e+02
-1.4755530574218761e+02
-1.3433846649098939e+02
-1.2112533346013683e+02
-1.0791590586847855e+02
-9.4710182935877015e+01
-8.1471799870204620e+01
-6.8255133203724384e+01
-5.5042172777132215e+01
-4.1821799870361225e+01
-2.8605133984409740e+01
-1.5392174337724141e+01
-2.1717998703864669e+00
1.1044867575753186e+01
2.4257828782344944e+01
3.7467084529480438e+01
5.6188881413765344e+01
7.8444027035111361e+01
9.8091851628102290e+01
1.1563243306686695e+02
1.3191635341569381e+02
1.4755516354634744e+02
1.3433841020402980e+02
1.2111794984261965e+02
1.0789378168101717e+02
9.4665904936995560e+01
8.1471743490157650e+01
6.8255076822814601e+01
5.5034703135062074e+01
4.1821743489713896e+01
2.8605077604620309e+01
1.5384704698894836e+01
2.1717434896469392e+00
-1.1044923959544681e+01
-2.4265298429860163e+01
-3.7489380703215978e+01
-5.6189167221458895e+01
-7.8444463311106603e+01
-9.8091892629443691e+01
-1.1563402380399738e+02
-1.3191678819742643e+02
-1.4755530572494274e+02
-1.3433846647356435e+02
-1.2112533344267436e+02
-1.0791590585093208e+02
-9.4710182918227787e+01
-8.1471799853072014e+01
-6.8255133186402148e+01
-5.5042172759518529e+01
-4.1821799853180941e+01
-2.8605133967614584e+01
-1.5392174321523669e+01
-2.1717998532277800e+00
1.1044867593814121e+01
2.4257828800919306e+01
3.7467084548978548e+01
5.6188881421850319e+01
7.8444027041281515e+01
9.8091851631329462e+01
1.1563243306859333e+02
1.3191635341675655e+02
1.4755516354668259e+02
1.3433841020438516e+02
1.2111794984345130e+02
1.0789378168189154e+02
9.4665904938177434e+01
8.1471743490722076e+01
6.8255076823619859e+01
5.5034703135534450e+01
4.1821743490152215e+01
2.8605077605296316e+01
1.5384704700017291e+01
2.1717434904679394e+00
-1.1044923958935819e+01
-2.4265298429388999e+01
-3.7489380702600712e+01
-5.6189167221031667e+01
-7.8444463310379987e+01
-9.8091892628553325e+01
-1.1563402380335829e+02
-1.3191678819669181e+02
-1.4755530572421716e+02
-1.3433846647259512e+02
-1.2112533344184456e+02
-1.0791590585020970e+02
-9.4710182917592704e+01
-8.1471799852305296e+01
-6.8255133185852841e+01
-5.5042172759038564e+01
-4.1821799852460110e+01
-2.8605133966723855e+01
-1.5392174320627488e+01
