0.0000000000000000e+00
9.1481862823799744e+00
1.8299999999977818e+01
2.7449247291292977e+01
3.6595928696913901e+01
4.5740044757735525e+01
5.4900000000474414e+01
6.4057387844571082e+01
8.8269244996486222e+01
1.1363514572876286e+02
1.3383911568634647e+02
1.2468723978458296e+02
1.1553279755325332e+02
1.0637578845162210e+02
9.7237239752547509e+01
8.8096126137167573e+01
7.8937239752616264e+01
6.9787239752246052e+01
6.0634673352948319e+01
5.1487239751990799e+01
4.2337240292880459e+01
3.3184674434549414e+01
2.4037239751737197e+01
1.4887239210672083e+01
5.7346722700624202e+00
-1.8032227304418321e+01
-5.3733233702494118e+01
-8.1584031241914147e+01
-1.0330131164136928e+02
-1.2145832736647840e+02
-1.3777018257731601e+02
-1.2862007839378941e+02
-1.1947254005598631e+02
-1.1032756702365863e+02
-1.0118515875627644e+02
-9.2020078425353404e+01
-8.2870078425566632e+01
-7.3722644284297957e+01
-6.4570078425975353e+01
-5.5420078966443910e+01
-4.6272645365030129e+01
-3.7120078426135862e+01
-2.7970077886138977e+01
-1.8822643204784818e+01
-9.6777738411607306e+00
1.5992059223874428e+01
5.2281524539732494e+01
8.0754075897071573e+01
1.0286998716924266e+02
1.2124154127460534e+02
1.3766250154652300e+02
1.2851244126315697e+02
1.1935981458183369e+02
1.1020462096180367e+02
1.0104685986166614e+02
9.1912441229727449e+01
8.2762441229424496e+01
7.3609874830245985e+01
6.4462441229519072e+01
5.5312441770714372e+01
4.6159875912965624e+01
3.7012441229537814e+01
2.7862440687668489e+01
1.8709873746674585e+01
9.5547398651954953e+00
-1.6045612734517970e+01
-5.2320196226517574e+01
-8.0776233969481027e+01
-1.0288263917746627e+02
-1.2124779809152915e+02
-1.3766559337060653e+02
-1.2851547390033275e+02
-1.1936792027460498e+02
-1.1022293195293931e+02
-1.0108050839534445e+02
-9.1915473931921113e+01
-8.2765473932045694e+01
-7.3618039790533288e+01
-6.4465473932065507e+01
-5.5315474472660540e+01
-4.6168040871045065e+01
-3.7015473932217319e+01
-2.7865473392552083e+01
-1.8718038711202304e+01
-9.5731693474909498e+00
1.6043904520549905e+01
5.2318812994581499e+01
8.0775526733384041e+01
1.0288113253792130e+02
1.2124714978180305e+02
1.3766528852889417e+02
1.2851522852255411e+02
1.1936260211891275e+02
1.1020740877612096e+02
1.0104964795336966e+02
9.1915228489975732e+01
8.2765228490121331e+01
7.3612662090756984e+01
6.4465228489747815e+01
5.5315229030768386e+01
4.6162663172730717e+01
3.7015228489536653e+01
2.7865227947990967e+01
1.8712661007505172e+01
9.5575271265066419e+00
-1.6044229327405624e+01
-5.2319201473852019e+01
-8.0775661833871283e+01
-1.0288234202457407e+02
-1.2124764855161835e+02
-1.3766551905915699e+02
-1.2851539957758055e+02
-1.1936784594084753e+02
-1.1022285760811553e+02
-1.0108043403941062e+02
-9.1915399609388018e+01
-8.2765399609508407e+01
-7.3617965468024693e+01
-6.4465399609548996e+01
-5.5315400150076762e+01
-4.6167966548394553e+01
-3.7015399609501756e+01
-2.7865399069936640e+01
-1.8717964388412693e+01
-9.5730950249744637e+00
1.6043941403773033e+01
5.2318839514213252e+01
8.0775541986699722e+01
1.0288114046263186e+02
1.2124715376950620e+02
1.3766529051050765e+02
1.2851523050420252e+02
1.1936260410000503e+02
1.1020741075736444e+02
1.0104964993445340e+02
9.1915230471484278e+01
8.2765230470943408e+01
7.3612664071662152e+01
6.4465230471139407e+01
5.5315231012112363e+01
4.6162665154243470e+01
3.7015230471079647e+01
2.7865229929504338e+01
1.8712662988617687e+01
9.5575291071016562e+00
-1.6044228343650875e+01
-5.2319200766787475e+01
-8.0775661427094406e+01
-1.0288234181308576e+02
-1.2124764844553374e+02
-1.3766551900666394e+02
-1.2851539952493962e+02
-1.1936784588832195e+02
-1.1022285755566966e+02
-1.0108043398692779e+02
-9.1915399557002729e+01
-8.2765399556971872e+01
-7.3617965415301612e+01
-6.4465399557101193e+01
-5.5315400097889452e+01
-4.6167966496735062e+01
-3.7015399557155426e+01
-2.7865399016827975e+01
-1.8717964334961383e+01
-9.5730949708885653e+00
1.6043941429442345e+01
5.2318839532873376e+01
8.0775541997186593e+01
1.0288114046814724e+02
1.2124715377249194e+02
1.3766529051180214e+02
1.2851523050552291e+02
1.1936260410175865e+02
1.1020741075910371e+02
1.0104964993655399e+02
9.1915230473038378e+01
8.2765230472661884e+01
7.3612664073132947e+01
6.4465230472581737e+01
5.5315231013902412e+01
4.6162665156559356e+01
3.7015230472788375e+01
2.7865229930726073e+01
1.8712662989552758e+01
9.5575291079334264e+00
-1.6044228342802612e+01
-5.2319200765772656e+01
-8.0775661426074350e+01
-1.0288234181237107e+02
-1.2124764844478351e+02
-1.3766551900595076e+02
-1.2851539952399784e+02
-1.1936784588740409e+02
-1.1022285755473786e+02
-1.0108043398605724e+02
-9.1915399556271453e+01
-8.2765399556427028e+01
-7.3617965414784663e+01
-6.4465399556413928e+01
-5.5315400097192537e+01
-4.6167966496163579e+01
