0.0000000000000000e+00
3.0495502540856897e+01
6.0999999999702403e+01
9.1499040115297390e+01
1.2199262421076664e+02
1.5248075360937119e+02
1.8299999999956106e+02
2.1351378628465551e+02
2.4400680640318291e+02
2.7450008043222829e+02
3.0500238491908584e+02
2.7450000005218806e+02
2.4399215774480726e+02
2.1347885667326483e+02
1.8300000000026375e+02
1.5251569006230091e+02
1.2200000000126578e+02
9.1500000000570267e+01
6.0994542627691636e+01
3.0500000000094943e+01
1.3239710774205296e-06
-3.0505454724009603e+01
-6.1000000000245130e+01
-9.1500001325166096e+01
-1.2200546002326799e+02
-1.5250060967880992e+02
-1.8300378614071207e+02
-2.1350000369009371e+02
-2.4400609569271575e+02
-2.7450082303486022e+02
-3.0500010286920883e+02
-2.7449999994806819e+02
-2.4400535306296109e+02
-2.1351616089073789e+02
-1.8303242210907990e+02
-1.5250000000267426e+02
-1.2200000000070378e+02
-9.1505456047493112e+01
-6.1000000000632639e+01
-3.0500001325432244e+01
-5.4586985925517729e-03
3.0499999999296001e+01
6.1000001324796486e+01
9.1494546601121996e+01
1.2198363715165836e+02
1.5250012806420975e+02
1.8300266549010050e+02
2.1350000402144849e+02
2.4400600173363023e+02
2.7450074497680265e+02
3.0500007948086164e+02
2.7450000005177748e+02
2.4399446324652604e+02
2.1348346774119730e+02
1.8296701221116493e+02
1.5249999999640531e+02
1.2199999999827952e+02
9.1494542628310953e+01
6.0999999998757389e+01
3.0500001320779159e+01
-5.4547289294840096e-03
-3.0500000001381725e+01
-6.1000001322989931e+01
-9.1505460016920722e+01
-1.2201637740770906e+02
-1.5250035639442657e+02
-1.8300302677106845e+02
-2.1350000513413556e+02
-2.4400717253209501e+02
-2.7450097134337676e+02
-3.0500012060975558e+02
-2.7449999994927623e+02
-2.4400533532381883e+02
-2.1351612541100170e+02
-1.8303236888837546e+02
-1.5250000000376841e+02
-1.2200000000139289e+02
-9.1505456047926856e+01
-6.1000000000950656e+01
-3.0500001325964419e+01
-5.4586988906245512e-03
3.0499999998936065e+01
6.1000001324243009e+01
9.1494546600753154e+01
1.2198363715123841e+02
1.5250014022267939e+02
1.8300268374554355e+02
2.1350000398573829e+02
2.4400597588998571e+02
2.7450074160372463e+02
3.0500007912033584e+02
2.7450000005136542e+02
2.4399446360679167e+02
2.1348346846181943e+02
1.8296701329231249e+02
1.5249999999645914e+02
1.2199999999880251e+02
9.1494542628740930e+01
6.0999999999066389e+01
3.0500001321181461e+01
-5.4547287824186627e-03
-3.0500000001014762e+01
-6.1000001322445129e+01
-9.1505460016136624e+01
-1.2201637740642238e+02
-1.5250035612772754e+02
-1.8300302622745266e+02
-2.1350000513552627e+02
-2.4400717333555932e+02
-2.7450097145465793e+02
-3.0500012062290102e+02
-2.7449999994923184e+02
-2.4400533531121405e+02
-2.1351612538555193e+02
-1.8303236885007789e+02
-1.5250000000397262e+02
-1.2200000000179267e+02
-9.1505456048446689e+01
-6.1000000001218950e+01
-3.0500001325992159e+01
-5.4586988373247786e-03
3.0499999998659504e+01
6.1000001323637250e+01
9.1494546599961126e+01
1.2198363714980010e+02
1.5250014023145707e+02
1.8300268375824186e+02
2.1350000398553880e+02
2.4400597587138492e+02
2.7450074160117288e+02
3.0500007912006953e+02
2.7450000005114180e+02
2.4399446360601246e+02
2.1348346846108728e+02
1.8296701329127376e+02
1.5249999999614352e+02
1.2199999999776323e+02
9.1494542627776681e+01
6.0999999998548141e+01
3.0500001320720809e+01
-5.4547287210496192e-03
-3.0500000001538808e+01
-6.1000001323402202e+01
-9.1505460017762786e+01
-1.2201637740910928e+02
-1.5250035612749468e+02
-1.8300302622741208e+02
-2.1350000513563265e+02
-2.4400717333604871e+02
-2.7450097145512615e+02
-3.0500012062335577e+02
-2.7449999994941402e+02
-2.4400533531122062e+02
-2.1351612538524085e+02
-1.8303236884961944e+02
-1.5250000000443981e+02
-1.2200000000203475e+02
-9.1505456048321335e+01
-6.1000000001592568e+01
-3.0500001326770736e+01
-5.4587002760631987e-03
3.0499999998347317e+01
6.1000001324352304e+01
9.1494546601361151e+01
1.2198363715235536e+02
1.5250014023079015e+02
1.8300268375813343e+02
2.1350000398512387e+02
2.4400597587120552e+02
2.7450074160126644e+02
3.0500007911992549e+02
2.7450000005112980e+02
2.4399446360654224e+02
2.1348346846164881e+02
1.8296701329227471e+02
1.5249999999635170e+02
1.2199999999829102e+02
9.1494542627954502e+01
6.0999999998637882e+01
3.0500001321180370e+01
-5.4547278859507775e-03
-3.0500000000971212e+01
-6.1000001323027206e+01
-9.1505460017556416e+01
-1.2201637740874642e+02
-1.5250035612724884e+02
-1.8300302622679655e+02
-2.1350000513475902e+02
-2.4400717333539879e+02
-2.7450097145436609e+02
-3.0500012062259299e+02
-2.7449999994838043e+02
-2.4400533531031058e+02
-2.1351612538454998e+02
-1.8303236884898240e+02
-1.5250000000351284e+02
-1.2200000000141745e+02
-9.1505456047863476e+01
-6.1000000000700766e+01
-3.0500001325484199e+01
-5.4586987868313185e-03
