0.0000000000000000e+00
2.7106232324703843e+01
5.4217985945181852e+01
8.1327363232201080e+01
1.0843436499272205e+02
1.3553899205484979e+02
1.6265395783490627e+02
1.8976654535674697e+02
2.1397658218431081e+02
2.3889395430260629e+02
2.6479504659960128e+02
2.3805568769378237e+02
2.1140815488544715e+02
1.8489320049432803e+02
1.5858646196740983e+02
1.3259928304258264e+02
1.0716690053297648e+02
8.2806862003069128e+01
6.0818503804863248e+01
4.4842223905399393e+01
4.2337239390939445e+01
5.5173610304941548e+01
7.5927995626073084e+01
9.9780070678644734e+01
1.2497007579233150e+02
1.4432228117661160e+02
1.6291456398412990e+02
1.8660121223994872e+02
2.1213273641098291e+02
2.3824740289375035e+02
2.6454802575204383e+02
2.3788056466884348e+02
2.1132752794490619e+02
1.8493716325081755e+02
1.5878938086492883e+02
1.3300707828937539e+02
1.0789485775842465e+02
8.4034165131709344e+01
6.2861118698442340e+01
4.8076217723407119e+01
4.6268367177916865e+01
5.8654178148627039e+01
7.8800381921701600e+01
1.0221515617881104e+02
1.2710326642166059e+02
1.4515304663928782e+02
1.6325808864402876e+02
1.8671495471636928e+02
2.1217144109417359e+02
2.3826206958188138e+02
2.6455412506043547e+02
2.3788449388598519e+02
2.1132462964285196e+02
1.8492287957649319e+02
1.5875936462185018e+02
1.3299435914303490e+02
1.0787309139915476e+02
8.3995681789666961e+01
6.2802845590539917e+01
4.7986317913263754e+01
4.6164151487076794e+01
5.8558093065008478e+01
7.8720547922559874e+01
1.0215252646164311e+02
1.2705935244843199e+02
1.4513096712345072e+02
1.6324867332329231e+02
1.8671187018335431e+02
2.1216946251824399e+02
2.3826137555063889e+02
2.6455385791873664e+02
2.3788438251904131e+02
2.1132882019953212e+02
1.8493520352364825e+02
1.5878309352259748e+02
1.3299471634258811e+02
1.0787370326353359e+02
8.3999408435257621e+01
6.2804485663536845e+01
4.7988849864563299e+01
4.6163762684014891e+01
5.8560799732017244e+01
7.8722796362304948e+01
1.0214911067560921e+02
1.2704513975384239e+02
1.4513166312678408e+02
1.6324911300844781e+02
1.8671196940417633e+02
2.1217045115565787e+02
2.3826169423807627e+02
2.6455396891621808e+02
2.3788439152553059e+02
2.1132459472247442e+02
1.8492293150484110e+02
1.5875953215116317e+02
1.3299468742068166e+02
1.0787365373867941e+02
8.3996606457390726e+01
6.2804352925127915e+01
4.7988644943254691e+01
4.6166938746661152e+01
5.8560580676474103e+01
7.8722614384609216e+01
1.0215428540652246e+02
1.2706090048714675e+02
1.4513153752578651e+02
1.6324891267159239e+02
1.8671194977382223e+02
2.1216948884820351e+02
2.3826138553849501e+02
2.6455386207692254e+02
2.3788438524815399e+02
2.1132882113671332e+02
1.8493520215338168e+02
1.5878308908134252e+02
1.3299470758808280e+02
1.0787368826769935e+02
8.3999383781603157e+01
6.2804445468986145e+01
4.7988787813152747e+01
4.6163688361284649e+01
5.8560733398818087e+01
7.8722741258604586e+01
1.0214906377149549e+02
1.2704509847398968e+02
1.4513164791937567e+02
1.6324910662777827e+02
1.8671196728215384e+02
2.1217045045189167e+02
2.3826169397117025e+02
2.6455396880515093e+02
2.3788439145261293e+02
2.1132459469749028e+02
1.8492293154159947e+02
1.5875953226984376e+02
1.3299468765408491e+02
1.0787365413828573e+02
8.3996607114455358e+01
6.2804353996698467e+01
4.7988646597736391e+01
4.6166940728201936e+01
5.8560582445445391e+01
7.8722615854621196e+01
1.0215428665834331e+02
1.2706090158965986e+02
1.4513153793144198e+02
1.6324891284189980e+02
1.8671194983056461e+02
2.1216948886707016e+02
2.3826138554573743e+02
2.6455386208001801e+02
2.3788438525009184e+02
2.1132882113726095e+02
1.8493520215203080e+02
1.5878308907780698e+02
1.3299470758180851e+02
1.0787368825696902e+02
8.3999383764025254e+01
6.2804445440260054e+01
4.7988787768713010e+01
4.6163688308096042e+01
5.8560733351806761e+01
7.8722741219834660e+01
1.0214906373883551e+02
1.2704509844568065e+02
1.4513164790849538e+02
1.6324910662322441e+02
1.8671196728061821e+02
2.1217045045135998e+02
2.3826169397096365e+02
2.6455396880507129e+02
2.3788439145275953e+02
2.1132459469774869e+02
1.8492293154183119e+02
1.5875953227040830e+02
1.3299468765449842e+02
1.0787365413886634e+02
8.3996607115286750e+01
6.2804353997736584e+01
4.7988646599456388e+01
4.6166940729992099e+01
5.8560582446485078e+01
7.8722615855218379e+01
1.0215428665882646e+02
1.2706090159004773e+02
1.4513153793165827e+02
1.6324891284194814e+02
1.8671194983050941e+02
2.1216948886699646e+02
2.3826138554568155e+02
2.6455386207996315e+02
2.3788438525000294e+02
2.1132882113704753e+02
1.8493520215189795e+02
1.5878308907757889e+02
1.3299470758156957e+02
1.0787368825685878e+02
8.3999383764012748e+01
6.2804445440062487e+01
4.7988787768670868e+01
4.6163688308583048e+01
