0.0000000000000000e+00
-1.5482662569864393e-03
2.2369047164549742e-10
-1.5491443207725111e-03
-6.1952210534727947e-03
-1.3937750583980642e-02
1.9723342036372629e-09
1.0839863894626078e-02
1.9583922286340628e-02
1.6091637546897090e-04
3.8681973146889558e-03
5.7653592586699538e-08
-6.9650726171382460e-03
-1.7027672781804084e-02
2.5277619215529578e-09
1.3931221894816548e-02
1.5273253482473351e-09
1.0923636102638041e-09
-3.0972906341008690e-03
7.5856784695808087e-10
4.7991095989207138e-07
-3.0963322865029063e-03
5.0601101289147305e-10
-4.7890709489826964e-07
-3.0982501361662982e-03
-1.6131393963998861e-02
-1.3119835736651434e-02
-7.9595357904820153e-06
-1.0619537528393331e-02
-1.4933953544054191e-03
-2.4430270751430236e-04
5.4746905951356734e-08
-2.8523714106960959e-03
-8.8011022798805821e-03
-1.7845658881756567e-02
3.9451208319382801e-09
1.2537160883341977e-09
-3.0968138764795928e-03
2.4857311450952442e-10
-4.7692814949671100e-07
-3.0977659873692239e-03
5.0530235941491059e-11
4.7487091767551212e-07
-3.0958630207933739e-03
-9.2885340440810368e-03
2.2775585567591631e-02
1.0504916095292773e-02
8.9978009098317570e-06
1.0230063380327789e-02
1.1702600175175278e-03
1.2157268120338579e-04
5.7219505942570419e-08
-3.2187414016443148e-03
-9.5353024604690924e-03
-1.8950105547121537e-02
2.6271877231765622e-09
-1.1548905233773839e-10
-3.0972941724025666e-03
-5.7513344542624203e-10
4.8094506801543943e-07
-3.0963289296597751e-03
-5.9465288365616056e-10
-4.8464858788546659e-07
-3.0982603042737505e-03
-9.2938071956724291e-03
-2.2911462310420967e-02
-1.1164442850400615e-02
-1.1322702472776289e-05
-1.2554808733616037e-02
-1.7445029401517427e-03
-2.7751999815079265e-04
5.3616617698658831e-08
-2.8191526687743641e-03
-8.7346605037732488e-03
-1.7745991216276340e-02
2.9898846291215013e-09
3.7974536329578883e-10
-3.0968147015299459e-03
-1.8420482440570768e-10
-4.7699201871202119e-07
-3.0977657278368760e-03
-2.4201153240558548e-10
4.7364710904244477e-07
-3.0958647473718678e-03
-9.2885364185904193e-03
2.2562756433811317e-02
1.0557795612798786e-02
8.9122338560198104e-06
1.0182900250161421e-02
1.1648802973103518e-03
1.2100881021510392e-04
5.6796059478827391e-08
-3.2181777179997669e-03
-9.5341751678279900e-03
-1.8948414676348366e-02
3.1251225978107173e-09
4.9623649563228490e-10
-3.0972937420494420e-03
-2.9458790031154255e-10
4.8136880383636073e-07
-3.0963287207974336e-03
-4.4452974906230851e-10
-4.8473549904062880e-07
-3.0982603967594571e-03
-9.2938071836165918e-03
-2.2917189289641610e-02
-1.1162939974806330e-02
-1.1325674604135859e-05
-1.2556262070375954e-02
-1.7446912540432786e-03
-2.7754450486397393e-04
5.3844111320476194e-08
-2.8191283490560499e-03
-8.7346117682895550e-03
-1.7745918142484204e-02
2.7466960786296260e-09
1.2769604161303034e-10
-3.0968149254374075e-03
-3.1585573734319641e-10
-4.7716040243067051e-07
-3.0977659406984355e-03
-3.1726651931544165e-10
4.7355881496421503e-07
-3.0958645137326058e-03
-9.2885363844528064e-03
2.2562606065775617e-02
1.0557832878639537e-02
8.9120681657077691e-06
1.0182866583819178e-02
1.1648764023978527e-03
1.2100846497358554e-04
5.6744929250640897e-08
-3.2181781587635231e-03
-9.5341754003571092e-03
-1.8948414740782352e-02
2.8450109411887689e-09
-2.6300508750634834e-10
-3.0972942528782977e-03
-5.4621315774877506e-10
4.8102751129635034e-07
-3.0963288381827825e-03
-6.0027385998422604e-10
-4.8473641311360972e-07
-3.0982604356196235e-03
-9.2938076404796566e-03
-2.2917193231473086e-02
-1.1162939120485750e-02
-1.1325604404081526e-05
-1.2556262857845195e-02
-1.7446916195603525e-03
-2.7754480861815422e-04
5.3660106333913953e-08
-2.8191284809945720e-03
-8.7346118859623727e-03
-1.7745918136541042e-02
2.2263370355039785e-09
-2.0004577906245627e-10
-3.0968149329240473e-03
-8.4931208797692409e-10
-4.7818387721841792e-07
-3.0977675601787376e-03
-8.7551629551217176e-10
4.7391776554112095e-07
-3.0958636421414328e-03
-9.2885345314237359e-03
2.2562605318133817e-02
1.0557832837352930e-02
8.9116774084201071e-06
1.0182866426931765e-02
1.1648765108728824e-03
1.2100831964668167e-04
5.6502191757174097e-08
-3.2181779474628812e-03
-9.5341750783467950e-03
-1.8948414296804682e-02
2.7757046335252986e-09
-9.3810255367047369e-11
-3.0972944844944268e-03
-7.6340706056764482e-10
4.8080575717849265e-07
-3.0963286219055277e-03
-4.1375061657676449e-10
-4.8450670823811373e-07
-3.0982601637177904e-03
-9.2938069895369697e-03
-2.2917193043874740e-02
-1.1162938571063043e-02
-1.1324826728174916e-05
-1.2556262305238517e-02
-1.7446909259749589e-03
-2.7754410803329554e-04
5.4592702404140954e-08
-2.8191278193804093e-03
-8.7346113416886112e-03
-1.7745917738722170e-02
2.8681683513597045e-09
2.8568512001262541e-10
-3.0968144678420262e-03
-2.6599616515959208e-10
-4.7749510507184492e-07
-3.0977669323608709e-03
