0.0000000000000000e+00
-4.7942621252678565e-12
-4.4397303185606602e-11
-5.7697582439383031e-11
-8.7519769500642869e-12
-1.2017267870437066e-13
-2.6137567555861947e-11
-6.5867440432176987e-11
-4.2020905335034416e-12
-3.7211922610924767e-11
-2.5580425725953629e-11
-9.1706578926177208e-12
-5.8903418384220916e-11
-5.9533391768691589e-11
2.9113045560813944e-11
-6.4068683803472449e-12
-5.2367649741837554e-11
-3.6568019881853325e-11
1.8468826188023316e-11
-4.2691482367490115e-11
-1.3416785993242063e-10
-1.2944692493721082e-10
-5.6678434066308012e-11
4.3146951957921625e-11
1.2664515107876090e-10
-1.1122953072965288e-10
-7.1891433988831327e-11
-3.4778500512828594e-11
-1.2457017997543943e-11
1.9521330777816470e-11
-4.5506064567238933e-11
-2.5111979301527537e-11
-3.0030093625261199e-11
-1.0526710131661185e-10
-1.0676865614861041e-10
-1.1082726628978046e-11
-1.3348537364748472e-12
-3.2545902064217921e-11
3.5778295258319790e-11
-1.3106339231769122e-11
1.2777476425977186e-10
7.0193253067697136e-11
-4.2824404744554856e-11
9.2387339671792985e-12
-1.0813679220310996e-10
4.0709846087654122e-11
5.0371309356045282e-12
1.5745485547471451e-11
2.4325917242840489e-11
6.1680890481085846e-12
-3.8170845982441902e-11
-3.5075486442746641e-11
-8.3710651806183782e-12
-5.0455717059631188e-11
2.6842678201659605e-11
-2.2299881128955314e-11
-4.4727121276091416e-11
-4.5391064523635699e-11
3.6174188968957525e-11
1.6564692540652452e-10
1.9582786903281939e-10
3.2418344206202042e-11
-1.1866925409522476e-10
-3.1847563634281395e-10
-4.6988671930866239e-10
-8.4226050957742345e-13
-7.8706316617234730e-12
6.5825897163099527e-12
-2.4126019955914748e-11
-3.0656415474879006e-11
3.2517297667953843e-12
2.8161149406765172e-11
5.9775548534055273e-12
2.4340921222202509e-11
7.7106494300968617e-12
4.0770574801144929e-11
5.3992289306454572e-12
-5.6255638731854836e-11
-4.2949798915777489e-11
7.3982074053753461e-11
1.6010273194982818e-10
-2.4436642286894120e-11
-1.2560826945631108e-10
-3.4453739797021673e-10
-5.2250000298999446e-10
-7.6643387953903128e-12
3.4476806455460423e-11
2.1395693586155782e-11
-1.7785409931834428e-11
-3.5972273974856185e-11
-2.1519672018385109e-11
1.7708752008460329e-11
1.3617855429475117e-10
1.2314475418342853e-10
1.9301436534592033e-10
4.8831885620621138e-11
-4.9368064878660651e-11
-1.3071763809796166e-10
-2.7463251027783592e-12
1.0870068506238888e-10
2.3476170066737692e-10
7.2135659955150511e-11
-1.6550481207230826e-10
-3.7928700778295868e-10
-5.6480561386510949e-10
-4.5372215056924140e-11
1.7712274566015062e-11
6.4031971744225358e-12
-9.8066856220504032e-12
3.5623384753663822e-11
-2.1827389085415318e-11
-1.0074915754131377e-11
-7.6427716715091993e-11
-8.6192687009155386e-11
-3.1596430628596920e-11
-1.5499255979494336e-11
1.4488394183383290e-12
2.9911545144099726e-11
-2.7071128197398558e-11
-5.8899853239296576e-11
-8.0113983108768315e-12
-8.4663800179831551e-11
-9.4774055808595978e-11
-7.4855956149532288e-11
-1.0469100529815666e-10
3.9901783747964505e-11
9.2125751231383613e-12
-1.5248034823837236e-12
4.5295737662138214e-12
1.4054573745590990e-11
-6.2847158509114786e-12
-4.5408179602936085e-12
1.5799897653149565e-11
-6.7292858919132636e-11
-7.3050719402008748e-11
-2.3100114688338529e-11
-1.1302160892851932e-10
-1.0217233961075941e-11
-1.9346293653169204e-11
6.5278489293307576e-11
7.0114578354286404e-11
-2.2916039194494277e-12
-7.0736382418248882e-11
-1.7163513170082417e-10
-2.3609205774363568e-10
-5.5612342300198795e-11
-2.4877538125325827e-11
-1.3958429579005191e-12
-1.1690598522421610e-11
-2.2000646483637395e-11
-2.8058330035801375e-11
1.8883028259809337e-11
2.6555358653031957e-11
9.4345661793081848e-11
1.4850730034167670e-10
4.7274290247388619e-11
1.6841454013562944e-11
5.2176349596070233e-12
2.2958626987994307e-11
-6.0416349495443320e-11
-7.2852028775491331e-11
-3.1006355759935689e-11
-3.1363324285687124e-11
1.1587157402080598e-11
3.9454486826281695e-11
-7.0954795907627139e-11
-1.0475016301434928e-11
-3.7252329780880917e-11
-3.5568812949236895e-12
-1.6609872939248530e-11
-4.5165545415685533e-11
-3.6509039804652994e-11
-1.8633927446688339e-11
5.6869565780421250e-11
3.1966065557219690e-11
-3.0245144057593892e-11
-4.3386598585997945e-11
-4.1189169035943357e-11
-2.5586244566118103e-11
-8.0337305605595256e-11
-1.3093174484185431e-10
8.4441597467484698e-13
6.6134132268275600e-11
2.3558598522878752e-10
3.7916458839839091e-10
-3.0273822644249548e-11
-1.7121872025748384e-11
-2.7539906512716872e-11
5.4121234951582229e-12
-4.8572867212899624e-12
-1.1926672020023854e-11
-5.3373465163588759e-11
-1.2293549895923316e-10
-1.6155616582356970e-10
-1.4921908023052874e-10
-2.0102111880004894e-11
4.0703152333808125e-11
1.7760055669759543e-13
-2.6623423530565643e-12
-1.2777548797366674e-11
-1.0557129206492027e-10
