0.0000000000000000e+00
3.5419977491288839e-12
-2.4120601364856318e-11
-5.0833007407917745e-11
2.3253239728782573e-11
-7.7811170075032937e-12
3.9847744085392401e-11
-4.1141067002455681e-11
-1.3899763344726225e-11
-5.0406763501384362e-12
-8.9739257810959603e-12
-2.4938649808557283e-11
-1.1864897514815571e-10
-1.2189281063325079e-10
-1.4272155285990507e-11
9.9593919077676004e-11
5.6520594935248415e-11
-1.8820825058547311e-11
-5.2979409614749757e-11
-1.1737464750776575e-12
-5.5165867005717439e-12
2.1071619875664611e-11
-2.3070405708534425e-11
-5.1564513622578601e-12
-6.7846952225726269e-11
-5.3670920845906394e-11
2.8744854342747602e-13
-3.7061580299843259e-11
3.5203692088176992e-11
-1.5507421815647522e-11
-6.0803240834926823e-13
3.2894691809774958e-11
-6.4196633087544799e-11
-4.0398572476121878e-11
-1.3022283055735569e-11
1.4751033820159639e-11
-2.9299995164856814e-11
-8.9087972571489888e-11
3.4210932595697988e-11
4.7691811092022509e-11
1.3213002056249129e-10
-2.3069119682597170e-11
-5.7892758993817022e-11
-2.0447439191742452e-10
-3.2540109587998746e-10
4.4425965753584698e-11
-1.5709884128174264e-11
-1.2468030945661141e-11
-5.6896068605957008e-12
1.3287097243103202e-11
-1.2420517136066607e-11
-1.0271205665842617e-11
-6.1678802218995467e-11
-1.4444727077095119e-10
-1.9393233067310854e-10
2.6753328971214681e-11
6.1385705291199580e-11
2.6144968405118053e-11
7.0982822891346600e-11
4.7518004439724541e-11
3.4217116301871178e-11
1.2512597416395349e-11
5.1423766841413242e-11
6.2168809917464980e-11
8.3802633587968224e-11
1.5928830040496388e-11
2.0506957146067446e-11
5.5737507739584016e-11
-1.3531140569886121e-11
6.4569021689197826e-11
1.2416388576714323e-11
6.5152528443671312e-11
1.8271366012427947e-10
1.5411236644966826e-10
2.0194277892516051e-10
7.2205245487790918e-11
1.8074094601464094e-11
-1.5230729222651258e-11
6.4575904933186172e-11
5.5592290237892455e-11
1.5558452932271264e-10
5.0292282856370072e-11
2.5629609734907413e-11
-8.1105476683081696e-11
-1.3989172234834795e-10
6.3057342573531808e-11
4.5424276103015868e-11
7.3371511209284903e-11
-1.3654815790504109e-11
3.9896977717993643e-11
2.5754579513729636e-11
4.6862273415617972e-11
1.7897700654695902e-10
2.3208924212329004e-10
3.1093844754571132e-10
7.5344763139888790e-11
4.0169469945855148e-11
3.4450518530243875e-11
5.3051862671082063e-11
1.3917964732261855e-10
1.5454731135597498e-10
9.3649044749197616e-11
-7.9116125924371439e-11
-1.7800084065400790e-10
-1.9432220622440997e-10
-7.3927830760381340e-12
3.6690560914620478e-11
2.6189367887884404e-11
4.6174994542871270e-11
8.8131317540236584e-11
5.4854812891181272e-11
3.2510446532798599e-11
1.3004200307376697e-11
-1.6246149497916825e-10
-1.7761382098320882e-10
3.5220922416842333e-11
1.1540787674149492e-10
1.3417913103150526e-10
1.7617803456760014e-10
6.1129744600090422e-11
2.1647210757139856e-11
1.0449263427466516e-10
2.2697661718413654e-10
3.4670486988501076e-10
5.2496190683811353e-10
1.6429349754771245e-10
7.6264416187652455e-11
9.1971883032214369e-11
6.9182385746069118e-11
7.4450468122419303e-11
1.2187756906778428e-10
7.1824645781223275e-11
1.7131382190278944e-11
-2.3377316611191954e-11
-1.1555791733179403e-10
1.0707139804123625e-10
4.0142159691575288e-11
5.2637699779919126e-11
9.2477655806856498e-11
1.2556751292414541e-10
1.7775693226782775e-10
9.4858052227722909e-11
1.1901394741836611e-11
-4.3065661014303997e-11
-1.9039915094152047e-10
4.3608731020727630e-11
1.2576175158274823e-11
4.8480156240562795e-11
4.3897533635851258e-11
2.6704792670793021e-11
4.7867773044381670e-11
1.2015037484366401e-10
1.3960403957353943e-10
2.0564575679160168e-10
2.7011622804989048e-10
4.8854585261430738e-11
4.8942632444581786e-11
4.1718760203035082e-11
1.7682396487335481e-11
-6.7442131328727738e-11
-1.4741538028381155e-10
-9.4140686866567812e-12
2.2927923121217266e-10
4.1233805828583934e-10
6.4816184833379482e-10
3.1734937056457206e-11
1.0604462319317221e-10
7.5948503912937052e-11
2.3493266586590038e-11
4.7090588281510868e-11
4.3706394674019918e-11
8.4154122887240532e-11
1.1548002004973057e-10
1.2704071133762735e-10
1.0513657558684731e-10
1.0860295935640218e-10
3.0047793075735437e-11
-5.4896292161266348e-11
8.6071732166821377e-11
2.4694132726331969e-10
4.3780726011740139e-10
1.3252424341199845e-10
-2.6005284792252222e-10
-5.6673496149241398e-10
-9.2041155359912706e-10
8.5823390787595871e-11
7.6708633706481279e-11
9.2074734283648443e-11
7.5452411644489888e-11
5.8466902585106156e-11
8.0436630712791643e-11
2.5989513673933509e-11
5.8006842426259115e-11
9.1285345091523473e-11
1.6067000176784619e-10
5.7597352888221556e-11
7.0221846952298644e-11
7.9680949761391683e-11
1.4357685999633286e-10
1.7466708920072382e-10
2.2810609172523781e-10
