0.0000000000000000e+00
9.6064948991582894e-12
-1.5543530935111851e-11
-2.0957439439882736e-11
2.1372647729309759e-11
-3.3905260973609436e-11
2.9445110897780006e-11
-3.7304810287745320e-12
-1.8520439176617154e-11
1.8087392632443749e-11
-8.6762485330081272e-12
-3.6550588517312181e-12
-1.1131723562692083e-10
-8.9256795806033173e-11
-5.9216204918612113e-11
2.1031737103352261e-11
7.3101769591806495e-13
1.4652819230575920e-12
2.2887329450672142e-11
1.0894404193015718e-11
-7.4207755204106052e-11
-4.7500326092434698e-11
-4.6337365325867184e-11
-2.8819511271845686e-11
-9.2183473396801015e-11
-1.4697001518224666e-11
-5.1617202763950467e-11
-5.6736950912123641e-11
2.4067638274426045e-11
-2.4493389621092404e-11
-4.0451256218520187e-11
1.7475040545845371e-11
4.5018162285821839e-11
7.4434919816109651e-11
1.6933980741668115e-10
-6.7638560827674796e-11
-5.5820017370776618e-11
-7.7483262244823524e-11
-5.4146856980450682e-11
-1.1941088646782214e-10
-1.4759579319235326e-10
-2.6012209423361472e-11
2.4876990472616044e-11
1.6835817300852203e-10
3.0760644805139098e-10
-2.9735786749092232e-11
-2.8466642962419524e-11
-3.8153998497923353e-11
-4.7911395550505652e-11
-4.3908809586821919e-11
-2.9699315015600837e-11
2.8779071996197807e-11
-1.0082863012803226e-10
-9.5536812347885510e-11
-1.5102292392979849e-10
2.0672579308181318e-12
4.4984611136482851e-11
-1.8587152494221305e-11
3.5408922451777159e-11
4.5774409327440389e-11
3.9091931530891866e-11
4.1061374946464752e-11
-6.2190095724339564e-11
-7.1887010931648732e-11
-1.3360427257491221e-10
-4.9765560270048429e-11
-2.1353887097147804e-11
8.7546975511784590e-12
-6.2703129913229597e-12
-3.2553070919115057e-11
-6.1019831152303427e-11
-1.2890653394054658e-11
8.2301715980959005e-12
3.5920197869545018e-11
7.7338114017736909e-11
-3.5655591401341904e-11
-1.3879918049420351e-11
-1.3873719424591478e-11
-8.5994036872811807e-11
-1.4954150516337256e-10
-2.1975035720180765e-10
-1.0025041377438047e-10
7.2386290778642868e-11
1.1006981501058316e-10
2.6745807159216160e-10
-8.0751774316524004e-11
-7.7307641397446640e-11
-5.7600219745832114e-11
-7.6481937029980067e-11
-1.5443494506525768e-11
-8.1348794331087594e-11
-1.6484736040242474e-11
2.7703906018713425e-11
4.6511950007268879e-11
1.3928063356638332e-10
-3.3967253544168641e-11
2.1390803790067695e-11
1.2224423778222955e-11
-4.6375421313351273e-11
-1.0366674690934994e-10
-2.7936461378604228e-10
-4.4863127160138261e-12
2.0228107981324100e-10
4.3515859293916328e-10
6.6896867992956374e-10
-2.1673495976046310e-11
2.7647336749888530e-12
-1.1692660273888244e-11
-2.9745364280273025e-11
8.2477099408965302e-12
-2.0457968194758605e-11
-5.2934516193849900e-11
-1.3830492739637584e-11
-5.6448581857957668e-11
-6.4206025275406919e-11
5.4115670242788888e-11
-4.2590088337647692e-11
-8.5556996461785239e-12
6.3830037937494404e-11
5.4820288055922201e-11
7.9071021392227959e-11
-1.3682307354012248e-11
-1.1137638789088157e-10
-2.2662753379985988e-10
-2.9940960214793822e-10
-3.7940257584987422e-11
-4.8223077309085725e-11
1.0915701285429510e-11
8.8657440030498323e-12
-3.0579612182662987e-11
-7.2131143527597070e-12
-7.2829851399077571e-11
-1.6459098211397720e-10
-2.5108701035002657e-10
-2.9094219651017479e-10
-1.5087878137720605e-11
-1.2045485568605587e-10
-1.2827257927145422e-10
2.2940649300215494e-11
-6.0235686995597695e-12
1.1106765942120989e-10
-1.9400755671568331e-11
-1.9026281775078062e-10
-2.5408434947138853e-10
-3.4233572619760942e-10
-4.7320289659519965e-11
-5.5234966364321836e-11
-6.9187769782035609e-11
-6.5366948115610057e-11
-1.9995746628082985e-11
-2.1408949056312615e-11
-1.2389181604270481e-10
-8.7432070413730495e-11
-8.1777124889995488e-11
-5.4046886400126451e-11
-3.5689544060894462e-11
-1.0951160879412796e-10
-3.9318698147083845e-11
-6.6414949543516483e-11
-1.0936126302025265e-10
-8.4176775647840779e-11
-9.8096733564917064e-11
6.3888022139027510e-11
9.9630245171245802e-11
2.2610161793351641e-10
-7.8221638799393953e-11
3.5777573406389472e-12
-2.2910348484205787e-12
-4.9389785630639832e-11
-3.3081491774839582e-11
7.5605890971454951e-12
-1.1874499856266633e-11
-1.0454829292110672e-12
-1.3048383186350741e-10
-1.4311565996275128e-10
1.2991812727720019e-11
-7.7616679455464581e-11
-1.2157830938792362e-10
1.6761908328357761e-12
7.6034382428401975e-11
2.0977781992418676e-10
3.4947130015566709e-11
-2.8033938442365652e-10
-5.7037495311042864e-10
-8.3599795873475417e-10
-9.6363289137367030e-13
-5.5264948951616447e-11
-1.1593258374778288e-11
-7.2880995839367921e-12
-5.8927342042129007e-11
-3.4541801645917640e-11
3.9365806005851125e-12
4.6951830641063773e-11
3.6390171022262033e-11
1.4476983627104040e-10
5.7177897192497870e-11
-5.1636683274539010e-12
-1.3539956953716411e-10
2.6087032669083078e-11
8.8808378111877996e-11
1.7165938142263082e-10
