0.0000000000000000e+00
0.0000000000000000e+00
0.0000000000000000e+00
0.0000000000000000e+00
0.0000000000000000e+00
0.0000000000000000e+00
0.0000000000000000e+00
7.1999999964938857e+00
2.3466666657779406e+01
3.9733333146187178e+01
5.5999999812841693e+01
5.5999999812841693e+01
5.5999999812841700e+01
5.5999999812841700e+01
5.5999999812841700e+01
5.5999999812841715e+01
5.5999999812841715e+01
5.5999999812841715e+01
5.5999999812841715e+01
5.5999999812841715e+01
5.5999999812841715e+01
5.5999999812841715e+01
5.5999999812841715e+01
5.5999999812841715e+01
5.5999999812841715e+01
4.7733333252407959e+01
3.1466666586588257e+01
1.5199999737133702e+01
-1.0666669295495224e+00
-1.7333333596201630e+01
-3.3600000262861514e+01
-3.3600000262861514e+01
-3.3600000262861514e+01
-3.3600000262861514e+01
-3.3600000262861514e+01
-3.3600000262861514e+01
-3.3600000262861514e+01
-3.3600000262861514e+01
-3.3600000262861514e+01
-3.3600000262861514e+01
-3.3600000262861514e+01
-3.3600000262861514e+01
-3.3600000262861514e+01
-3.3600000262861514e+01
-3.3600000262861514e+01
-3.3600000262861514e+01
-3.3600000262861514e+01
-2.8641030062542072e+01
-1.2373333385049165e+01
3.8933331420803983e+00
2.0159999782550852e+01
2.0159999782550834e+01
2.0159999782550813e+01
2.0159999782550827e+01
2.0159999782550859e+01
2.0159999782550898e+01
2.0159999782550873e+01
2.0159999782550873e+01
2.0159999782550884e+01
2.0159999782550866e+01
2.0159999782550855e+01
2.0159999782550862e+01
2.0159999782550813e+01
2.0159999782550834e+01
2.0159999782550855e+01
2.0159999782550852e+01
2.0159999782550898e+01
2.0159999782550887e+01
2.0159999782550912e+01
2.0159999782550948e+01
2.0159999782550951e+01
2.0159999782550987e+01
2.0159999782550976e+01
2.0159999782550972e+01
2.0159999782550951e+01
2.0159999782550976e+01
2.0159999782551004e+01
2.0159999782551047e+01
2.0159999782551051e+01
2.0159999782551083e+01
2.0159999782551093e+01
2.0159999782551118e+01
2.0159999782551147e+01
2.0159999782551139e+01
2.0159999782551118e+01
2.0159999782551132e+01
2.0159999782551125e+01
2.0159999782551182e+01
2.0159999782551207e+01
2.0159999782551264e+01
2.0159999782551274e+01
2.0159999782551299e+01
2.0159999782551306e+01
2.0159999782551342e+01
2.0159999782551331e+01
2.0159999782551331e+01
2.0159999782551356e+01
2.0159999782551385e+01
2.0159999782551367e+01
2.0159999782551395e+01
2.0159999782551402e+01
2.0159999782551431e+01
2.0159999782551431e+01
2.0159999782551417e+01
2.0159999782551498e+01
2.0159999782551470e+01
2.0159999782551498e+01
2.0159999782551520e+01
2.0159999782551516e+01
2.0159999782551523e+01
2.0159999782551562e+01
2.0159999782551555e+01
2.0159999782551530e+01
2.0159999782551605e+01
2.0159999782551580e+01
2.0159999782551576e+01
2.0159999782551655e+01
2.0159999782551701e+01
2.0159999782551694e+01
2.0159999782551669e+01
2.0159999782551690e+01
2.0159999782551740e+01
2.0159999782551726e+01
2.0159999782551765e+01
2.0159999782551772e+01
2.0159999782551761e+01
2.0159999782551800e+01
2.0159999782551832e+01
2.0159999782551857e+01
2.0159999782551850e+01
2.0159999782551839e+01
2.0159999782551864e+01
2.0159999782551900e+01
2.0159999782551939e+01
2.0159999782551978e+01
2.0159999782552006e+01
2.0159999782552049e+01
2.0159999782552088e+01
2.0159999782552134e+01
2.0159999782552113e+01
2.0159999782552120e+01
2.0159999782552156e+01
2.0159999782552159e+01
2.0159999782552152e+01
2.0159999782552127e+01
2.0159999782552120e+01
2.0159999782552148e+01
2.0159999782552145e+01
2.0159999782552180e+01
2.0159999782552202e+01
2.0159999782552230e+01
2.0159999782552248e+01
2.0159999782552308e+01
2.0159999782552291e+01
2.0159999782552287e+01
2.0159999782552315e+01
2.0159999782552323e+01
2.0159999782552347e+01
2.0159999782552386e+01
2.0159999782552379e+01
2.0159999782552397e+01
2.0159999782552397e+01
2.0159999782552422e+01
2.0159999782552433e+01
2.0159999782552443e+01
2.0159999782552461e+01
2.0159999782552447e+01
2.0159999782552447e+01
2.0159999782552493e+01
2.0159999782552486e+01
2.0159999782552489e+01
2.0159999782552465e+01
2.0159999782552440e+01
2.0159999782552440e+01
2.0159999782552465e+01
2.0159999782552433e+01
2.0159999782552468e+01
2.0159999782552458e+01
2.0159999782552461e+01
2.0159999782552482e+01
2.0159999782552497e+01
2.0159999782552500e+01
2.0159999782552525e+01
2.0159999782552553e+01
2.0159999782552607e+01
2.0159999782552667e+01
2.0159999782552688e+01
2.0159999782552692e+01
2.0159999782552710e+01
2.0159999782552738e+01
2.0159999782552710e+01
2.0159999782552681e+01
2.0159999782552724e+01
2.0159999782552756e+01
2.0159999782552791e+01
2.0159999782552873e+01
2.0159999782552831e+01
2.0159999782552855e+01
2.0159999782552880e+01
2.0159999782552877e+01
2.0159999782552870e+01
