0.0000000000000000e+00
0.0000000000000000e+00
0.0000000000000000e+00
0.0000000000000000e+00
0.0000000000000000e+00
0.0000000000000000e+00
0.0000000000000000e+00
1.2566196167162900e-12
3.4428506363640088e-12
2.9222221053666287e-12
4.3446236770251811e-12
4.3298125067403365e-12
4.3378903284699572e-12
4.3138399992160599e-12
4.3486290042760343e-12
4.3810412210947474e-12
4.3833880381204033e-12
4.3556518965997576e-12
4.3374813988240479e-12
4.3625035731250951e-12
4.3721367604350055e-12
4.3519571951758903e-12
4.4226922340360015e-12
4.3967291738701831e-12
4.3473919954189640e-12
3.5183929763538778e-12
4.1999687943075826e-12
3.0690491476514715e-12
2.2474901718297938e-12
3.9320226634504596e-13
-2.7175631579612323e-12
-2.7168370129826953e-12
-2.7262777657867007e-12
-2.7077685529349162e-12
-2.7222953509140572e-12
-2.7438866871943827e-12
-2.6911597980074680e-12
-2.7315058999677828e-12
-2.7485916469505460e-12
-2.7245030159099076e-12
-2.7333886260605352e-12
-2.7319741570435145e-12
-2.7687727696443239e-12
-2.7394270469804391e-12
-2.7500139076495540e-12
-2.7348537867210172e-12
-2.7172194351103072e-12
-4.3341085207404693e-12
-9.6923462252229775e-12
-8.9481670860650106e-12
-1.1983414689427757e-11
-1.1970834900292672e-11
-1.1972677668944179e-11
-1.1964797367276254e-11
-1.1982480660819249e-11
-1.1978480123958951e-11
-1.1968677355505888e-11
-1.1979974869939213e-11
-1.1966029767779739e-11
-1.1971914896299325e-11
-1.1970449101025790e-11
-1.1967474896536688e-11
-1.1967267737298460e-11
-1.1982138711020880e-11
-1.1974566570458845e-11
-1.1968826032421192e-11
-1.1972774993286713e-11
-1.1971883259836328e-11
-1.1968013541972932e-11
-1.1962218362331947e-11
-1.1968081284943921e-11
-1.1967038589162635e-11
-1.1972953971000968e-11
-1.1966149530593164e-11
-1.1962833068222334e-11
-1.1965704839163752e-11
-1.1959267054000155e-11
-1.1962795161208129e-11
-1.1968372076502733e-11
-1.1958436448444701e-11
-1.1959897647902393e-11
-1.1966537835431795e-11
-1.1956208219056540e-11
-1.1962803696087503e-11
-1.1958195380206857e-11
-1.1954459538984333e-11
-1.1956335572902449e-11
-1.1963726204638191e-11
-1.1959906586071302e-11
-1.1952443403749081e-11
-1.1946051248718857e-11
-1.1943045483375400e-11
-1.1959529987131538e-11
-1.1959828197935402e-11
-1.1957775315876533e-11
-1.1957453348079317e-11
-1.1947304174506605e-11
-1.1949479059128387e-11
-1.1953844117144312e-11
-1.1957527206382273e-11
-1.1946988762629765e-11
-1.1948402968943524e-11
-1.1946882568298458e-11
-1.1958973830057991e-11
-1.1947337728157856e-11
-1.1941687678007140e-11
-1.1951942344756689e-11
-1.1953383835437841e-11
-1.1941120541038755e-11
-1.1942668589796707e-11
-1.1954918552906472e-11
-1.1938161891039052e-11
-1.1930459549447464e-11
-1.1940022932913576e-11
-1.1949880503926804e-11
-1.1948398024976047e-11
-1.1941570899060790e-11
-1.1934200897621102e-11
-1.1931805514332451e-11
-1.1934868526810717e-11
-1.1935321732980150e-11
-1.1936725580732556e-11
-1.1933322375881232e-11
-1.1942254366157520e-11
-1.1941090363646258e-11
-1.1932849640629743e-11
-1.1930615277210143e-11
-1.1931515778740321e-11
-1.1930114585048049e-11
-1.1929492564507420e-11
-1.1940250582201479e-11
-1.1929256953657935e-11
-1.1926806034216165e-11
-1.1929322832781162e-11
-1.1933051749591509e-11
-1.1930735827055500e-11
-1.1932380294378402e-11
-1.1934756769930819e-11
-1.1927637121177072e-11
-1.1919860817051703e-11
-1.1923297482504828e-11
-1.1922341102183127e-11
-1.1932461817533480e-11
-1.1927055359053643e-11
-1.1929007332946400e-11
-1.1927989149650428e-11
-1.1925099564283341e-11
-1.1924109669523451e-11
-1.1929228502064092e-11
-1.1920779849019150e-11
-1.1913545619370071e-11
-1.1912578528088806e-11
-1.1920652622424102e-11
-1.1929033110140349e-11
-1.1917864900917191e-11
-1.1928716218575696e-11
-1.1917549361803596e-11
-1.1909986023792835e-11
-1.1909815954603087e-11
-1.1913805663811366e-11
-1.1912790796365394e-11
-1.1913449535835744e-11
-1.1909779599739570e-11
-1.1922391718679357e-11
-1.1921701521322942e-11
-1.1906351445433202e-11
-1.1911496761281610e-11
-1.1911289716923297e-11
-1.1904809103327335e-11
-1.1915182562880469e-11
-1.1920414044301985e-11
-1.1908587432066672e-11
-1.1902450016929102e-11
-1.1899403713916419e-11
-1.1901827508542553e-11
-1.1913983589077849e-11
-1.1911982991285778e-11
-1.1915425612992106e-11
-1.1905769834799201e-11
-1.1907899153994605e-11
-1.1897871319361719e-11
-1.1894080204588651e-11
-1.1906842995101639e-11
-1.1900570150814002e-11
-1.1915601941297821e-11
-1.1910932208245765e-11
-1.1908562526288835e-11
-1.1901447287444889e-11
-1.1888706400834944e-11
-1.1891909138629765e-11
-1.1895550027769906e-11
-1.1893022849757335e-11
-1.1895886319243246e-11
-1.1884897354736721e-11
-1.1887802751433469e-11
-1.1882208234545764e-11
-1.1906236058106723e-11
-1.1900977706777625e-11
-1.1895352216352601e-11
-1.1887882526525682e-11
-1.1891975259376477e-11
