0.0000000000000000e+00
0.0000000000000000e+00
0.0000000000000000e+00
0.0000000000000000e+00
0.0000000000000000e+00
0.0000000000000000e+00
0.0000000000000000e+00
2.9149854829621794e-12
4.7893298051856837e-12
3.6618517284347669e-12
4.2928477477949802e-12
4.2533468265891937e-12
4.1944876826591356e-12
4.1696378277668420e-12
4.2508682205133160e-12
4.3419651065277095e-12
4.2730651742405647e-12
4.2520831064929061e-12
4.2147498966431116e-12
4.2909785351139995e-12
4.2889013424788437e-12
4.2740016344556477e-12
4.3126802647168690e-12
4.2922730762662940e-12
4.3130198100551526e-12
5.2634094783259133e-12
5.0329716666193759e-12
8.7891459389646231e-12
6.4961674868565366e-12
8.6714275874466062e-12
5.1449366769533379e-12
5.1622235273977856e-12
5.1663127369429532e-12
5.1500413136991305e-12
5.1587661723168620e-12
5.1801654543500301e-12
5.1903222121492949e-12
5.1481372745744329e-12
5.1489719175254723e-12
5.1567273798190865e-12
5.1369553305451366e-12
5.1512494835962544e-12
5.1696242254300616e-12
5.1460571545120464e-12
5.1109041609053528e-12
5.0837445724290113e-12
5.0588775211077086e-12
5.8201193229738074e-12
-1.2041528710729616e-12
8.5104696506320669e-13
-2.3024569407827286e-12
-2.3027642936473319e-12
-2.2985163551136557e-12
-2.3205170601961705e-12
-2.3316506296409926e-12
-2.3271380288972919e-12
-2.3373522552474480e-12
-2.3355526240792688e-12
-2.3456634496356555e-12
-2.3589206593917232e-12
-2.3662460380211986e-12
-2.3714973288542935e-12
-2.3711794654348640e-12
-2.3913182604348335e-12
-2.3749785061002692e-12
-2.3765042849957360e-12
-2.4013892119279582e-12
-2.4001314230286915e-12
-2.4196403020652795e-12
-2.4061052246400272e-12
-2.4101123545133727e-12
-2.4346931133949829e-12
-2.4403991335325953e-12
-2.4346414029256140e-12
-2.4338261770177877e-12
-2.4502008454503534e-12
-2.4550706138979707e-12
-2.4549296731424077e-12
-2.4698046355222633e-12
-2.4604205460857297e-12
-2.4728834328507229e-12
-2.5005265971656512e-12
-2.4838226753724758e-12
-2.4861766618440861e-12
-2.5083814175068163e-12
-2.5151914930021978e-12
-2.5036635778332587e-12
-2.5129785303372993e-12
-2.5212253370250601e-12
-2.5238922606521292e-12
-2.5397228251321470e-12
-2.5258707748334177e-12
-2.5473211633839858e-12
-2.5585299942663992e-12
-2.5509349704950940e-12
-2.5640884579250165e-12
-2.5718454404843659e-12
-2.5806905716377599e-12
-2.5676047875956262e-12
-2.5892656179144838e-12
-2.5985106766183191e-12
-2.5893633882344973e-12
-2.6147167112892573e-12
-2.6080429174735425e-12
-2.6206206691764120e-12
-2.6167595062361982e-12
-2.6271882289210752e-12
-2.6365380616714797e-12
-2.6333720693321347e-12
-2.6527029908964879e-12
-2.6557326629540967e-12
-2.6519940302818400e-12
-2.6688606156701470e-12
-2.6765145203456737e-12
-2.6847640506862662e-12
-2.6848110419951005e-12
-2.6882528560514639e-12
-2.6941452073576635e-12
-2.6999404646721361e-12
-2.7158392289742266e-12
-2.7266878624763401e-12
-2.7320333316558659e-12
-2.7288570800521640e-12
-2.7230962054999419e-12
-2.7402980207719624e-12
-2.7467514620149444e-12
-2.7385735134690418e-12
-2.7517151155227218e-12
-2.7523512883021673e-12
-2.7579330377274677e-12
-2.7873045222095840e-12
-2.7758919361527228e-12
-2.7735906889965080e-12
-2.7856026972453477e-12
-2.7941247337780113e-12
-2.8050675719329961e-12
-2.8001902781376707e-12
-2.8137431267640429e-12
-2.8090033753278876e-12
-2.8274899232449987e-12
-2.8330702217747863e-12
-2.8275396218962023e-12
-2.8469187039731571e-12
-2.8495785952493233e-12
-2.8444405794946445e-12
-2.8578841582446541e-12
-2.8653914710142959e-12
-2.8765236793192258e-12
-2.8684772365704299e-12
-2.8812715647600271e-12
-2.8888045599674361e-12
-2.8938220785203913e-12
-2.9022184533143015e-12
-2.9016504055302748e-12
-2.9081243131030757e-12
-2.9196251741773412e-12
-2.9171075824090354e-12
-2.9278487229300491e-12
-2.9379094109044999e-12
-2.9479386458232316e-12
-2.9462596297232928e-12
-2.9625737748908111e-12
-2.9671716290467116e-12
-2.9599461347665965e-12
-2.9748437156860440e-12
-2.9701354665618121e-12
-2.9806527800883646e-12
-2.9963913797674404e-12
-2.9854867023367321e-12
-2.9953836879788837e-12
-3.0059931223722491e-12
-3.0145996285310146e-12
-3.0258615163942426e-12
-3.0227847088194587e-12
-3.0256945508000384e-12
-3.0318314286212461e-12
-3.0508030711866195e-12
-3.0503573213662416e-12
-3.0529794648681776e-12
-3.0602436153087943e-12
-3.0701044944709776e-12
-3.0549962478258592e-12
-3.0727268207293664e-12
-3.0858023877533562e-12
-3.0920710655281858e-12
-3.0963099594272217e-12
-3.0917694684054952e-12
-3.0947951143815832e-12
-3.1059400738506556e-12
-3.1144556185572820e-12
-3.1209949027606596e-12
-3.1118565471082211e-12
-3.1321979376436547e-12
-3.1332076726661059e-12
-3.1487123811046672e-12
-3.1450132097322145e-12
-3.1575406363797093e-12
-3.1676058928091785e-12
-3.1700616602153095e-12
-3.1751764056916769e-12
-3.1748396420679260e-12
