0.0000000000000000e+00
0.0000000000000000e+00
0.0000000000000000e+00
0.0000000000000000e+00
0.0000000000000000e+00
0.0000000000000000e+00
0.0000000000000000e+00
-3.5999999982497899e+00
-1.1733333328895178e+01
-1.9866666573097323e+01
-2.7999999906430563e+01
-2.7999999906430638e+01
-2.7999999906430645e+01
-2.7999999906430631e+01
-2.7999999906430599e+01
-2.7999999906430610e+01
-2.7999999906430656e+01
-2.7999999906430695e+01
-2.7999999906430684e+01
-2.7999999906430709e+01
-2.7999999906430652e+01
-2.7999999906430652e+01
-2.7999999906430642e+01
-2.7999999906430606e+01
-2.7999999906430606e+01
-2.3866666626207543e+01
-1.5733333293292338e+01
-7.5999998685622838e+00
5.3333346477964827e-01
8.6666667981085919e+00
1.6800000131440989e+01
1.6800000131440981e+01
1.6800000131440981e+01
1.6800000131440981e+01
1.6800000131440957e+01
1.6800000131440953e+01
1.6800000131440939e+01
1.6800000131440928e+01
1.6800000131440932e+01
1.6800000131440918e+01
1.6800000131440910e+01
1.6800000131440889e+01
1.6800000131440878e+01
1.6800000131440875e+01
1.6800000131440878e+01
1.6800000131440861e+01
1.6800000131440846e+01
1.4320515031278585e+01
6.1866666925321674e+00
-1.9466665710366176e+00
-1.0079999891272198e+01
-1.0079999891272212e+01
-1.0079999891272205e+01
-1.0079999891272196e+01
-1.0079999891272202e+01
-1.0079999891272182e+01
-1.0079999891272180e+01
-1.0079999891272179e+01
-1.0079999891272189e+01
-1.0079999891272196e+01
-1.0079999891272189e+01
-1.0079999891272191e+01
-1.0079999891272175e+01
-1.0079999891272159e+01
-1.0079999891272177e+01
-1.0079999891272166e+01
-1.0079999891272172e+01
-1.0079999891272156e+01
-1.0079999891272172e+01
-1.0079999891272186e+01
-1.0079999891272200e+01
-1.0079999891272236e+01
-1.0079999891272241e+01
-1.0079999891272236e+01
-1.0079999891272220e+01
-1.0079999891272262e+01
-1.0079999891272241e+01
-1.0079999891272264e+01
-1.0079999891272278e+01
-1.0079999891272269e+01
-1.0079999891272266e+01
-1.0079999891272262e+01
-1.0079999891272276e+01
-1.0079999891272262e+01
-1.0079999891272257e+01
-1.0079999891272283e+01
-1.0079999891272289e+01
-1.0079999891272308e+01
-1.0079999891272319e+01
-1.0079999891272344e+01
-1.0079999891272337e+01
-1.0079999891272353e+01
-1.0079999891272378e+01
-1.0079999891272374e+01
-1.0079999891272374e+01
-1.0079999891272367e+01
-1.0079999891272363e+01
-1.0079999891272349e+01
-1.0079999891272328e+01
-1.0079999891272335e+01
-1.0079999891272349e+01
-1.0079999891272362e+01
-1.0079999891272385e+01
-1.0079999891272404e+01
-1.0079999891272420e+01
-1.0079999891272420e+01
-1.0079999891272426e+01
-1.0079999891272410e+01
-1.0079999891272397e+01
-1.0079999891272402e+01
-1.0079999891272426e+01
-1.0079999891272424e+01
-1.0079999891272422e+01
-1.0079999891272424e+01
-1.0079999891272395e+01
-1.0079999891272388e+01
-1.0079999891272378e+01
-1.0079999891272371e+01
-1.0079999891272362e+01
-1.0079999891272328e+01
-1.0079999891272331e+01
-1.0079999891272340e+01
-1.0079999891272347e+01
-1.0079999891272349e+01
-1.0079999891272360e+01
-1.0079999891272367e+01
-1.0079999891272372e+01
-1.0079999891272378e+01
-1.0079999891272417e+01
-1.0079999891272434e+01
-1.0079999891272420e+01
-1.0079999891272431e+01
-1.0079999891272433e+01
-1.0079999891272426e+01
-1.0079999891272415e+01
-1.0079999891272404e+01
-1.0079999891272443e+01
-1.0079999891272458e+01
-1.0079999891272481e+01
-1.0079999891272491e+01
-1.0079999891272502e+01
-1.0079999891272523e+01
-1.0079999891272536e+01
-1.0079999891272562e+01
-1.0079999891272546e+01
-1.0079999891272553e+01
-1.0079999891272523e+01
-1.0079999891272518e+01
-1.0079999891272523e+01
-1.0079999891272552e+01
-1.0079999891272541e+01
-1.0079999891272553e+01
-1.0079999891272575e+01
-1.0079999891272568e+01
-1.0079999891272548e+01
-1.0079999891272537e+01
-1.0079999891272536e+01
-1.0079999891272557e+01
-1.0079999891272553e+01
-1.0079999891272557e+01
-1.0079999891272568e+01
-1.0079999891272557e+01
-1.0079999891272550e+01
-1.0079999891272550e+01
-1.0079999891272559e+01
-1.0079999891272585e+01
-1.0079999891272569e+01
-1.0079999891272585e+01
-1.0079999891272571e+01
-1.0079999891272566e+01
-1.0079999891272573e+01
-1.0079999891272562e+01
-1.0079999891272546e+01
-1.0079999891272548e+01
-1.0079999891272553e+01
-1.0079999891272557e+01
-1.0079999891272589e+01
-1.0079999891272585e+01
-1.0079999891272584e+01
-1.0079999891272569e+01
-1.0079999891272561e+01
-1.0079999891272550e+01
-1.0079999891272571e+01
-1.0079999891272573e+01
-1.0079999891272603e+01
-1.0079999891272628e+01
-1.0079999891272610e+01
-1.0079999891272605e+01
-1.0079999891272601e+01
-1.0079999891272633e+01
-1.0079999891272653e+01
-1.0079999891272644e+01
-1.0079999891272646e+01
-1.0079999891272651e+01
-1.0079999891272655e+01
-1.0079999891272664e+01
-1.0079999891272680e+01
-1.0079999891272664e+01
-1.0079999891272651e+01
-1.0079999891272632e+01
-1.0079999891272612e+01
