0.0000000000000000e+00
0.0000000000000000e+00
0.0000000000000000e+00
0.0000000000000000e+00
0.0000000000000000e+00
0.0000000000000000e+00
0.0000000000000000e+00
-2.2958954401543908e-12
6.4348985769609281e-12
1.2043796169640368e-12
3.4271647547360044e-12
3.4316111101954001e-12
3.4303512097145098e-12
3.4251559808892945e-12
3.4237366477447916e-12
3.4257580403308199e-12
3.4345262701761902e-12
3.4366571720307847e-12
3.4302516117081252e-12
3.4328956679086335e-12
3.4322346472013637e-12
3.4288538663781399e-12
3.4264631316908484e-12
3.4222672919709586e-12
3.4177437460132969e-12
-2.4668334561868876e-12
-6.6977330608563369e-12
-9.9262283613362781e-12
-1.1258933028799850e-11
-1.3329141485836425e-11
-1.9803566970937319e-11
-1.9809724600052846e-11
-1.9816765414913139e-11
-1.9824337702065715e-11
-1.9829601589848349e-11
-1.9832945623533836e-11
-1.9834417000479785e-11
-1.9836088116657359e-11
-1.9839048104958983e-11
-1.9836963653888992e-11
-1.9837636484015913e-11
-1.9843776633710588e-11
-1.9847105041907420e-11
-1.9851266116907299e-11
-1.9852198905609365e-11
-1.9858915405478573e-11
-1.9855717023646776e-11
-1.8915370122701452e-11
-2.0828636937584970e-11
-2.1887257722917984e-11
-2.3773296736710207e-11
-2.3773374737861758e-11
-2.3775039819989718e-11
-2.3772891620127942e-11
-2.3771974430255732e-11
-2.3772793647489614e-11
-2.3771702245382084e-11
-2.3774368233832140e-11
-2.3775294161012197e-11
-2.3778489315328317e-11
-2.3788402782930021e-11
-2.3790216691706508e-11
-2.3791443599762398e-11
-2.3791961117822182e-11
-2.3792946217829724e-11
-2.3788573874787823e-11
-2.3786170730602819e-11
-2.3788542592504475e-11
-2.3788754497287159e-11
-2.3798213828565749e-11
-2.3798750148323995e-11
-2.3795625312797718e-11
-2.3797118512877672e-11
-2.3804566150341935e-11
-2.3803756509695124e-11
-2.3805377506898489e-11
-2.3808905726468178e-11
-2.3808173925252156e-11
-2.3804261557018218e-11
-2.3804171165601056e-11
-2.3806230242055654e-11
-2.3797916664928502e-11
-2.3806306457781383e-11
-2.3813858977236359e-11
-2.3816727277767355e-11
-2.3808784506193947e-11
-2.3804113020067722e-11
-2.3799077544919395e-11
-2.3796385433359572e-11
-2.3795104941205107e-11
-2.3793549735764637e-11
-2.3796820744306548e-11
-2.3796711477964758e-11
-2.3790128253145836e-11
-2.3790178826133352e-11
-2.3788776042281270e-11
-2.3790089510852900e-11
-2.3787778879850123e-11
-2.3786716238662258e-11
-2.3785983389405278e-11
-2.3788996240900047e-11
-2.3794820819999738e-11
-2.3800920870803112e-11
-2.3797686880566490e-11
-2.3798868497626829e-11
-2.3800101188663094e-11
-2.3797305940512948e-11
-2.3804597032239580e-11
-2.3804613711441303e-11
-2.3806434697499840e-11
-2.3802543161975020e-11
-2.3804049628884035e-11
-2.3796433152092889e-11
-2.3795236397646488e-11
-2.3793359368162755e-11
-2.3792404314493795e-11
-2.3795939664100924e-11
-2.3787295524790750e-11
-2.3786252036622870e-11
-2.3780451960755030e-11
-2.3780264813691838e-11
-2.3777963416081640e-11
-2.3773376166091750e-11
-2.3776204081479181e-11
-2.3776663364261895e-11
-2.3775332281485447e-11
-2.3780519258407698e-11
-2.3778701329290360e-11
-2.3778918325373397e-11
-2.3780663553225194e-11
-2.3780056675643406e-11
-2.3782575811275087e-11
-2.3783884211874976e-11
-2.3785158603265479e-11
-2.3785698852826127e-11
-2.3786568091914648e-11
-2.3783880878902541e-11
-2.3782883345167281e-11
-2.3787001070408173e-11
-2.3787615752002945e-11
-2.3785920929536626e-11
-2.3785444848958029e-11
-2.3782507261895238e-11
-2.3787895511590487e-11
-2.3780654038966608e-11
-2.3778314780764717e-11
-2.3775002418547840e-11
-2.3773081110978371e-11
-2.3773555144368714e-11
-2.3769902909168917e-11
-2.3771338090950017e-11
-2.3768876949092992e-11
-2.3769015550937979e-11
-2.3772429159441279e-11
-2.3771782020595444e-11
-2.3771087970267213e-11
-2.3763201968664628e-11
-2.3767514014830752e-11
-2.3773077410290151e-11
-2.3771612343791729e-11
-2.3768144047385972e-11
-2.3768058107859963e-11
-2.3762344509879690e-11
-2.3761838074285858e-11
-2.3763368936637439e-11
-2.3763101793467349e-11
-2.3758912831939634e-11
-2.3761630422168455e-11
-2.3756752403593760e-11
-2.3756531358405897e-11
-2.3756738087927329e-11
-2.3754213430984833e-11
-2.3754068423588517e-11
-2.3752359091178093e-11
-2.3746550533661922e-11
-2.3749227492585727e-11
-2.3740329051756723e-11
-2.3746816818622740e-11
-2.3745477791943686e-11
-2.3739917583500898e-11
-2.3737912089636041e-11
-2.3731308905593894e-11
-2.3729185967483356e-11
-2.3734364215061189e-11
-2.3731405633545779e-11
-2.3732695258315493e-11
-2.3732111553273268e-11
-2.3721266267059016e-11
-2.3720683473586970e-11
-2.3719612556573457e-11
-2.3716374154236889e-11
-2.3717745670205469e-11
-2.3716307875876455e-11
-2.3716536887857238e-11
-2.3715121706769237e-11
-2.3712829679757042e-11
-2.3715850369668575e-11
-2.3716836937463210e-11
-2.3712197108108221e-11
-2.3723231685335494e-11
-2.3724885786640202e-11
