0.0000000000000000e+00
0.0000000000000000e+00
0.0000000000000000e+00
0.0000000000000000e+00
0.0000000000000000e+00
0.0000000000000000e+00
0.0000000000000000e+00
-3.5999999982440869e+00
-1.1733333328884196e+01
-1.9866666573089759e+01
-2.7999999906410956e+01
-2.7999999906411016e+01
-2.7999999906411034e+01
-2.7999999906411055e+01
-2.7999999906411027e+01
-2.7999999906411031e+01
-2.7999999906411091e+01
-2.7999999906411123e+01
-2.7999999906411105e+01
-2.7999999906411094e+01
-2.7999999906411073e+01
-2.7999999906411066e+01
-2.7999999906411059e+01
-2.7999999906411023e+01
-2.7999999906411013e+01
-2.3866666626200363e+01
-1.5733333293295839e+01
-7.5999998685713583e+00
5.3333346476993904e-01
8.6666667980931038e+00
1.6800000131420607e+01
1.6800000131420589e+01
1.6800000131420614e+01
1.6800000131420617e+01
1.6800000131420585e+01
1.6800000131420607e+01
1.6800000131420603e+01
1.6800000131420578e+01
1.6800000131420596e+01
1.6800000131420592e+01
1.6800000131420585e+01
1.6800000131420557e+01
1.6800000131420553e+01
1.6800000131420543e+01
1.6800000131420546e+01
1.6800000131420525e+01
1.6800000131420486e+01
1.4320515031263314e+01
6.1866666925168321e+00
-1.9466665710439301e+00
-1.0079999891278820e+01
-1.0079999891278806e+01
-1.0079999891278803e+01
-1.0079999891278799e+01
-1.0079999891278826e+01
-1.0079999891278840e+01
-1.0079999891278840e+01
-1.0079999891278835e+01
-1.0079999891278829e+01
-1.0079999891278847e+01
-1.0079999891278840e+01
-1.0079999891278847e+01
-1.0079999891278833e+01
-1.0079999891278852e+01
-1.0079999891278863e+01
-1.0079999891278872e+01
-1.0079999891278844e+01
-1.0079999891278828e+01
-1.0079999891278847e+01
-1.0079999891278867e+01
-1.0079999891278854e+01
-1.0079999891278874e+01
-1.0079999891278899e+01
-1.0079999891278911e+01
-1.0079999891278916e+01
-1.0079999891278934e+01
-1.0079999891278948e+01
-1.0079999891278934e+01
-1.0079999891278945e+01
-1.0079999891278955e+01
-1.0079999891278959e+01
-1.0079999891278941e+01
-1.0079999891278964e+01
-1.0079999891278959e+01
-1.0079999891278959e+01
-1.0079999891278966e+01
-1.0079999891278970e+01
-1.0079999891278996e+01
-1.0079999891278995e+01
-1.0079999891279007e+01
-1.0079999891279003e+01
-1.0079999891279023e+01
-1.0079999891279034e+01
-1.0079999891279005e+01
-1.0079999891279002e+01
-1.0079999891279014e+01
-1.0079999891279025e+01
-1.0079999891279016e+01
-1.0079999891279019e+01
-1.0079999891279018e+01
-1.0079999891279025e+01
-1.0079999891279016e+01
-1.0079999891279041e+01
-1.0079999891279048e+01
-1.0079999891279069e+01
-1.0079999891279066e+01
-1.0079999891279083e+01
-1.0079999891279080e+01
-1.0079999891279067e+01
-1.0079999891279073e+01
-1.0079999891279094e+01
-1.0079999891279119e+01
-1.0079999891279137e+01
-1.0079999891279162e+01
-1.0079999891279153e+01
-1.0079999891279151e+01
-1.0079999891279176e+01
-1.0079999891279185e+01
-1.0079999891279178e+01
-1.0079999891279172e+01
-1.0079999891279165e+01
-1.0079999891279176e+01
-1.0079999891279172e+01
-1.0079999891279193e+01
-1.0079999891279193e+01
-1.0079999891279183e+01
-1.0079999891279190e+01
-1.0079999891279204e+01
-1.0079999891279224e+01
-1.0079999891279243e+01
-1.0079999891279229e+01
-1.0079999891279245e+01
-1.0079999891279236e+01
-1.0079999891279233e+01
-1.0079999891279249e+01
-1.0079999891279261e+01
-1.0079999891279275e+01
-1.0079999891279281e+01
-1.0079999891279291e+01
-1.0079999891279279e+01
-1.0079999891279273e+01
-1.0079999891279298e+01
-1.0079999891279297e+01
-1.0079999891279298e+01
-1.0079999891279293e+01
-1.0079999891279288e+01
-1.0079999891279275e+01
-1.0079999891279279e+01
-1.0079999891279275e+01
-1.0079999891279266e+01
-1.0079999891279256e+01
-1.0079999891279263e+01
-1.0079999891279293e+01
-1.0079999891279273e+01
-1.0079999891279256e+01
-1.0079999891279250e+01
-1.0079999891279268e+01
-1.0079999891279270e+01
-1.0079999891279261e+01
-1.0079999891279273e+01
-1.0079999891279257e+01
-1.0079999891279252e+01
-1.0079999891279263e+01
-1.0079999891279279e+01
-1.0079999891279298e+01
-1.0079999891279293e+01
-1.0079999891279284e+01
-1.0079999891279291e+01
-1.0079999891279288e+01
-1.0079999891279293e+01
-1.0079999891279289e+01
-1.0079999891279266e+01
-1.0079999891279254e+01
-1.0079999891279247e+01
-1.0079999891279238e+01
-1.0079999891279233e+01
-1.0079999891279236e+01
-1.0079999891279227e+01
-1.0079999891279222e+01
-1.0079999891279217e+01
-1.0079999891279229e+01
-1.0079999891279243e+01
-1.0079999891279238e+01
-1.0079999891279222e+01
-1.0079999891279245e+01
-1.0079999891279259e+01
-1.0079999891279243e+01
-1.0079999891279254e+01
-1.0079999891279254e+01
-1.0079999891279270e+01
-1.0079999891279272e+01
-1.0079999891279284e+01
-1.0079999891279293e+01
-1.0079999891279320e+01
-1.0079999891279334e+01
-1.0079999891279343e+01
-1.0079999891279352e+01
-1.0079999891279353e+01
-1.0079999891279371e+01
-1.0079999891279364e+01
-1.0079999891279350e+01
