0.0000000000000000e+00
1.4878048780476240e-04
2.9753884326835718e-04
4.4634146341188368e-04
5.9512194463081410e-04
7.4388029351045589e-04
8.9261651663466814e-04
1.4914634143850540e-03
2.6569105684754960e-03
3.8223577109114315e-03
4.9878048653825349e-03
4.8390243773502239e-03
4.6902217503901108e-03
4.5413969779127253e-03
4.3926829151192427e-03
4.2439467331629108e-03
4.0951219395184086e-03
3.9463414517144973e-03
3.7975388249827866e-03
3.6487804761047554e-03
3.4999999883025884e-03
3.3512195004986056e-03
3.2024168737659975e-03
3.0536585248851921e-03
2.9048780436674200e-03
2.2394308892002045e-03
1.0739837347889158e-03
-9.1463432038090404e-05
-1.2569105865110218e-03
-2.4223577409814056e-03
-3.5878048954524283e-03
-3.4390244077958003e-03
-3.2902660524805134e-03
-3.1415298229217534e-03
-2.9926829432694577e-03
-2.8438582157139210e-03
-2.6951219676498543e-03
-2.5463414798462870e-03
-2.3975831243830208e-03
-2.2487805042370312e-03
-2.1000000164285129e-03
-1.9512195286233551e-03
-1.8024611731600729e-03
-1.6536585530176470e-03
-1.5048780718003958e-03
-1.3561197229214810e-03
-1.2073834997975302e-03
-7.4863482132016843e-04
4.1691056569226987e-04
1.5823577108392585e-03
2.7478048634898859e-03
2.7478048604371746e-03
2.7478048573843540e-03
2.7478048543323158e-03
2.7478048512804701e-03
2.7478048482274565e-03
2.7478048451752071e-03
2.7478048421226671e-03
2.7478048390698452e-03
2.7478048360178378e-03
2.7478048329649457e-03
2.7478048299130892e-03
2.7478048268598145e-03
2.7478048238071154e-03
2.7478048207545992e-03
2.7478048177016412e-03
2.7478048146498653e-03
2.7478048115969823e-03
2.7478048085441201e-03
2.7478048054913780e-03
2.7478048024392092e-03
2.7478047993869806e-03
2.7478047963338031e-03
2.7478047932816716e-03
2.7478047902283137e-03
2.7478047871753015e-03
2.7478047841225780e-03
2.7478047810703715e-03
2.7478047780174881e-03
2.7478047749647664e-03
2.7478047719122619e-03
2.7478047688597905e-03
2.7478047658068840e-03
2.7478047627543523e-03
2.7478047597017121e-03
2.7478047566485194e-03
2.7478047535957977e-03
2.7478047505431302e-03
2.7478047474905304e-03
2.7478047444381391e-03
2.7478047413856035e-03
2.7478047383334460e-03
2.7478047352804346e-03
2.7478047322276019e-03
2.7478047291747405e-03
2.7478047261223029e-03
2.7478047230699333e-03
2.7478047200172858e-03
2.7478047169646551e-03
2.7478047139129292e-03
2.7478047108602478e-03
2.7478047078072945e-03
2.7478047047544904e-03
2.7478047017023702e-03
2.7478046986500007e-03
2.7478046955979763e-03
2.7478046925444666e-03
2.7478046894924748e-03
2.7478046864391407e-03
2.7478046833863080e-03
2.7478046803339974e-03
2.7478046772815242e-03
2.7478046742287726e-03
2.7478046711763237e-03
2.7478046681240521e-03
2.7478046650708625e-03
2.7478046620184717e-03
2.7478046589660930e-03
2.7478046559136970e-03
2.7478046528605256e-03
2.7478046498083056e-03
2.7478046467556277e-03
2.7478046437039248e-03
2.7478046406502659e-03
2.7478046375975724e-03
2.7478046345451538e-03
2.7478046314925782e-03
2.7478046284390612e-03
2.7478046253868824e-03
2.7478046223341872e-03
2.7478046192823042e-03
2.7478046162290244e-03
2.7478046131766236e-03
2.7478046101242354e-03
2.7478046070718294e-03
2.7478046040185439e-03
2.7478046009666679e-03
2.7478045979142428e-03
2.7478045948613056e-03
2.7478045918089668e-03
2.7478045887570639e-03
2.7478045857046297e-03
2.7478045826520290e-03
2.7478045795994574e-03
2.7478045765467990e-03
2.7478045734936735e-03
2.7478045704413760e-03
2.7478045673889275e-03
2.7478045643356771e-03
2.7478045612836944e-03
2.7478045582309029e-03
2.7478045551777293e-03
2.7478045521249074e-03
2.7478045490732517e-03
2.7478045460202290e-03
2.7478045429677393e-03
2.7478045399148511e-03
2.7478045368623874e-03
2.7478045338097451e-03
2.7478045307570737e-03
2.7478045277047054e-03
2.7478045246517114e-03
2.7478045215987455e-03
2.7478045185464527e-03
2.7478045154936525e-03
2.7478045124409481e-03
2.7478045093882971e-03
2.7478045063349422e-03
2.7478045032823806e-03
2.7478045002304018e-03
2.7478044971774871e-03
2.7478044941254046e-03
2.7478044910730437e-03
2.7478044880199308e-03
2.7478044849675205e-03
2.7478044819152017e-03
2.7478044788625294e-03
2.7478044758091052e-03
2.7478044727567196e-03
2.7478044697039228e-03
2.7478044666508251e-03
2.7478044635978281e-03
2.7478044605451567e-03
2.7478044574931297e-03
2.7478044544404488e-03
2.7478044513878077e-03
2.7478044483357231e-03
2.7478044452828171e-03
2.7478044422307646e-03
2.7478044391782072e-03
2.7478044361257475e-03
2.7478044330728740e-03
2.7478044300204649e-03
2.7478044269678230e-03
2.7478044239145332e-03
2.7478044208620375e-03
2.7478044178098748e-03
2.7478044147563759e-03
2.7478044117042457e-03
2.7478044086519477e-03
2.7478044055988539e-03
