0.0000000000000000e+00
-4.4634146340809018e-05
-8.9270284978046373e-05
-1.3390243902182809e-04
-1.7853658518342965e-04
-2.2317272364102235e-04
-2.6781085457346641e-04
-5.3743902426936258e-04
-1.0904065037566726e-03
-1.6433739766353755e-03
-2.1963414563103039e-03
-2.1517073106018954e-03
-2.1070751570114159e-03
-2.0624449953608450e-03
-2.0178048721917270e-03
-1.9731667416753138e-03
-1.9285365795156991e-03
-1.8839024331748682e-03
-1.8392702789512435e-03
-1.7946341404911379e-03
-1.7499999941516938e-03
-1.7053658478100378e-03
-1.6607336935857110e-03
-1.6160975551249249e-03
-1.5714634089596300e-03
-1.2684959324084609e-03
-7.1552845276316864e-04
-1.6256096613406640e-04
3.9040651354093465e-04
9.4337399321561377e-04
1.4963414728902677e-03
1.4517073258814533e-03
1.4070711865757234e-03
1.3624330547963698e-03
1.3178048862732179e-03
1.2731747259882710e-03
1.2285365935837799e-03
1.1839024472421497e-03
1.1392663086046957e-03
1.0946341545595519e-03
1.0500000082161924e-03
1.0053658618747244e-03
9.6072972323772135e-04
9.1609756919377766e-04
8.7146342303158768e-04
8.2682728457384748e-04
7.8218915364176985e-04
5.8257155535349880e-04
2.9593497625447633e-05
-5.2337397663377292e-04
-1.0763414553618990e-03
-1.0763414558762245e-03
-1.0763414563901672e-03
-1.0763414569046237e-03
-1.0763414574191954e-03
-1.0763414579342751e-03
-1.0763414584484723e-03
-1.0763414589632643e-03
-1.0763414594769172e-03
-1.0763414599913540e-03
-1.0763414605063591e-03
-1.0763414610213482e-03
-1.0763414615362244e-03
-1.0763414620512709e-03
-1.0763414625661024e-03
-1.0763414630807053e-03
-1.0763414635952210e-03
-1.0763414641097855e-03
-1.0763414646244359e-03
-1.0763414651387580e-03
-1.0763414656533949e-03
-1.0763414661681910e-03
-1.0763414666824392e-03
-1.0763414671964781e-03
-1.0763414677112408e-03
-1.0763414682265673e-03
-1.0763414687406086e-03
-1.0763414692553769e-03
-1.0763414697697701e-03
-1.0763414702837353e-03
-1.0763414707986442e-03
-1.0763414713142138e-03
-1.0763414718284400e-03
-1.0763414723432550e-03
-1.0763414728590152e-03
-1.0763414733730859e-03
-1.0763414738877162e-03
-1.0763414744031745e-03
-1.0763414749176269e-03
-1.0763414754322324e-03
-1.0763414759468711e-03
-1.0763414764617442e-03
-1.0763414769764767e-03
-1.0763414774914112e-03
-1.0763414780062309e-03
-1.0763414785211391e-03
-1.0763414790362373e-03
-1.0763414795499811e-03
-1.0763414800645727e-03
-1.0763414805795126e-03
-1.0763414810935454e-03
-1.0763414816082136e-03
-1.0763414821228525e-03
-1.0763414826375634e-03
-1.0763414831513412e-03
-1.0763414836659710e-03
-1.0763414841809601e-03
-1.0763414846953429e-03
-1.0763414852094113e-03
-1.0763414857243433e-03
-1.0763414862389477e-03
-1.0763414867527058e-03
-1.0763414872666229e-03
-1.0763414877821491e-03
-1.0763414882962207e-03
-1.0763414888116266e-03
-1.0763414893254870e-03
-1.0763414898397252e-03
-1.0763414903542817e-03
-1.0763414908686066e-03
-1.0763414913834476e-03
-1.0763414918988448e-03
-1.0763414924129129e-03
-1.0763414929284103e-03
-1.0763414934434519e-03
-1.0763414939585186e-03
-1.0763414944731219e-03
-1.0763414949879176e-03
-1.0763414955019129e-03
-1.0763414960163987e-03
-1.0763414965310604e-03
-1.0763414970458329e-03
-1.0763414975599565e-03
-1.0763414980746787e-03
-1.0763414985888477e-03
-1.0763414991046779e-03
-1.0763414996186038e-03
-1.0763415001339113e-03
-1.0763415006477144e-03
-1.0763415011616213e-03
-1.0763415016756051e-03
-1.0763415021907954e-03
-1.0763415027052309e-03
-1.0763415032197462e-03
-1.0763415037340568e-03
-1.0763415042486057e-03
-1.0763415047623556e-03
-1.0763415052779037e-03
-1.0763415057925571e-03
-1.0763415063068690e-03
-1.0763415068216504e-03
-1.0763415073363704e-03
-1.0763415078518315e-03
-1.0763415083654435e-03
-1.0763415088804215e-03
-1.0763415093951929e-03
-1.0763415099096210e-03
-1.0763415104244880e-03
-1.0763415109395825e-03
-1.0763415114542342e-03
-1.0763415119684500e-03
-1.0763415124831342e-03
-1.0763415129982042e-03
-1.0763415135132926e-03
-1.0763415140275787e-03
-1.0763415145420825e-03
-1.0763415150573121e-03
-1.0763415155723268e-03
-1.0763415160868510e-03
-1.0763415166018071e-03
-1.0763415171167318e-03
-1.0763415176312356e-03
-1.0763415181450900e-03
-1.0763415186596094e-03
-1.0763415191747275e-03
-1.0763415196889286e-03
-1.0763415202036280e-03
-1.0763415207186689e-03
-1.0763415212332317e-03
-1.0763415217482843e-03
-1.0763415222623340e-03
-1.0763415227768040e-03
-1.0763415232918642e-03
-1.0763415238056896e-03
-1.0763415243202187e-03
-1.0763415248349179e-03
-1.0763415253496902e-03
-1.0763415258642792e-03
-1.0763415263785518e-03
-1.0763415268931786e-03
-1.0763415274081195e-03
-1.0763415279225609e-03
-1.0763415284375344e-03
-1.0763415289514939e-03
-1.0763415294658988e-03
-1.0763415299807609e-03
-1.0763415304957539e-03
-1.0763415310112994e-03
-1.0763415315254861e-03
-1.0763415320397146e-03
-1.0763415325551954e-03
