0.0000000000000000e+00
-4.4634146341425516e-05
-8.9270284978073533e-05
-1.3390243902229156e-04
-1.7853658518436483e-04
-2.2317272364285614e-04
-2.6781085457466055e-04
-5.3743902426826482e-04
-1.0904065037556192e-03
-1.6433739766350546e-03
-2.1963414563082899e-03
-2.1517073106007462e-03
-2.1070751570104202e-03
-2.0624449953599031e-03
-2.0178048721910262e-03
-1.9731667416750605e-03
-1.9285365795148328e-03
-1.8839024331742291e-03
-1.8392702789505871e-03
-1.7946341404911021e-03
-1.7499999941510674e-03
-1.7053658478096683e-03
-1.6607336935856355e-03
-1.6160975551245307e-03
-1.5714634089586082e-03
-1.2684959324091730e-03
-7.1552845276382079e-04
-1.6256096613479566e-04
3.9040651354067362e-04
9.4337399321454268e-04
1.4963414728888726e-03
1.4517073258793621e-03
1.4070711865737443e-03
1.3624330547948591e-03
1.3178048862728458e-03
1.2731747259876001e-03
1.2285365935833952e-03
1.1839024472421167e-03
1.1392663086049319e-03
1.0946341545592924e-03
1.0500000082163423e-03
1.0053658618752153e-03
9.6072972323638268e-04
9.1609756919360484e-04
8.7146342303339190e-04
8.2682728457678502e-04
7.8218915364590728e-04
5.8257155535391351e-04
2.9593497624765653e-05
-5.2337397663331908e-04
-1.0763414553619421e-03
-1.0763414558769551e-03
-1.0763414563920472e-03
-1.0763414569058103e-03
-1.0763414574204552e-03
-1.0763414579364082e-03
-1.0763414584509278e-03
-1.0763414589655073e-03
-1.0763414594801147e-03
-1.0763414599951476e-03
-1.0763414605102673e-03
-1.0763414610250859e-03
-1.0763414615403471e-03
-1.0763414620555867e-03
-1.0763414625700486e-03
-1.0763414630852062e-03
-1.0763414635999405e-03
-1.0763414641146518e-03
-1.0763414646293044e-03
-1.0763414651432865e-03
-1.0763414656582231e-03
-1.0763414661732387e-03
-1.0763414666885786e-03
-1.0763414672033368e-03
-1.0763414677182662e-03
-1.0763414682332158e-03
-1.0763414687479625e-03
-1.0763414692622100e-03
-1.0763414697773548e-03
-1.0763414702922699e-03
-1.0763414708068392e-03
-1.0763414713220783e-03
-1.0763414718359383e-03
-1.0763414723511926e-03
-1.0763414728670927e-03
-1.0763414733818261e-03
-1.0763414738962013e-03
-1.0763414744114493e-03
-1.0763414749259059e-03
-1.0763414754397156e-03
-1.0763414759550074e-03
-1.0763414764693015e-03
-1.0763414769841362e-03
-1.0763414774986530e-03
-1.0763414780131653e-03
-1.0763414785286065e-03
-1.0763414790434963e-03
-1.0763414795585862e-03
-1.0763414800729395e-03
-1.0763414805878850e-03
-1.0763414811025814e-03
-1.0763414816172424e-03
-1.0763414821326367e-03
-1.0763414826471668e-03
-1.0763414831613189e-03
-1.0763414836763563e-03
-1.0763414841920274e-03
-1.0763414847059566e-03
-1.0763414852209502e-03
-1.0763414857357415e-03
-1.0763414862508382e-03
-1.0763414867651449e-03
-1.0763414872803354e-03
-1.0763414877950142e-03
-1.0763414883096798e-03
-1.0763414888245401e-03
-1.0763414893389955e-03
-1.0763414898538634e-03
-1.0763414903688566e-03
-1.0763414908831451e-03
-1.0763414913977185e-03
-1.0763414919125797e-03
-1.0763414924278749e-03
-1.0763414929417987e-03
-1.0763414934578620e-03
-1.0763414939722854e-03
-1.0763414944867536e-03
-1.0763414950019064e-03
-1.0763414955159973e-03
-1.0763414960306922e-03
-1.0763414965452034e-03
-1.0763414970594561e-03
-1.0763414975743402e-03
-1.0763414980891985e-03
-1.0763414986037622e-03
-1.0763414991187333e-03
-1.0763414996327479e-03
-1.0763415001480963e-03
-1.0763415006625192e-03
-1.0763415011772390e-03
-1.0763415016927086e-03
-1.0763415022070537e-03
-1.0763415027218301e-03
-1.0763415032365585e-03
-1.0763415037511276e-03
-1.0763415042666499e-03
-1.0763415047812784e-03
-1.0763415052965236e-03
-1.0763415058116482e-03
-1.0763415063261817e-03
-1.0763415068413247e-03
-1.0763415073560463e-03
-1.0763415078708996e-03
-1.0763415083859663e-03
-1.0763415089004840e-03
-1.0763415094151485e-03
-1.0763415099302326e-03
-1.0763415104445213e-03
-1.0763415109596873e-03
-1.0763415114750147e-03
-1.0763415119891891e-03
-1.0763415125038020e-03
-1.0763415130189591e-03
-1.0763415135329306e-03
-1.0763415140479732e-03
-1.0763415145633580e-03
-1.0763415150777452e-03
-1.0763415155932668e-03
-1.0763415161077572e-03
-1.0763415166221892e-03
-1.0763415171370964e-03
-1.0763415176518122e-03
-1.0763415181672020e-03
-1.0763415186810222e-03
-1.0763415191960956e-03
-1.0763415197107458e-03
-1.0763415202251698e-03
-1.0763415207406563e-03
-1.0763415212552642e-03
-1.0763415217706854e-03
-1.0763415222857480e-03
-1.0763415228000279e-03
-1.0763415233152401e-03
-1.0763415238290944e-03
-1.0763415243442284e-03
-1.0763415248587101e-03
-1.0763415253734524e-03
-1.0763415258883136e-03
-1.0763415264029583e-03
-1.0763415269174474e-03
-1.0763415274323831e-03
-1.0763415279477634e-03
-1.0763415284622733e-03
-1.0763415289764744e-03
-1.0763415294914869e-03
-1.0763415300058135e-03
-1.0763415305207974e-03
-1.0763415310369923e-03
-1.0763415315509170e-03
-1.0763415320658959e-03
-1.0763415325804803e-03
