2.0000000000000020e+02
2.0000000000000020e+02
2.0000000000000020e+02
2.0000000000000020e+02
2.0000000000000020e+02
2.0000000000000020e+02
2.0000000000000020e+02
2.0269999999868543e+02
2.0879999999666757e+02
2.1489999992982041e+02
2.2099999992981569e+02
2.2099999992981569e+02
2.2099999992981569e+02
2.2099999992981569e+02
2.2099999992981569e+02
2.2099999992981569e+02
2.2099999992981569e+02
2.2099999992981569e+02
2.2099999992981569e+02
2.2099999992981569e+02
2.2099999992981569e+02
2.2099999992981569e+02
2.2099999992981569e+02
2.2099999992981569e+02
2.2099999992981569e+02
2.2409999988997848e+02
2.3019999988966089e+02
2.3629999995820634e+02
2.4239999995821242e+02
2.4849999995820696e+02
2.5459999995820453e+02
2.5459999995820453e+02
2.5459999995820453e+02
2.5459999995820453e+02
2.5459999995820453e+02
2.5459999995820453e+02
2.5459999995820453e+02
2.5459999995820453e+02
2.5459999995820453e+02
2.5459999995820453e+02
2.5459999995820453e+02
2.5459999995820453e+02
2.5459999995820453e+02
2.5459999995820453e+02
2.5459999995820453e+02
2.5459999995820453e+02
2.5459999995820453e+02
2.5645961378332424e+02
2.6256000003738416e+02
2.6865999998505765e+02
2.7475999997523405e+02
2.7475999997523405e+02
2.7475999997523405e+02
2.7475999997523405e+02
2.7475999997523405e+02
2.7475999997523405e+02
2.7475999997523405e+02
2.7475999997523405e+02
2.7475999997523405e+02
2.7475999997523405e+02
2.7475999997523405e+02
2.7475999997523405e+02
2.7475999997523405e+02
2.7475999997523405e+02
2.7475999997523405e+02
2.7475999997523405e+02
2.7475999997523405e+02
2.7475999997523405e+02
2.7475999997523405e+02
2.7475999997523405e+02
2.7475999997523405e+02
2.7475999997523405e+02
2.7475999997523405e+02
2.7475999997523405e+02
2.7475999997523405e+02
2.7475999997523405e+02
2.7475999997523405e+02
2.7475999997523405e+02
2.7475999997523405e+02
2.7475999997523405e+02
2.7475999997523405e+02
2.7475999997523405e+02
2.7475999997523405e+02
2.7475999997523405e+02
2.7475999997523405e+02
2.7475999997523405e+02
2.7475999997523405e+02
2.7475999997523405e+02
2.7475999997523405e+02
2.7475999997523405e+02
2.7475999997523405e+02
2.7475999997523405e+02
2.7475999997523405e+02
2.7475999997523405e+02
2.7475999997523405e+02
2.7475999997523405e+02
2.7475999997523405e+02
2.7475999997523405e+02
2.7475999997523405e+02
2.7475999997523405e+02
2.7475999997523405e+02
2.7475999997523405e+02
2.7475999997523405e+02
2.7475999997523405e+02
2.7475999997523405e+02
2.7475999997523405e+02
2.7475999997523405e+02
2.7475999997523405e+02
2.7475999997523405e+02
2.7475999997523405e+02
2.7475999997523405e+02
2.7475999997523405e+02
2.7475999997523405e+02
2.7475999997523405e+02
2.7475999997523405e+02
2.7475999997523405e+02
2.7475999997523405e+02
2.7475999997523405e+02
2.7475999997523405e+02
2.7475999997523405e+02
2.7475999997523405e+02
2.7475999997523405e+02
2.7475999997523405e+02
2.7475999997523405e+02
2.7475999997523405e+02
2.7475999997523405e+02
2.7475999997523405e+02
2.7475999997523405e+02
2.7475999997523405e+02
2.7475999997523405e+02
2.7475999997523405e+02
2.7475999997523405e+02
2.7475999997523405e+02
2.7475999997523405e+02
2.7475999997523405e+02
2.7475999997523405e+02
2.7475999997523405e+02
2.7475999997523405e+02
2.7475999997523405e+02
2.7475999997523405e+02
2.7475999997523405e+02
2.7475999997523405e+02
2.7475999997523405e+02
2.7475999997523405e+02
2.7475999997523405e+02
2.7475999997523405e+02
2.7475999997523405e+02
2.7475999997523405e+02
2.7475999997523405e+02
2.7475999997523405e+02
2.7475999997523405e+02
2.7475999997523405e+02
2.7475999997523405e+02
2.7475999997523405e+02
2.7475999997523405e+02
2.7475999997523405e+02
2.7475999997523405e+02
2.7475999997523405e+02
2.7475999997523405e+02
2.7475999997523405e+02
2.7475999997523405e+02
2.7475999997523405e+02
2.7475999997523405e+02
2.7475999997523405e+02
2.7475999997523405e+02
2.7475999997523405e+02
2.7475999997523405e+02
2.7475999997523405e+02
2.7475999997523405e+02
2.7475999997523405e+02
2.7475999997523405e+02
2.7475999997523405e+02
2.7475999997523405e+02
2.7475999997523405e+02
2.7475999997523405e+02
2.7475999997523405e+02
2.7475999997523405e+02
2.7475999997523405e+02
2.7475999997523405e+02
2.7475999997523405e+02
2.7475999997523405e+02
2.7475999997523405e+02
2.7475999997523405e+02
2.7475999997523405e+02
2.7475999997523405e+02
2.7475999997523405e+02
2.7475999997523405e+02
2.7475999997523405e+02
2.7475999997523405e+02
2.7475999997523405e+02
2.7475999997523405e+02
2.7475999997523405e+02
2.7475999997523405e+02
2.7475999997523405e+02
2.7475999997523405e+02
2.7475999997523405e+02
2.7475999997523405e+02
2.7475999997523405e+02
2.7475999997523405e+02
2.7475999997523405e+02
2.7475999997523405e+02
