0.0000000000000000e+00
3.0500000000049983e+01
6.0993421070579373e+01
9.1499999999747089e+01
1.2199999822480730e+02
1.5249341752071348e+02
1.8298025966240144e+02
2.1349999999453598e+02
2.4399999998673945e+02
2.7450000002973081e+02
3.0500000002984513e+02
2.7449999981725728e+02
2.4399341889962153e+02
2.1348025550066288e+02
1.8299999999852437e+02
1.5251316911916803e+02
1.2199999999930137e+02
9.1499999999403485e+01
6.0993419294587142e+01
3.0499999999483268e+01
-2.4778476399470463e-10
-3.0499999999932143e+01
-6.1006580704864035e+01
-9.1500000000407852e+01
-1.2199999822426992e+02
-1.5250000000911939e+02
-1.8300000000784536e+02
-2.1349999997098550e+02
-2.4399999997109217e+02
-2.7449999997104868e+02
-3.0499999997099820e+02
-2.7450000016990532e+02
-2.4400657929847040e+02
-2.1351973558146139e+02
-1.8300000000105203e+02
-1.5248684867574303e+02
-1.2199999999983696e+02
-9.1500000000187470e+01
-6.1006578929848324e+01
-3.0500000000322110e+01
3.0502564152192020e-10
3.0500000000387814e+01
6.0993421070631868e+01
9.1499999999695817e+01
1.2199999822437908e+02
1.5249341752035409e+02
1.8298025966211367e+02
2.1348554522973598e+02
2.4399999996726021e+02
2.7450000005036776e+02
3.0500000002991112e+02
3.0499999906572418e+02
3.0499999810162058e+02
3.0499999713778800e+02
3.0499999617384572e+02
3.0499999520937587e+02
3.0499999424530068e+02
3.0499999328125125e+02
3.0499999231720108e+02
3.0499999135318228e+02
3.0499999038883738e+02
3.0499998942481648e+02
3.0499998846044019e+02
3.0499998749620204e+02
3.0499998653206501e+02
3.0499998556779627e+02
3.0499998460388395e+02
3.0499998363968274e+02
3.0499998267552189e+02
3.0499998171143199e+02
3.0499998074734117e+02
3.0499997978321716e+02
3.0499997881887515e+02
3.0499997785495128e+02
3.0499997689059990e+02
3.0499997592620787e+02
3.0499997496205674e+02
3.0499997399809416e+02
3.0499997303388227e+02
3.0499997206978850e+02
3.0499997110555478e+02
3.0499997014124568e+02
3.0499996917715106e+02
3.0499996821294451e+02
3.0499996724855845e+02
3.0499996628428983e+02
3.0499996532010857e+02
3.0499996435574656e+02
3.0499996339168194e+02
3.0499996242768975e+02
3.0499996146346655e+02
3.0499996049947947e+02
3.0499995953524177e+02
3.0499995857102556e+02
3.0499995760685846e+02
3.0499995664255084e+02
3.0499995567836635e+02
3.0499995471431026e+02
3.0499995375029118e+02
3.0499995278629626e+02
3.0499995182218009e+02
3.0499995085792739e+02
3.0499994989367485e+02
3.0499994892964787e+02
3.0499994796568649e+02
3.0499994700164723e+02
3.0499994603708336e+02
3.0499994507321702e+02
3.0499994410893197e+02
3.0499994314474839e+02
3.0499994218061522e+02
3.0499994121657141e+02
3.0499994025243137e+02
3.0499993928824392e+02
3.0499993832422820e+02
3.0499993735987493e+02
3.0499993639586353e+02
3.0499993543184223e+02
3.0499993446763477e+02
3.0499993350345181e+02
3.0499993253938186e+02
3.0499993157508231e+02
3.0499993061115021e+02
3.0499992964670150e+02
3.0499992868235699e+02
3.0499992771821866e+02
3.0499992675407100e+02
3.0499992578964020e+02
3.0499992482579086e+02
3.0499992386161239e+02
3.0499992289771581e+02
3.0499992193347646e+02
3.0499992096943311e+02
3.0499992000527175e+02
3.0499991904118531e+02
3.0499991807665185e+02
3.0499991711283531e+02
3.0499991614863546e+02
3.0499991518451191e+02
3.0499991422049550e+02
3.0499991325653485e+02
3.0499991229238094e+02
3.0499991132822447e+02
3.0499991036414485e+02
3.0499990940005637e+02
3.0499990843571044e+02
3.0499990747182540e+02
3.0499990650761856e+02
3.0499990554330327e+02
3.0499990457928391e+02
3.0499990361504763e+02
3.0499990265072046e+02
3.0499990168644916e+02
3.0499990072261642e+02
3.0499989975833955e+02
3.0499989879425993e+02
3.0499989783006498e+02
3.0499989686597229e+02
3.0499989590166672e+02
3.0499989493744624e+02
3.0499989397350919e+02
3.0499989300929030e+02
3.0499989204495006e+02
3.0499989108092205e+02
3.0499989011672164e+02
3.0499988915245478e+02
3.0499988818829320e+02
3.0499988722383256e+02
3.0499988625971082e+02
3.0499988529570078e+02
3.0499988433144028e+02
3.0499988336750425e+02
3.0499988240341565e+02
3.0499988143920018e+02
3.0499988047496112e+02
3.0499987951096210e+02
3.0499987854686890e+02
3.0499987758240485e+02
3.0499987661835365e+02
3.0499987565401892e+02
3.0499987468975115e+02
3.0499987372561139e+02
3.0499987276140808e+02
3.0499987179761138e+02
3.0499987083337260e+02
3.0499986986926473e+02
3.0499986890527896e+02
3.0499986794101289e+02
3.0499986697698654e+02
3.0499986601295126e+02
3.0499986504879678e+02
3.0499986408454970e+02
3.0499986312047605e+02
3.0499986215643332e+02
3.0499986119208376e+02
3.0499986022804774e+02
3.0499985926393356e+02
3.0499985829932172e+02
3.0499985733541484e+02
3.0499985637135899e+02
3.0499985540703767e+02
