0.0000000000000000e+00
7.4198285426899602e-11
-3.4029990599870876e-03
5.1224385622123094e-10
-7.0759867682104034e-07
-3.4044150210241816e-03
-1.0210412922842598e-02
1.1659983618496204e-09
3.4312901307826357e-09
3.8061838313870290e-07
3.8083148771963564e-07
1.0412741706665058e-07
-3.4038805535660001e-03
-1.0212282462844360e-02
1.7762240960530407e-09
6.8107046162802047e-03
1.2881435115835370e-10
-4.8661806344176513e-11
-3.4037080727828614e-03
3.2691925649558819e-11
-3.3641239257974485e-10
-2.0440802328219825e-10
-3.4037081313062706e-03
2.1716514672726879e-10
7.0997629702981394e-07
2.1388615239599939e-09
1.8808234353270439e-09
3.8148874948296302e-07
3.8143644010747118e-07
3.8142355022547651e-07
3.8146296382274907e-07
1.0061468224239743e-07
-3.4031796982069849e-03
-1.0208750576183777e-02
2.2999929854065543e-09
6.8036296304066065e-03
9.4823723819711284e-10
8.6336551671425237e-10
-3.4029984876528326e-03
7.9529682030044651e-10
6.3326305444181181e-10
7.1953353444368436e-10
-3.4029989561152876e-03
9.3583288623119030e-10
-7.0700023219370771e-07
-3.4044139750587549e-03
-1.0210411649888621e-02
-1.2523459695395062e-02
7.4413397426814287e-09
3.5222985501016734e-07
3.8085081842493062e-07
-1.8314326568006329e-07
-7.4709185435660162e-07
-1.3106774409740789e-06
-1.8744958310052590e-06
-2.4388848694612401e-06
-3.0027156688124111e-06
-3.5665917303206614e-06
-4.1303955633722866e-06
-4.6943395535979755e-06
-5.2584884615865662e-06
-5.8224146147709891e-06
-6.3865918135416130e-06
-6.9507160466841944e-06
-7.5146142747107952e-06
-8.0786987562038008e-06
-8.6425360373986705e-06
-9.2064883966555422e-06
-9.7704191684386264e-06
-1.0334146148551119e-05
-1.0898115700326166e-05
-1.1462117868294167e-05
-1.2026267151206418e-05
-1.2590073870622140e-05
-1.3154163129480472e-05
-1.3718296824235096e-05
-1.4282204997393553e-05
-1.4845967291130292e-05
-1.5410010924650632e-05
-1.5973931196082494e-05
-1.6537886929035608e-05
-1.7102078133920449e-05
-1.7665773705499961e-05
-1.8229888748325860e-05
-1.8794233391330506e-05
-1.9358193614351341e-05
-1.9922076597000508e-05
-2.0486286431456915e-05
-2.1050131717906652e-05
-2.1613805221226046e-05
-2.2177908040047177e-05
-2.2741693010840470e-05
-2.3305703422123800e-05
-2.3869650417029593e-05
-2.4433569435767173e-05
-2.4997759230619873e-05
-2.5561781681519983e-05
-2.6125698089021778e-05
-2.6689500058777814e-05
-2.7253456986376808e-05
-2.7817341888032616e-05
-2.8381310521947326e-05
-2.8945446412902692e-05
-2.9509288113171319e-05
-3.0072961068106390e-05
-3.0636931714499934e-05
-3.1201293585845984e-05
-3.1764919339638030e-05
-3.2328935463053895e-05
-3.2892926492195243e-05
-3.3456945548789764e-05
-3.4020694149391765e-05
-3.4584694637272968e-05
-3.5148694966624982e-05
-3.5712538873446340e-05
-3.6276598743121248e-05
-3.6840368006988049e-05
-3.7404269930669027e-05
-3.7968288319844622e-05
-3.8532132439820995e-05
-3.9096022295584839e-05
-3.9660110866304110e-05
-4.0224054218367344e-05
-4.0788028344297595e-05
-4.1352385366808525e-05
-4.1916279962427030e-05
-4.2480163844919647e-05
-4.3044336097839043e-05
-4.3607971631459634e-05
-4.4171911181106825e-05
-4.4735704941023786e-05
-4.5299580795171669e-05
-4.5863480944711104e-05
-4.6427460520716119e-05
-4.6991308971092151e-05
-4.7555554031465143e-05
-4.8119140457979108e-05
-4.8683291085334609e-05
-4.9247107247978481e-05
-4.9810944458596372e-05
-5.0374912174364704e-05
-5.0938821158427631e-05
-5.1502768818301458e-05
-5.2066665889431397e-05
-5.2630530687784200e-05
-5.3194747021327025e-05
-5.3758485179854879e-05
-5.4322607794582343e-05
-5.4886713526986549e-05
-5.5450527956023429e-05
-5.6014605270098964e-05
-5.6578633741892974e-05
-5.7142711244706742e-05
-5.7706515482068929e-05
-5.8270495277063322e-05
-5.8834403232333055e-05
-5.9398435363867905e-05
-5.9962266344923919e-05
-6.0526421037041172e-05
-6.1090522008449514e-05
-6.1654229590402235e-05
-6.2218180720279487e-05
-6.2782334726640946e-05
-6.3346086439244664e-05
-6.3910109867861638e-05
-6.4474248786689769e-05
-6.5038146739457116e-05
-6.5602436475520996e-05
-6.6166299167823303e-05
-6.6730142252769100e-05
-6.7294192234729379e-05
-6.7858024797106236e-05
-6.8422033015192078e-05
-6.8985794369112377e-05
-6.9549879312281456e-05
-7.0113715058788532e-05
-7.0677573650761781e-05
-7.1241857909336919e-05
-7.1805686581211922e-05
-7.2369892075197320e-05
-7.2933924135698644e-05
-7.3497751789718902e-05
-7.4061857697600640e-05
-7.4625400483188344e-05
-7.5189470962517372e-05
-7.5753341519373157e-05
-7.6317231688790164e-05
-7.6881261424941168e-05
-7.7445103679952605e-05
-7.8008943899465631e-05
-7.8572964041279957e-05
-7.9137081272523621e-05
-7.9700970473565481e-05
-8.0264704471068803e-05
-8.0828788153251667e-05
-8.1392614708880405e-05
-8.1956625659325861e-05
-8.2521166956706657e-05
-8.3084797211824705e-05
-8.3648721135611576e-05
-8.4212765403835147e-05
