0.0000000000000000e+00
3.0499999999927162e+01
6.0996824069625248e+01
9.1499999999187168e+01
1.2199999893231663e+02
1.5249682193556893e+02
1.8299047007522609e+02
2.1349999999342631e+02
2.4399999998333627e+02
2.7449999964910114e+02
3.0499999964907795e+02
2.7449999971312991e+02
2.4399682278015314e+02
2.1349046778308315e+02
1.8299999999669262e+02
1.5250635841446001e+02
1.2199999999913443e+02
9.1499999999409184e+01
6.0996823002605097e+01
3.0499999999355644e+01
4.7702341270340669e-11
3.0499999999811841e+01
6.1003176996837368e+01
9.1500000000698577e+01
1.2199999893427125e+02
1.5250000001136672e+02
1.8300000000977849e+02
2.1350000035250571e+02
2.4400000035253660e+02
2.7450000035250952e+02
3.0500000035249690e+02
2.7450000027058047e+02
2.4400317611883995e+02
2.1350952683091359e+02
1.8300000000331266e+02
1.5249365230537788e+02
1.2200000000076193e+02
9.1500000000978432e+01
6.1003175931264586e+01
3.0500000001051792e+01
1.8759939095501972e-10
3.0499999999781416e+01
6.0996824069579972e+01
9.1499999998862378e+01
1.2199999893162511e+02
1.5249682193463823e+02
1.8299047007416152e+02
2.1349806868951137e+02
2.4399999995981096e+02
2.7449999969817844e+02
3.0499999964906095e+02
3.0499999924882246e+02
3.0499999884855930e+02
3.0499999844837339e+02
3.0499999804825597e+02
3.0499999764810332e+02
3.0499999724783783e+02
3.0499999684768221e+02
3.0499999644736505e+02
3.0499999604724195e+02
3.0499999564702807e+02
3.0499999524695346e+02
3.0499999484672315e+02
3.0499999444659392e+02
3.0499999404637799e+02
3.0499999364615428e+02
3.0499999324605989e+02
3.0499999284580434e+02
3.0499999244557517e+02
3.0499999204524187e+02
3.0499999164509290e+02
3.0499999124495992e+02
3.0499999084466936e+02
3.0499999044450232e+02
3.0499999004422170e+02
3.0499998964400328e+02
3.0499998924370522e+02
3.0499998884354795e+02
3.0499998844332458e+02
3.0499998804307268e+02
3.0499998764282810e+02
3.0499998724273468e+02
3.0499998684236641e+02
3.0499998644222921e+02
3.0499998604218030e+02
3.0499998564181732e+02
3.0499998524153358e+02
3.0499998484139570e+02
3.0499998444117131e+02
3.0499998404090951e+02
3.0499998364073713e+02
3.0499998324058862e+02
3.0499998284035183e+02
3.0499998244012284e+02
3.0499998203989509e+02
3.0499998163973538e+02
3.0499998123959352e+02
3.0499998083935623e+02
3.0499998043915627e+02
3.0499998003910764e+02
3.0499997963882061e+02
3.0499997923854357e+02
3.0499997883836949e+02
3.0499997843820790e+02
3.0499997803789341e+02
3.0499997763778748e+02
3.0499997723752699e+02
3.0499997683732192e+02
3.0499997643698680e+02
3.0499997603680686e+02
3.0499997563665249e+02
3.0499997523630992e+02
3.0499997483606444e+02
3.0499997443595311e+02
3.0499997403573025e+02
3.0499997363549039e+02
3.0499997323520876e+02
3.0499997283503154e+02
3.0499997243481181e+02
3.0499997203447003e+02
3.0499997163430993e+02
3.0499997123414164e+02
3.0499997083405265e+02
3.0499997043368245e+02
3.0499997003361443e+02
3.0499996963342471e+02
3.0499996923316957e+02
3.0499996883288179e+02
3.0499996843265404e+02
3.0499996803239759e+02
3.0499996763230070e+02
3.0499996723198547e+02
3.0499996683178466e+02
3.0499996643160233e+02
3.0499996603133189e+02
3.0499996563110915e+02
3.0499996523087896e+02
3.0499996483082577e+02
3.0499996443046166e+02
3.0499996403021663e+02
3.0499996363012445e+02
3.0499996322993388e+02
3.0499996282969448e+02
3.0499996242950363e+02
3.0499996202925445e+02
3.0499996162903767e+02
3.0499996122881032e+02
3.0499996082875327e+02
3.0499996042851126e+02
3.0499996002829647e+02
3.0499995962811533e+02
3.0499995922781233e+02
3.0499995882766905e+02
3.0499995842753606e+02
3.0499995802726926e+02
3.0499995762710637e+02
3.0499995722688891e+02
3.0499995682667804e+02
3.0499995642651089e+02
3.0499995602634675e+02
3.0499995562611662e+02
3.0499995522585448e+02
3.0499995482565669e+02
3.0499995442546810e+02
3.0499995402522148e+02
3.0499995362501784e+02
3.0499995322483471e+02
3.0499995282461481e+02
3.0499995242436660e+02
3.0499995202423617e+02
3.0499995162402809e+02
3.0499995122391397e+02
3.0499995082372340e+02
3.0499995042332131e+02
3.0499995002317701e+02
3.0499994962298001e+02
3.0499994922277006e+02
3.0499994882254668e+02
3.0499994842231979e+02
3.0499994802216310e+02
3.0499994762185122e+02
3.0499994722155350e+02
3.0499994682144234e+02
3.0499994642118457e+02
3.0499994602096456e+02
3.0499994562074914e+02
3.0499994522065117e+02
3.0499994482038426e+02
3.0499994442017550e+02
3.0499994401999203e+02
3.0499994361985074e+02
3.0499994321964834e+02
3.0499994281949597e+02
3.0499994241916727e+02
3.0499994201885283e+02
3.0499994161867937e+02
3.0499994121858037e+02
3.0499994081845006e+02
3.0499994041819230e+02
3.0499994001800809e+02
3.0499993961779876e+02
