0.0000000000000000e+00
1.7141462179681544e-10
-3.4029990317952152e-03
6.0743454303830646e-10
-7.0741999828854560e-07
-3.4044146901101554e-03
-1.0210412726578274e-02
1.0533132344729788e-09
3.3750421292992011e-09
3.8064096137542670e-07
3.8070284690280855e-07
1.0412716920596306e-07
-3.4038805096406983e-03
-1.0212282377741803e-02
1.8872747375784873e-09
6.8107047998487965e-03
2.0510170813144717e-10
3.7334582830497824e-11
-3.4037079631261593e-03
2.2255563427938021e-10
-1.9484449322655166e-10
-3.6179454694281645e-11
-3.4037079220474464e-03
3.6425166409087824e-10
7.1002633435435941e-07
2.3555647420129057e-09
1.9853431889867944e-09
3.8155177144497461e-07
3.8145240262922001e-07
3.8149791359646580e-07
3.8153442726633402e-07
1.0073590913504685e-07
-3.4031795630011540e-03
-1.0208750519358871e-02
2.2214047716426092e-09
6.8036296391193072e-03
9.0158537922815930e-10
7.1863443935031959e-10
-3.4029986799053264e-03
6.6406858288676402e-10
4.5210027287563171e-10
4.9323796008236791e-10
-3.4029989401167925e-03
7.3097825430851007e-10
-7.0749198728577182e-07
-3.4044145931973694e-03
-1.0210412445666417e-02
-1.2523459855242065e-02
7.4573784371696686e-09
3.5214877260617784e-07
3.8084971793688525e-07
-1.8305329150966607e-07
-7.4678558709780722e-07
-1.3104928279074276e-06
-1.8743241366239114e-06
-2.4385696806318035e-06
-3.0023582908301850e-06
-3.5662708863277705e-06
-4.1299321306519616e-06
-4.6937797828352935e-06
-5.2578930566036849e-06
-5.8218594636270112e-06
-6.3859739157798351e-06
-6.9500678923728450e-06
-7.5140114338975752e-06
-8.0780171745414923e-06
-8.6418159026496322e-06
-9.2057546101173102e-06
-9.7696878970751795e-06
-1.0333473659645849e-05
-1.0897387777489858e-05
-1.1461367602072992e-05
-1.2025321659450663e-05
-1.2589028464709665e-05
-1.3153080690384856e-05
-1.3717294333550911e-05
-1.4281091976413893e-05
-1.4844940702157113e-05
-1.5408874089398225e-05
-1.5972637304140923e-05
-1.6536659539464620e-05
-1.7100899646043116e-05
-1.7664657133716469e-05
-1.8228680943754920e-05
-1.8793010672382823e-05
-1.9356861427912850e-05
-1.9920773755232459e-05
-2.0485011814867814e-05
-2.1048847062078597e-05
-2.1612634461776783e-05
-2.2176633171174565e-05
-2.2740524994683674e-05
-2.3304517134847584e-05
-2.3868544341041693e-05
-2.4432503612271557e-05
-2.4996610090380914e-05
-2.5560673042917940e-05
-2.6124393637029936e-05
-2.6688229863740905e-05
-2.7252165587319555e-05
-2.7815939271122923e-05
-2.8379921851356481e-05
-2.8943942821692426e-05
-2.9507832244362557e-05
-3.0071453015041834e-05
-3.0635348458230214e-05
-3.1199593825802452e-05
-3.1763290312419369e-05
-3.2327174358090077e-05
-3.2891190538370903e-05
-3.3455128765505620e-05
-3.4018782559767860e-05
-3.4582571490907672e-05
-3.5146723544816718e-05
-3.5710465388424123e-05
-3.6274631910778429e-05
-3.6838322558993284e-05
-3.7402108368053895e-05
-3.7966065770402486e-05
-3.8529904075099225e-05
-3.9093833613408011e-05
-3.9658007500513515e-05
-4.0221750476765713e-05
-4.0785933891360786e-05
-4.1350129465506081e-05
-4.1914132074136532e-05
-4.2478033645834168e-05
-4.3042147421918035e-05
-4.3605754362051727e-05
-4.4169659029961168e-05
-4.4733464712697435e-05
-4.5297437086955202e-05
-4.5861222551657137e-05
-4.6425200082610402e-05
-4.6988984403746497e-05
-4.7553360604134996e-05
-4.8116946750519939e-05
-4.8681089537026899e-05
-4.9244792362969405e-05
-4.9808497501981202e-05
-5.0372267236905576e-05
-5.0936284598309981e-05
-5.1500171403433369e-05
-5.2064052072754910e-05
-5.2627865378803890e-05
-5.3191907523729166e-05
-5.3755485198615731e-05
-5.4319661598985557e-05
-5.4883702560963585e-05
-5.5447497479075525e-05
-5.6011530049155083e-05
-5.6575549744457415e-05
-5.7139728437210375e-05
-5.7703323980686157e-05
-5.8267364089114939e-05
-5.8831289524344101e-05
-5.9395212558476255e-05
-5.9959145259682171e-05
-6.0523266946912197e-05
-6.1087278842548030e-05
-6.1650985206931533e-05
-6.2214947051101831e-05
-6.2779078504394761e-05
-6.3343005492116574e-05
-6.3906889528956984e-05
-6.4470877415502448e-05
-6.5034936392567843e-05
-6.5599128069424823e-05
-6.6163012669032988e-05
-6.6726928582520472e-05
-6.7290983660803704e-05
-6.7854794719661977e-05
-6.8418582761821351e-05
-6.8982447659648755e-05
-6.9546552234138627e-05
-7.0110320791669939e-05
-7.0674228254035255e-05
-7.1238425438196999e-05
-7.1802246069982954e-05
-7.2366396009348772e-05
-7.2930275896280087e-05
-7.3494132474236182e-05
-7.4058210600985220e-05
-7.4621745771090935e-05
-7.5185713448944934e-05
-7.5749627226988754e-05
-7.6313512921447367e-05
-7.6877481109472969e-05
-7.7441274379996648e-05
-7.8005137647090526e-05
-7.8569143892573867e-05
-7.9133116513096578e-05
-7.9697069528426615e-05
-8.0260763528787932e-05
-8.0824750173131077e-05
-8.1388648331892459e-05
-8.1952667610556617e-05
-8.2517089420816369e-05
-8.3080757748410240e-05
-8.3644577328059587e-05
-8.4208756892180256e-05
