0.0000000000000000e+00
0.0000000000000000e+00
0.0000000000000000e+00
0.0000000000000000e+00
0.0000000000000000e+00
0.0000000000000000e+00
0.0000000000000000e+00
0.0000000000000000e+00
6.9624893666149541e+00
1.9060828986709282e+01
3.1449329961617558e+01
3.1449329961617558e+01
3.1449329961617558e+01
3.1449329961617558e+01
3.1449329961617558e+01
3.1449329961617558e+01
3.1449329961617558e+01
3.1449329961617572e+01
3.1449329961617572e+01
3.1449329961617572e+01
3.1449329961617558e+01
3.1449329961617558e+01
3.1449329961617558e+01
3.1449329961617551e+01
3.1449329961617551e+01
3.1449329961617551e+01
2.7396354577778787e+01
1.7088333233870561e+01
5.3025962965423599e+00
-6.9991216738322244e+00
-1.9426870325217543e+01
-1.9426870325217543e+01
-1.9426870325217543e+01
-1.9426870325217543e+01
-1.9426870325217543e+01
-1.9426870325217543e+01
-1.9426870325217543e+01
-1.9426870325217543e+01
-1.9426870325217543e+01
-1.9426870325217543e+01
-1.9426870325217543e+01
-1.9426870325217543e+01
-1.9426870325217543e+01
-1.9426870325217543e+01
-1.9426870325217543e+01
-1.9426870325217543e+01
-1.9426870325217543e+01
-1.9358178559480983e+01
-1.0582495058503390e+01
2.8810933773312236e-01
1.2245242628856989e+01
1.2245242628856989e+01
1.2245242628856984e+01
1.2245242628856984e+01
1.2245242628856992e+01
1.2245242628856992e+01
1.2245242628856992e+01
1.2245242628856992e+01
1.2245242628856992e+01
1.2245242628856992e+01
1.2245242628856998e+01
1.2245242628856998e+01
1.2245242628856992e+01
1.2245242628856984e+01
1.2245242628856984e+01
1.2245242628856984e+01
1.2245242628856984e+01
1.2245242628856984e+01
1.2245242628856984e+01
3.2283580173358928e+00
-8.0288376063619697e+00
-8.0288376063619697e+00
-8.0288376063619697e+00
-8.0288376063619697e+00
-8.0288376063619697e+00
-8.0288376063619697e+00
-8.0288376063619697e+00
-8.0288376063619697e+00
-8.0288376063619697e+00
-8.0288376063619697e+00
-8.0288376063619697e+00
-8.0288376063619697e+00
-8.0288376063619697e+00
-8.0288376063619697e+00
-8.0288376063619697e+00
-8.0288376063619697e+00
-8.0288376063619697e+00
-8.0288376063619697e+00
-8.0288376063619697e+00
-5.4471051888192239e+00
5.3374537251713807e+00
5.3374537251713807e+00
5.3374537251713807e+00
5.3374537251713807e+00
5.3374537251713807e+00
5.3374537251713807e+00
5.3374537251713807e+00
5.3374537251713789e+00
5.3374537251713789e+00
5.3374537251713798e+00
5.3374537251713772e+00
5.3374537251713772e+00
5.3374537251713772e+00
5.3374537251713789e+00
5.3374537251713789e+00
5.3374537251713789e+00
5.3374537251713789e+00
5.3374537251713789e+00
5.3374537251713789e+00
5.3374537251713772e+00
-3.6391688261766264e+00
-3.6391688261766264e+00
-3.6391688261766264e+00
-3.6391688261766264e+00
-3.6391688261766264e+00
-3.6391688261766264e+00
-3.6391688261766264e+00
-3.6391688261766264e+00
-3.6391688261766264e+00
-3.6391688261766264e+00
-3.6391688261766264e+00
-3.6391688261766264e+00
-3.6391688261766264e+00
-3.6391688261766264e+00
-3.6391688261766264e+00
-3.6391688261766264e+00
-3.6391688261766264e+00
-3.6391688261766264e+00
-3.6391688261766264e+00
-3.6391688261766264e+00
2.4262452270880899e+00
2.4262452270880899e+00
2.4262452270880899e+00
2.4262452270880899e+00
2.4262452270880899e+00
2.4262452270880899e+00
2.4262452270880899e+00
2.4262452270880899e+00
2.4262452270880899e+00
2.4262452270880899e+00
2.4262452270880903e+00
2.4262452270880903e+00
2.4262452270880903e+00
2.4262452270880903e+00
2.4262452270880903e+00
2.4262452270880903e+00
2.4262452270880903e+00
2.4262452270880903e+00
2.4262452270880903e+00
2.4262452270880885e+00
-1.7152342674811862e+00
-1.7152342674811862e+00
-1.7152342674811862e+00
-1.7152342674811862e+00
-1.7152342674811862e+00
-1.7152342674811862e+00
-1.7152342674811862e+00
-1.7152342674811862e+00
-1.7152342674811862e+00
-1.7152342674811862e+00
-1.7152342674811862e+00
-1.7152342674811862e+00
-1.7152342674811862e+00
-1.7152342674811862e+00
-1.7152342674811862e+00
-1.7152342674811862e+00
-1.7152342674811862e+00
-1.7152342674811862e+00
-1.7152342674811862e+00
-1.7152342674811862e+00
1.1430291744752759e+00
1.1430291744752759e+00
1.1430291744752754e+00
1.1430291744752754e+00
1.1430291744752754e+00
1.1430291744752756e+00
1.1430291744752756e+00
1.1430291744752761e+00
1.1430291744752761e+00
1.1430291744752761e+00
1.1430291744752754e+00
1.1430291744752754e+00
1.1430291744752754e+00
1.1430291744752754e+00
1.1430291744752750e+00
1.1430291744752750e+00
1.1430291744752752e+00
1.1430291744752752e+00
1.1430291744752745e+00
1.1430291744752747e+00
-8.3449590449717248e-01
-8.3449590449717248e-01
-8.3449590449717248e-01
-8.3449590449717248e-01
-8.3449590449717248e-01
-8.3449590449717248e-01
-8.3449590449717248e-01
-8.3449590449717248e-01
-8.3449590449717248e-01
-8.3449590449717248e-01
-8.3449590449717248e-01
