0.0000000000000000e+00
0.0000000000000000e+00
0.0000000000000000e+00
0.0000000000000000e+00
0.0000000000000000e+00
0.0000000000000000e+00
0.0000000000000000e+00
0.0000000000000000e+00
-7.2632690081140574e-13
-4.8997472369854957e-12
-7.0239753704474349e-12
-7.0498069885427311e-12
-7.0726700588539511e-12
-7.0898116274861368e-12
-7.0155457320736684e-12
-6.9595240044415787e-12
-7.0219758358813787e-12
-6.9896862427596983e-12
-6.9479063582487121e-12
-7.0504590361049765e-12
-7.1334022225076902e-12
-7.2355010576047478e-12
-7.0280060444942307e-12
-6.8352033716778416e-12
-6.6240179510650402e-12
-6.4536132788411839e-12
-7.9859211064851128e-12
-1.0097103294577045e-11
-9.1163975221331766e-12
-1.1160515788752829e-11
-1.1464276581722716e-11
-1.1474831814205235e-11
-1.1472774083487251e-11
-1.1467818538173776e-11
-1.1463625935796919e-11
-1.1459005458785905e-11
-1.1476762444002977e-11
-1.1488844336160901e-11
-1.1465869266932116e-11
-1.1462003892477334e-11
-1.1465087397407373e-11
-1.1466866838530951e-11
-1.1474288570068260e-11
-1.1457361869894909e-11
-1.1464468542294966e-11
-1.1473369487478142e-11
-1.1463793471313649e-11
-1.1523968510305012e-11
-1.4203158747656694e-11
-1.6534715725459991e-11
-2.0323683464180156e-11
-2.0326659012572728e-11
-2.0343841891585062e-11
-2.0314758748732628e-11
-2.0316415929571354e-11
-2.0317576285756606e-11
-2.0321206433289876e-11
-2.0299865375799381e-11
-2.0272288065841613e-11
-2.0306430980736595e-11
-2.0310929958340925e-11
-2.0318348267478674e-11
-2.0316574298396631e-11
-2.0301554036707948e-11
-2.0289916519385962e-11
-2.0288446203912929e-11
-2.0326515687474719e-11
-2.0378508047523371e-11
-2.0415646343420183e-11
-2.4329064177948419e-11
-3.0588303980446721e-11
-3.0585995825257815e-11
-3.0587576451749289e-11
-3.0588385800624405e-11
-3.0588770434780685e-11
-3.0585621777319484e-11
-3.0578120561367111e-11
-3.0573746042711259e-11
-3.0588918413914222e-11
-3.0611762276651532e-11
-3.0584679860576019e-11
-3.0554919098036241e-11
-3.0585400393401640e-11
-3.0618102906954715e-11
-3.0643756338858816e-11
-3.0674487235508732e-11
-3.0588652858135209e-11
-3.0502829341721852e-11
-3.0409133849788375e-11
-3.2249021675429543e-11
-3.8151052708394916e-11
-3.8149025247098848e-11
-3.8145642194663648e-11
-3.8149713098502892e-11
-3.8152339789273567e-11
-3.8159760223254442e-11
-3.8151876521651045e-11
-3.8149292144438308e-11
-3.8143439987181426e-11
-3.8149500036740307e-11
-3.8154847514970226e-11
-3.8151485094468443e-11
-3.8141080846552459e-11
-3.8145567320383826e-11
-3.8139349015670299e-11
-3.8141153823292971e-11
-3.8140881814267918e-11
-3.8137871589920852e-11
-3.8150458371811622e-11
-3.8155114454669586e-11
-3.7978405361804571e-11
-3.7980089045865285e-11
-3.7979407861041459e-11
-3.7979188730600843e-11
-3.7979933636466646e-11
-3.7980866394967805e-11
-3.7984344612442646e-11
-3.7981633101529803e-11
-3.7979943293168784e-11
-3.7981357449498045e-11
-3.7981535242224276e-11
-3.7983183918760954e-11
-3.7983097792040059e-11
-3.7979972014552799e-11
-3.7974861954293723e-11
-3.7973930429034421e-11
-3.7969466520616745e-11
-3.7966563315822223e-11
-3.7982216215038274e-11
-3.7995687100039859e-11
-3.7258078903603213e-11
-3.7258152358411235e-11
-3.7259812372915196e-11
-3.7254722351874418e-11
-3.7252254013428388e-11
-3.7246794558297985e-11
-3.7256467134029676e-11
-3.7255516846752280e-11
-3.7254472054648757e-11
-3.7259616481563182e-11
-3.7261299021964931e-11
-3.7255794945792914e-11
-3.7248137306112982e-11
-3.7257131099385195e-11
-3.7265447286621597e-11
-3.7271071667786219e-11
-3.7279440906982344e-11
-3.7286409720491752e-11
-3.7254181970823948e-11
-3.7223918537974529e-11
-3.9817089717441079e-11
-3.9816670150358237e-11
-3.9814303305003773e-11
-3.9813641397092070e-11
-3.9812236350813722e-11
-3.9815923658117752e-11
-3.9819402529201568e-11
-3.9815782787535622e-11
-3.9815780440196310e-11
-3.9818068197968607e-11
-3.9813625424551136e-11
-3.9811826882574194e-11
-3.9808561910027519e-11
-3.9805574016196630e-11
-3.9814569321822783e-11
-3.9822721584531934e-11
-3.9832902329349077e-11
-3.9841347736994665e-11
-3.9851366142446954e-11
-3.9860074671656488e-11
-4.0972916875319408e-11
-4.0975521840932280e-11
-4.0975576930682668e-11
-4.0976752326331550e-11
-4.0973194329463722e-11
-4.0970633870561672e-11
-4.0966645113392707e-11
-4.0974183276795777e-11
-4.0975401170259883e-11
-4.0975861442442578e-11
-4.0974805577765318e-11
-4.0972881847713592e-11
-4.0971900995094962e-11
-4.0970834805706498e-11
-4.0975238831848362e-11
-4.0979239631747015e-11
-4.0982473568154622e-11
-4.0987090267523974e-11
-4.0989980475866059e-11
-4.0994532328077174e-11
-4.2405508160376779e-11
-4.2405495509351548e-11
-4.2406046096243761e-11
-4.2406195304061253e-11
-4.2406285034980046e-11
-4.2405351276503541e-11
-4.2405415851738889e-11
-4.2404709311464456e-11
-4.2405012883082753e-11
-4.2405311791101314e-11
-4.2404731528354832e-11
