0.0000000000000000e+00
0.0000000000000000e+00
0.0000000000000000e+00
0.0000000000000000e+00
0.0000000000000000e+00
0.0000000000000000e+00
0.0000000000000000e+00
0.0000000000000000e+00
-9.6777857688593497e-13
-2.2084442799129252e-13
-3.1623387311102625e-12
-3.1859656555174045e-12
-3.1872887488330755e-12
-3.1947511218065922e-12
-3.1796145188812911e-12
-3.1505781086190675e-12
-3.1735918711622869e-12
-3.1799323138790384e-12
-3.1576660361904636e-12
-3.1807828150150634e-12
-3.1683838554277177e-12
-3.1985059880199803e-12
-3.1667675446554346e-12
-3.1453088971463261e-12
-3.1155929550916191e-12
-3.1000894373914269e-12
-3.2891493916381310e-12
-4.7327660148328944e-12
-4.5500098342314243e-12
-7.1518479193536729e-12
-5.0437844166398583e-12
-5.0492501371829865e-12
-5.0509473086380246e-12
-5.0516373148968230e-12
-5.0550269939070183e-12
-5.0416475385986140e-12
-5.0424591902781728e-12
-5.0555448340578919e-12
-5.0508278872518286e-12
-5.0472832651943588e-12
-5.0346303514136752e-12
-5.0449895083834456e-12
-5.0332613631410951e-12
-5.0470861704721113e-12
-5.0603006815813395e-12
-5.0805508320759532e-12
-5.0754510809850479e-12
-5.0868526161217648e-12
-8.3377786048500063e-12
-9.3556601170866250e-12
-1.2600889388130752e-11
-1.2605739143594239e-11
-1.2612438706270814e-11
-1.2600891829975326e-11
-1.2607443629219317e-11
-1.2599425225420624e-11
-1.2603987756670882e-11
-1.2592272486546210e-11
-1.2581747715268937e-11
-1.2598503948246603e-11
-1.2598623999871334e-11
-1.2602226031667984e-11
-1.2596674719332402e-11
-1.2592494130444869e-11
-1.2594402428250871e-11
-1.2584538173456518e-11
-1.2598370652711645e-11
-1.2617708840286303e-11
-1.2620284789550244e-11
-1.3840450644747370e-11
-1.8510702131821164e-11
-1.8514936506885447e-11
-1.8510949780532516e-11
-1.8512381853346775e-11
-1.8512827633264157e-11
-1.8512540902570508e-11
-1.8508794354152275e-11
-1.8505997214962749e-11
-1.8511848443364853e-11
-1.8520449783097888e-11
-1.8511489759915037e-11
-1.8503203947758063e-11
-1.8510664930715212e-11
-1.8517576254383514e-11
-1.8524979698882825e-11
-1.8528623162756322e-11
-1.8516014392786976e-11
-1.8498227557866326e-11
-1.8483287578704534e-11
-2.1315112448149621e-11
-2.8717269092379187e-11
-2.8716186735630128e-11
-2.8714911961459967e-11
-2.8719997789976594e-11
-2.8722818691569919e-11
-2.8724642650381274e-11
-2.8716393442928558e-11
-2.8718198749073753e-11
-2.8719525598149687e-11
-2.8718780563469761e-11
-2.8718904278745642e-11
-2.8720071782001889e-11
-2.8720354136283973e-11
-2.8719877744855083e-11
-2.8715542544560941e-11
-2.8713724238042387e-11
-2.8711155507721093e-11
-2.8709329143063773e-11
-2.8717389715583240e-11
-2.8729064836313578e-11
-2.8991864303703577e-11
-2.8992488949497784e-11
-2.8992334604673181e-11
-2.8992353003069870e-11
-2.8993561550778723e-11
-2.8992362378205308e-11
-2.8992917876537070e-11
-2.8991644943002116e-11
-2.8993959293466710e-11
-2.8992711106956204e-11
-2.8991196433083958e-11
-2.8991340931986900e-11
-2.8992293685139042e-11
-2.8992293308178549e-11
-2.8991752191867705e-11
-2.8990509696705900e-11
-2.8991155058972962e-11
-2.8989530147758596e-11
-2.8992829310966298e-11
-2.8992968602755328e-11
-2.9006471478958303e-11
-2.9006613040129380e-11
-2.9005256426972974e-11
-2.9006159483173106e-11
-2.9006922964218108e-11
-2.9006913712115676e-11
-2.9007215947949215e-11
-2.9004381599512396e-11
-2.9003453355463504e-11
-2.9007019033957315e-11
-2.9010414081254945e-11
-2.9005759111442376e-11
-2.9002551590882295e-11
-2.9006945748630478e-11
-2.9011155834022188e-11
-2.9014962507875390e-11
-2.9019968264294430e-11
-2.9024379189397730e-11
-2.9005044566301971e-11
-2.8986916540354822e-11
-3.2466039216164020e-11
-3.2465882555883207e-11
-3.2464743547219533e-11
-3.2465178826185043e-11
-3.2463788911970812e-11
-3.2465267385817478e-11
-3.2466233369832105e-11
-3.2465237816332083e-11
-3.2466122542541427e-11
-3.2465802970187932e-11
-3.2464984500058344e-11
-3.2464617607597744e-11
-3.2464946408300973e-11
-3.2464169103098311e-11
-3.2465135772239478e-11
-3.2465551812300541e-11
-3.2466540880663408e-11
-3.2468356512447314e-11
-3.2468033269876884e-11
-3.2469112085943015e-11
-3.3580764716512729e-11
-3.3581030342724601e-11
-3.3581042404292249e-11
-3.3580541481786680e-11
-3.3579845908529163e-11
-3.3580386534491941e-11
-3.3580181293533018e-11
-3.3580855534374894e-11
-3.3580899464339023e-11
-3.3580635053280409e-11
-3.3580701816373122e-11
-3.3581334210528086e-11
-3.3581857010628070e-11
-3.3582188610876790e-11
-3.3580516874926811e-11
-3.3579068531781194e-11
-3.3576026024983467e-11
-3.3574308421040779e-11
-3.3571777387432657e-11
-3.3570152210780087e-11
-3.5531303241763989e-11
-3.5530848694811970e-11
-3.5531059268064947e-11
-3.5531384386242911e-11
-3.5531576660252383e-11
-3.5531078133385628e-11
-3.5530874755110808e-11
-3.5531098083093917e-11
-3.5531010948639827e-11
-3.5531148343896717e-11
-3.5531237193492689e-11
