0.0000000000000000e+00
0.0000000000000000e+00
0.0000000000000000e+00
0.0000000000000000e+00
0.0000000000000000e+00
0.0000000000000000e+00
0.0000000000000000e+00
0.0000000000000000e+00
-5.7869710915902184e+00
-1.6613547271652557e+01
-2.8127887875152698e+01
-2.8127887875152698e+01
-2.8127887875152698e+01
-2.8127887875152698e+01
-2.8127887875152698e+01
-2.8127887875152698e+01
-2.8127887875152698e+01
-2.8127887875152698e+01
-2.8127887875152698e+01
-2.8127887875152698e+01
-2.8127887875152698e+01
-2.8127887875152698e+01
-2.8127887875152698e+01
-2.8127887875152698e+01
-2.8127887875152698e+01
-2.8127887875152698e+01
-2.5348546395059739e+01
-1.7135420712323960e+01
-6.8661810205490283e+00
4.3885886297401546e+00
1.6056067563202749e+01
1.6056067563202749e+01
1.6056067563202749e+01
1.6056067563202749e+01
1.6056067563202749e+01
1.6056067563202742e+01
1.6056067563202749e+01
1.6056067563202749e+01
1.6056067563202749e+01
1.6056067563202749e+01
1.6056067563202749e+01
1.6056067563202749e+01
1.6056067563202742e+01
1.6056067563202742e+01
1.6056067563202731e+01
1.6056067563202731e+01
1.6056067563202724e+01
1.6014197132822439e+01
9.6280571850463872e+00
7.0798610003084761e-01
-9.8395334535511889e+00
-9.8395334535511889e+00
-9.8395334535511889e+00
-9.8395334535511889e+00
-9.8395334535511889e+00
-9.8395334535511889e+00
-9.8395334535511889e+00
-9.8395334535511889e+00
-9.8395334535511889e+00
-9.8395334535511889e+00
-9.8395334535511889e+00
-9.8395334535511889e+00
-9.8395334535511889e+00
-9.8395334535511889e+00
-9.8395334535511889e+00
-9.8395334535511889e+00
-9.8395334535511889e+00
-9.8395334535511889e+00
-9.8395334535511889e+00
-3.0077194514382968e+00
6.4353409086993789e+00
6.4353409086993789e+00
6.4353409086993789e+00
6.4353409086993789e+00
6.4353409086993771e+00
6.4353409086993771e+00
6.4353409086993771e+00
6.4353409086993771e+00
6.4353409086993771e+00
6.4353409086993771e+00
6.4353409086993771e+00
6.4353409086993771e+00
6.4353409086993718e+00
6.4353409086993683e+00
6.4353409086993683e+00
6.4353409086993683e+00
6.4353409086993683e+00
6.4353409086993683e+00
6.4353409086993683e+00
4.5596905760204161e+00
-4.2301971010123314e+00
-4.2301971010123314e+00
-4.2301971010123314e+00
-4.2301971010123314e+00
-4.2301971010123314e+00
-4.2301971010123314e+00
-4.2301971010123314e+00
-4.2301971010123314e+00
-4.2301971010123314e+00
-4.2301971010123314e+00
-4.2301971010123314e+00
-4.2301971010123314e+00
-4.2301971010123314e+00
-4.2301971010123314e+00
-4.2301971010123314e+00
-4.2301971010123314e+00
-4.2301971010123314e+00
-4.2301971010123314e+00
-4.2301971010123314e+00
-4.2301971010123314e+00
2.9194276684613154e+00
2.9194276684613172e+00
2.9194276684613159e+00
2.9194276684613159e+00
2.9194276684613159e+00
2.9194276684613159e+00
2.9194276684613159e+00
2.9194276684613172e+00
2.9194276684613172e+00
2.9194276684613172e+00
2.9194276684613172e+00
2.9194276684613172e+00
2.9194276684613172e+00
2.9194276684613172e+00
2.9194276684613172e+00
2.9194276684613154e+00
2.9194276684613145e+00
2.9194276684613154e+00
2.9194276684613154e+00
2.9194276684613154e+00
-1.8696272285156672e+00
-1.8696272285156672e+00
-1.8696272285156672e+00
-1.8696272285156672e+00
-1.8696272285156672e+00
-1.8696272285156672e+00
-1.8696272285156672e+00
-1.8696272285156672e+00
-1.8696272285156672e+00
-1.8696272285156672e+00
-1.8696272285156672e+00
-1.8696272285156672e+00
-1.8696272285156672e+00
-1.8696272285156672e+00
-1.8696272285156672e+00
-1.8696272285156672e+00
-1.8696272285156672e+00
-1.8696272285156672e+00
-1.8696272285156672e+00
-1.8696272285156672e+00
1.3612866285295879e+00
1.3612866285295879e+00
1.3612866285295881e+00
1.3612866285295875e+00
1.3612866285295875e+00
1.3612866285295875e+00
1.3612866285295875e+00
1.3612866285295875e+00
1.3612866285295875e+00
1.3612866285295875e+00
1.3612866285295875e+00
1.3612866285295875e+00
1.3612866285295879e+00
1.3612866285295877e+00
1.3612866285295877e+00
1.3612866285295877e+00
1.3612866285295881e+00
1.3612866285295881e+00
1.3612866285295881e+00
1.3612866285295873e+00
-8.6038379945748811e-01
-8.6038379945748811e-01
-8.6038379945748811e-01
-8.6038379945748811e-01
-8.6038379945748811e-01
-8.6038379945748811e-01
-8.6038379945748811e-01
-8.6038379945748811e-01
-8.6038379945748811e-01
-8.6038379945748811e-01
-8.6038379945748811e-01
-8.6038379945748811e-01
-8.6038379945748811e-01
-8.6038379945748811e-01
-8.6038379945748811e-01
-8.6038379945748811e-01
-8.6038379945748811e-01
-8.6038379945748811e-01
-8.6038379945748811e-01
-8.6038379945748811e-01
6.6616437492136837e-01
6.6616437492136837e-01
6.6616437492136837e-01
6.6616437492136837e-01
6.6616437492136837e-01
6.6616437492136815e-01
6.6616437492136815e-01
6.6616437492136815e-01
6.6616437492136815e-01
6.6616437492136815e-01
6.6616437492136815e-01
