0.0000000000000000e+00
0.0000000000000000e+00
0.0000000000000000e+00
0.0000000000000000e+00
0.0000000000000000e+00
0.0000000000000000e+00
0.0000000000000000e+00
0.0000000000000000e+00
-2.1957865889035606e-13
-5.6065755644212570e-12
-7.8677613381201285e-12
-7.8709464527885338e-12
-7.8802039851137000e-12
-7.8875972112680712e-12
-7.8625512906135585e-12
-7.8506066728139712e-12
-7.8638868220993471e-12
-7.8616133815144553e-12
-7.8600211953440897e-12
-7.8622878545872399e-12
-7.8806424384050673e-12
-7.8943445115437677e-12
-7.8735355432724139e-12
-7.8514322017708421e-12
-7.8248022033018869e-12
-7.8140589266903384e-12
-8.7508298522565468e-12
-9.6013904203818458e-12
-6.8694838791380273e-12
-8.7804573658083262e-12
-1.0191073567234752e-11
-1.0195717705468096e-11
-1.0202363174131397e-11
-1.0203022175225641e-11
-1.0203268000581916e-11
-1.0192400297643466e-11
-1.0176860148870836e-11
-1.0193948806629921e-11
-1.0194199619366487e-11
-1.0190928229089689e-11
-1.0191087253525332e-11
-1.0191587968461458e-11
-1.0200833150284853e-11
-1.0187246606462300e-11
-1.0183109188744397e-11
-1.0182121594585320e-11
-1.0179234033945382e-11
-1.0210503738269391e-11
-9.7247248633205888e-12
-1.0268483172868320e-11
-8.3898095032464701e-12
-8.3925151576306061e-12
-8.3933648957241403e-12
-8.3891230571025547e-12
-8.3894114093563909e-12
-8.3920662808516753e-12
-8.3918143636839520e-12
-8.3855071740276765e-12
-8.3815562324639547e-12
-8.3896125941364467e-12
-8.3898371864384426e-12
-8.3877856903158808e-12
-8.3901567051938149e-12
-8.3891373021343837e-12
-8.3910604391743216e-12
-8.3911149132306200e-12
-8.3924223708442798e-12
-8.3935813026178221e-12
-8.3929367680704618e-12
-1.0527108664049712e-11
-1.0278422596426337e-11
-1.0277374421210884e-11
-1.0277078825144758e-11
-1.0275069192703051e-11
-1.0276140307426047e-11
-1.0278224929444955e-11
-1.0276853327174213e-11
-1.0275872805916905e-11
-1.0278030757806248e-11
-1.0279222322676278e-11
-1.0276805963642178e-11
-1.0273174609691162e-11
-1.0278922264299887e-11
-1.0283373613060805e-11
-1.0286441731298573e-11
-1.0291225138594850e-11
-1.0276916624611573e-11
-1.0262727616815518e-11
-1.0251417458844116e-11
-9.9811912688699205e-12
-9.8853949538491915e-12
-9.8836234839929762e-12
-9.8822804212846080e-12
-9.8833782240828958e-12
-9.8846188182659764e-12
-9.8870146474978026e-12
-9.8858340352972297e-12
-9.8847070790981675e-12
-9.8833152624325812e-12
-9.8854062841040284e-12
-9.8864311984011251e-12
-9.8843716142972570e-12
-9.8819447723379467e-12
-9.8840431725041370e-12
-9.8854571322497467e-12
-9.8883173058284039e-12
-9.8908000261620545e-12
-9.8937143393291370e-12
-9.8852592581973916e-12
-9.8753377678894813e-12
-8.7335790968808311e-12
-8.7335254324104886e-12
-8.7334441294696159e-12
-8.7327775103622184e-12
-8.7338582988711646e-12
-8.7336689579314957e-12
-8.7344085713692794e-12
-8.7337985523467604e-12
-8.7328264796902700e-12
-8.7327734653131941e-12
-8.7335147981018822e-12
-8.7330030740390304e-12
-8.7323407313533820e-12
-8.7329012100373225e-12
-8.7332029716240757e-12
-8.7335721729036157e-12
-8.7331576297946407e-12
-8.7337285965609730e-12
-8.7328487853751237e-12
-8.7316799092537508e-12
-7.8612025107608607e-12
-7.8615813940946293e-12
-7.8613477483697936e-12
-7.8611190879804896e-12
-7.8603290924515797e-12
-7.8596676629422581e-12
-7.8608870689873857e-12
-7.8609502475031312e-12
-7.8619265112433473e-12
-7.8610275262676271e-12
-7.8606814922773837e-12
-7.8607411633906071e-12
-7.8612155884324218e-12
-7.8608226773406174e-12
-7.8604402042804364e-12
-7.8596951145072092e-12
-7.8596105029204780e-12
-7.8591038889477867e-12
-7.8606046456795364e-12
-7.8624433715414368e-12
-7.3777254745870149e-12
-7.3776272388815875e-12
-7.3771593984522898e-12
-7.3765751476609240e-12
-7.3763595665344228e-12
-7.3773601732859962e-12
-7.3785626860676341e-12
-7.3771580884486560e-12
-7.3770462285096900e-12
-7.3773428563434710e-12
-7.3768701902395345e-12
-7.3763972007846010e-12
-7.3759870676347150e-12
-7.3753572409434691e-12
-7.3769065862626828e-12
-7.3780624448487545e-12
-7.3798473424328181e-12
-7.3806297689293575e-12
-7.3824140372629992e-12
-7.3836131194720074e-12
-7.5006985600358230e-12
-7.5010731826128339e-12
-7.5011197442465373e-12
-7.5009687187341838e-12
-7.5011706292762309e-12
-7.5007284842236854e-12
-7.5005942370746588e-12
-7.5007921620831426e-12
-7.5010364970828188e-12
-7.5014278443882519e-12
-7.5012581337034878e-12
-7.5010931286036803e-12
-7.5007534657056640e-12
-7.5007235186391152e-12
-7.5010254218581529e-12
-7.5012992278537096e-12
-7.5018044896925827e-12
-7.5021365966255432e-12
-7.5026074529641446e-12
-7.5029964313005073e-12
-7.5761729248205855e-12
-7.5761392105099909e-12
-7.5761607530206810e-12
-7.5760832279715797e-12
-7.5761356735221425e-12
-7.5762925357947321e-12
-7.5762114581413718e-12
-7.5759732599337832e-12
-7.5760196876376606e-12
-7.5763248300591870e-12
-7.5759570112512140e-12
