0.0000000000000000e+00
0.0000000000000000e+00
0.0000000000000000e+00
0.0000000000000000e+00
0.0000000000000000e+00
0.0000000000000000e+00
0.0000000000000000e+00
0.0000000000000000e+00
-1.1755182750247355e+00
-2.4472817150567172e+00
-3.3214420864648595e+00
-3.3214420864648595e+00
-3.3214420864648595e+00
-3.3214420864648595e+00
-3.3214420864648595e+00
-3.3214420864648595e+00
-3.3214420864648595e+00
-3.3214420864648595e+00
-3.3214420864648595e+00
-3.3214420864648595e+00
-3.3214420864648595e+00
-3.3214420864648595e+00
-3.3214420864648595e+00
-3.3214420864648595e+00
-3.3214420864648595e+00
-3.3214420864648595e+00
-2.0478081827190855e+00
4.7087478453376033e-02
1.5635847240066414e+00
2.6105330440920396e+00
3.3708027620147512e+00
3.3708027620147512e+00
3.3708027620147512e+00
3.3708027620147512e+00
3.3708027620147512e+00
3.3708027620147512e+00
3.3708027620147512e+00
3.3708027620147512e+00
3.3708027620147512e+00
3.3708027620147512e+00
3.3708027620147512e+00
3.3708027620147512e+00
3.3708027620147512e+00
3.3708027620147512e+00
3.3708027620147512e+00
3.3708027620147512e+00
3.3708027620147512e+00
3.3439814266584991e+00
9.5443787345695641e-01
-9.9609543776401677e-01
-2.4057091753058408e+00
-2.4057091753058408e+00
-2.4057091753058408e+00
-2.4057091753058408e+00
-2.4057091753058408e+00
-2.4057091753058408e+00
-2.4057091753058408e+00
-2.4057091753058408e+00
-2.4057091753058408e+00
-2.4057091753058408e+00
-2.4057091753058408e+00
-2.4057091753058408e+00
-2.4057091753058408e+00
-2.4057091753058408e+00
-2.4057091753058408e+00
-2.4057091753058408e+00
-2.4057091753058408e+00
-2.4057091753058408e+00
-2.4057091753058408e+00
-2.2063856589763897e-01
1.5934966976625435e+00
1.5934966976625435e+00
1.5934966976625435e+00
1.5934966976625435e+00
1.5934966976625435e+00
1.5934966976625435e+00
1.5934966976625435e+00
1.5934966976625435e+00
1.5934966976625435e+00
1.5934966976625435e+00
1.5934966976625435e+00
1.5934966976625435e+00
1.5934966976625435e+00
1.5934966976625435e+00
1.5934966976625435e+00
1.5934966976625435e+00
1.5934966976625435e+00
1.5934966976625435e+00
1.5934966976625435e+00
8.8741461279875278e-01
-1.1072566241591093e+00
-1.1072566241591093e+00
-1.1072566241591093e+00
-1.1072566241591093e+00
-1.1072566241591093e+00
-1.1072566241591093e+00
-1.1072566241591093e+00
-1.1072566241591093e+00
-1.1072566241591093e+00
-1.1072566241591093e+00
-1.1072566241591093e+00
-1.1072566241591093e+00
-1.1072566241591093e+00
-1.1072566241591093e+00
-1.1072566241591093e+00
-1.1072566241591093e+00
-1.1072566241591093e+00
-1.1072566241591093e+00
-1.1072566241591093e+00
-1.1072566241591093e+00
7.1974115771525071e-01
7.1974115771525071e-01
7.1974115771525071e-01
7.1974115771525071e-01
7.1974115771525071e-01
7.1974115771525071e-01
7.1974115771525071e-01
7.1974115771525071e-01
7.1974115771525071e-01
7.1974115771525071e-01
7.1974115771525071e-01
7.1974115771525071e-01
7.1974115771525071e-01
7.1974115771525071e-01
7.1974115771525071e-01
7.1974115771525071e-01
7.1974115771525071e-01
7.1974115771525071e-01
7.1974115771525071e-01
7.1974115771525071e-01
-5.5661799857248240e-01
-5.5661799857248240e-01
-5.5661799857248240e-01
-5.5661799857248240e-01
-5.5661799857248240e-01
-5.5661799857248240e-01
-5.5661799857248240e-01
-5.5661799857248240e-01
-5.5661799857248240e-01
-5.5661799857248240e-01
-5.5661799857248240e-01
-5.5661799857248240e-01
-5.5661799857248240e-01
-5.5661799857248240e-01
-5.5661799857248240e-01
-5.5661799857248240e-01
-5.5661799857248240e-01
-5.5661799857248240e-01
-5.5661799857248240e-01
-5.5661799857248240e-01
3.5394763895154080e-01
3.5394763895154080e-01
3.5394763895154080e-01
3.5394763895154080e-01
3.5394763895154080e-01
3.5394763895154080e-01
3.5394763895154080e-01
3.5394763895154080e-01
3.5394763895154080e-01
3.5394763895154080e-01
3.5394763895154080e-01
3.5394763895154080e-01
3.5394763895154080e-01
3.5394763895154080e-01
3.5394763895154080e-01
3.5394763895154080e-01
3.5394763895154080e-01
3.5394763895154080e-01
3.5394763895154080e-01
3.5394763895154080e-01
-2.8264537501784576e-01
-2.8264537501784576e-01
-2.8264537501784576e-01
-2.8264537501784576e-01
-2.8264537501784576e-01
-2.8264537501784576e-01
-2.8264537501784576e-01
-2.8264537501784576e-01
-2.8264537501784576e-01
-2.8264537501784576e-01
-2.8264537501784576e-01
-2.8264537501784576e-01
-2.8264537501784576e-01
-2.8264537501784576e-01
-2.8264537501784576e-01
-2.8264537501784576e-01
-2.8264537501784576e-01
-2.8264537501784576e-01
-2.8264537501784576e-01
-2.8264537501784576e-01
1.6833152957574565e-01
1.6833152957574565e-01
1.6833152957574565e-01
1.6833152957574565e-01
1.6833152957574565e-01
1.6833152957574565e-01
1.6833152957574565e-01
1.6833152957574565e-01
1.6833152957574565e-01
1.6833152957574565e-01
1.6833152957574565e-01
