0.0000000000000000e+00
1.3537322505375611e-04
2.7078048780313792e-04
4.0616941790845486e-04
5.4154002033185628e-04
6.7689230003521370e-04
8.1234146340885844e-04
9.4777228279077413e-04
1.4962295255478871e-03
2.3639275248881681e-03
3.2572116942460507e-03
3.1218182787230509e-03
2.9864065293403489e-03
2.8509764411329568e-03
2.7156475468899381e-03
2.5803003362597264e-03
2.4448670590903089e-03
2.3094768151865714e-03
2.1740682382811304e-03
2.0386963273806248e-03
1.9033060884452542e-03
1.7678975165112006e-03
1.6325255956732743e-03
1.4971353467984855e-03
1.3617267649214562e-03
1.2262998450774170e-03
8.6156889170984838e-04
1.2117771929530209e-04
-7.2239246991926320e-04
-1.6070167229828717e-03
-2.5048803017495300e-03
-2.3694890385346332e-03
-2.2341161036331780e-03
-2.0987614920823347e-03
-1.9634251989227645e-03
-1.8279280630708417e-03
-1.6924492842057565e-03
-1.5571475752634123e-03
-1.4217573313502045e-03
-1.2863854154729481e-03
-1.1509768435386918e-03
-1.0155866046024486e-03
-8.8021469370218146e-04
-7.4480611183188835e-04
-6.0941586296378992e-04
-4.7404394213290143e-04
-3.3869034437969110e-04
-1.9945617770523311e-04
4.3961161744017312e-04
1.2178422048118474e-03
2.0741328562739209e-03
1.9387328125060909e-03
1.8033144330838542e-03
1.6679523246326631e-03
1.5325620806913008e-03
1.3971535037489409e-03
1.2617265888415674e-03
1.1263913489661108e-03
9.9103779098436758e-04
8.5561086116629705e-04
7.2022061726454074e-04
5.8481204036255009e-04
4.4944012945901730e-04
3.1404989052014542e-04
1.7864131858227720e-04
4.3214408681241379e-05
-9.2120846155702233e-05
-2.2747441910215730e-04
-3.6284631511952948e-04
-1.0208767554145714e-03
-1.8258267140829733e-03
-1.6904364823264061e-03
-1.5550645786040994e-03
-1.4197109979528927e-03
-1.2843757354143758e-03
-1.1488755068490481e-03
-1.0134852629317963e-03
-8.7811334705105101e-04
-7.4270477512398373e-04
-6.0731453619593408e-04
-4.7192428731766909e-04
-3.3655236647720541e-04
-2.0114379951423339e-04
-6.5753565548393888e-05
6.9618340382560337e-05
2.0497192324178700e-04
3.4041717609058203e-04
4.7584408600665596e-04
6.1125265795949652e-04
8.9470457708029486e-04
1.6667246042289308e-03
1.5313419913441603e-03
1.3959410475268895e-03
1.2605615034471337e-03
1.1251636292641046e-03
9.8974742001397111e-04
8.5439077172937779e-04
7.1900052783154043e-04
5.8359195093380127e-04
4.4822004001897407e-04
3.1282980106938897e-04
1.7743955221634144e-04
4.2030970360510554e-05
-9.3340935591113423e-05
-2.2873116957850261e-04
-3.6413973656196190e-04
-4.9956664150892672e-04
-6.3501188938621755e-04
-7.7029215512025356e-04
-9.0559072408022065e-04
-1.5678226987731767e-03
-1.4324650999645995e-03
-1.2971258203557782e-03
-1.1616846122161273e-03
-1.0262943683309897e-03
-8.9092245248074118e-04
-7.5556885970796657e-04
-6.2012363664370638e-04
-4.8469675650382764e-04
-3.4934314883369678e-04
-2.1395290493057207e-04
-7.8562661026744760e-05
5.6809254841127473e-05
1.9221782677753479e-04
3.2760806571491876e-04
4.6297997661640062e-04
5.9833356444459061e-04
7.3366883415896741e-04
8.6916904627225983e-04
1.0046509005661268e-03
1.4950948708479805e-03
1.3597159344031317e-03
1.2243186680205289e-03
1.0889354465471268e-03
9.5353389397467890e-04
8.1811400533952743e-04
6.8276471482730486e-04
5.4737447093113046e-04
4.1196589403525477e-04
2.7659398312105332e-04
1.4120374417241424e-04
5.8134953182169180e-06
-1.2959508653835754e-04
-2.6496699248810710e-04
-4.0035722647177336e-04
-5.3576579345442955e-04
-6.7119269839895307e-04
-8.0663794627480496e-04
-9.4191821201882538e-04
-1.0772167809891603e-03
-1.4544642659846951e-03
-1.3190778185637256e-03
-1.1837096981513044e-03
-1.0483598997870435e-03
-9.1302841851120375e-04
-7.7751684303123902e-04
-6.4202362845075891e-04
-5.0673635522611483e-04
-3.7134611130400805e-04
-2.3597419541867740e-04
-1.0056562348734193e-04
3.4824615444501593e-05
1.7019652634110737e-04
3.0555011416311454e-04
4.4099535211774470e-04
5.7642224714318357e-04
7.1183080420807046e-04
8.4722102827876474e-04
9.8259292431764327e-04
1.1179464972867362e-03
1.4200410684490062e-03
1.2846519177795229e-03
1.1492444344062599e-03
1.0138186133633435e-03
8.7848118603395579e-04
7.4312544000685948e-04
6.0775137032122390e-04
4.7231045433301954e-04
3.3692021042940919e-04
2.0151163352460271e-04
6.6139722623482277e-05
-6.9250516312860822e-05
-2.0465908824759743e-04
-3.4008599814659896e-04
-4.7542125299083446e-04
-6.1077482594619416e-04
-7.4614672197133888e-04
-8.8153694602788259e-04
-1.0169455030785651e-03
-1.1523723980905582e-03
-1.4029018989112495e-03
-1.2675119729445949e-03
-1.1321403749283297e-03
-9.9678709990148147e-04
-8.6145214290403655e-04
-7.2595099738190054e-04
-5.9056075346393627e-04
-4.5518883758230221e-04
-3.1978026565589911e-04
-1.8439002672737242e-04
-4.8999777849670630e-05
