0.0000000000000000e+00
2.2465793513785306e-17
-1.5286859570481802e-16
-3.2231118017106310e-16
1.4744575904238913e-16
-4.9551466265095470e-17
2.5383829679920689e-16
-2.6003352805282205e-16
-1.3337265305142060e-16
-6.0873506876109248e-16
-6.2152883316239208e-16
-5.8748597657764277e-16
-1.0771120518450552e-15
-1.3973748279131373e-15
-4.1853349697732727e-16
-2.0718573927466952e-17
-9.6993600228691907e-16
-5.7293254878335596e-16
-5.2611529877377727e-16
-5.0382295459038903e-16
-8.5040677267192428e-16
-8.1481962470477646e-16
-6.5217694231397411e-16
4.7512356779587355e-17
4.3695984171357008e-17
5.6357670364849962e-16
-7.4356324864522399e-16
-8.7449650349315502e-16
-5.5491804218329859e-16
-9.1804557447633856e-16
-8.1600243082775570e-16
-6.4634184821052014e-16
-3.6265805992633332e-16
4.6016502127488351e-17
2.3385749665123209e-16
-1.1618963327241454e-15
-2.5042222770614283e-15
-6.3118277254804885e-16
-1.1155863102305506e-15
-9.1166338368587970e-16
-1.2530437425551406e-15
-9.9666667452841864e-16
-5.7656855756178485e-16
-9.8314906838626391e-16
-1.6139874478066000e-15
-1.8414123793533424e-15
-1.8441669444378395e-15
-1.6717288374393227e-15
-1.2642991030170029e-15
-1.3366923115830460e-15
-1.6924157407930482e-15
-1.6601795278699562e-15
-1.7623925461148783e-15
-1.3955377535831429e-15
-1.6277625746813027e-15
-1.7546701637885198e-15
-1.6219518170949449e-15
-1.7802879149366272e-15
-1.4402058697678165e-15
-1.9007951742166711e-15
-1.7466427619898338e-15
-1.1840353334792200e-15
-2.0346404625661663e-15
-2.3879509407211032e-15
-2.8929817218925815e-15
-3.3578137249441587e-15
-1.8414613149101151e-15
-5.6551775455375290e-16
6.4925159685415727e-16
-2.1217939498711323e-15
-2.6612786691559937e-15
-2.4668536235222911e-15
-2.6685348612497796e-15
-2.8473232018251541e-15
-2.8677027142582096e-15
-2.2920213632034587e-15
-2.3601333711747935e-15
-2.0952661371650971e-15
-2.4191213264676543e-15
-3.2904546589058144e-15
-2.7798821671381200e-15
-2.1909936659637323e-15
-2.1564620383555812e-15
-2.4793936843061057e-15
-2.4653925481993441e-15
-2.4280232326791702e-15
-2.7817794101249857e-15
-2.7064484158952912e-15
-2.6393768752868918e-15
-2.8851972802631255e-15
-3.1833730741672525e-15
-2.9695342348117699e-15
-2.2158181266193292e-15
-2.8109689241240309e-15
-3.2203460670993390e-15
-4.1935199725048278e-15
-2.9718672924319209e-15
-2.6243263353791341e-15
-2.5734035542922724e-15
-2.6698166666755598e-15
-2.9885467724365186e-15
-2.5055945561742862e-15
-2.0818303698638557e-15
-2.7316278135988195e-15
-3.3872144420118178e-15
-4.7595541168180884e-15
-5.3640556061817466e-15
-6.2390318797769949e-15
-2.1097395945794708e-15
1.5462465836940838e-15
-2.5975486246254130e-15
-2.7495343151910005e-15
-2.3395138002914685e-15
-2.6102030907663574e-15
-2.6882850752482725e-15
-2.8735029531397296e-15
-2.4603455117728089e-15
-2.6017756602614713e-15
-3.1832040565887519e-15
-2.6114449097455576e-15
-1.7600222894456968e-15
-2.4494618800859888e-15
-2.9078357198830438e-15
-2.3505042007646037e-15
-1.9284137617467493e-15
-1.9323404049952535e-15
-1.5947957579052181e-15
-1.3116304050974437e-15
-2.9680183926200027e-15
-4.0950507981559296e-15
-2.4351864237154705e-15
-3.1666512200968375e-15
-3.4679131349067261e-15
-2.6661930394734143e-15
-1.9064978611574081e-15
-1.0324339108658425e-15
-2.8172323936299014e-15
-2.8849195813315156e-15
-3.6456377316235367e-15
-2.5148884833255418e-15
-1.4721460068482676e-15
-2.9154081368215853e-15
-4.3586507558109315e-15
-2.8806452554312695e-15
-1.4751146475183931e-15
3.8272043991097552e-16
1.6750252786795064e-15
3.6695362841120905e-15
-2.7770978695072606e-15
-9.0983377907361254e-15
-3.4072996367268485e-15
-3.7038269805738662e-15
-3.4344126087956331e-15
-3.6262933047706720e-15
-3.5291658942479462e-15
-3.3391774110757050e-15
-2.6572008370573115e-15
-3.6055647174416500e-15
-3.7038260794762926e-15
-3.2238174644312783e-15
-3.2439259304063764e-15
-4.0758970785308195e-15
-3.8824996180578240e-15
-4.8164484468349487e-15
-3.0896867735851043e-15
-2.2612912727621549e-15
-1.0735117188865562e-15
-1.4670398630132839e-16
1.2634669661595480e-15
1.8309446280024047e-15
-3.2583446240100809e-15
-3.7413384967260123e-15
-3.6646871051729488e-15
-3.7638626190479371e-15
-4.0574763367275491e-15
-4.2152964268791767e-15
-3.8968212184424398e-15
-3.1573178600408758e-15
-3.5986664427372444e-15
-4.3847802716877263e-15
-4.1010945073102554e-15
-3.1139287819200116e-15
-2.8890762677717282e-15
-2.2033883781693094e-15
-4.0828247166676388e-15
-5.6252602661876721e-15
-7.2609414455812001e-15
-9.1173300727617288e-15
-1.0394503891165899e-14
-1.2233234477853284e-14
-3.7089240181229043e-15
-4.0700091024642644e-15
-4.2277650193598920e-15
-4.2088771437721376e-15
-4.3281808242559021e-15
-3.8759813751243758e-15
-3.8324044896774487e-15
-3.6145351750372364e-15
-3.9489898587566695e-15
-3.6253113417136744e-15
-3.5940736991924026e-15
