0.0000000000000000e+00
6.0927483337545057e-17
-9.8595428883528611e-17
-1.3299009831435092e-16
1.3557523344510940e-16
-2.1519466309824344e-16
1.8686948222872283e-16
-2.3647254503838222e-17
-1.7816423878772081e-16
3.4650823149670299e-17
-4.1278116898454581e-16
-1.7377944454108543e-16
-1.3561227169657488e-16
6.3058664695939975e-17
-3.4838482174329324e-16
-1.1496871556098408e-15
-6.3177094795377206e-16
-3.3124047590118493e-16
-9.1244007737660073e-16
-3.8945792772639573e-16
-3.0490481162015203e-16
4.9438171183418783e-16
-7.5295157791924521e-16
-1.1097575107407557e-15
-2.1886872345335526e-15
-2.4683590275839454e-15
-2.4931674724161770e-16
-4.4935609116225449e-16
-2.9948822297455997e-16
-6.7581106116292113e-16
-1.9844137045628442e-16
-4.0643551093497587e-16
-6.2718668907615863e-16
-5.8237070448430585e-16
-9.2076054397518103e-16
-1.6441516993145701e-16
-2.5197574233980230e-16
-6.5544673347937449e-16
-5.5125100957913891e-16
-3.9582921819822839e-16
1.1576887781346646e-16
-3.2274841782706741e-16
9.6980569738836488e-17
-3.7929557847566359e-16
-8.2096130164295755e-16
-1.6544127965694187e-15
-1.9127722907570616e-15
-8.0077961522137433e-16
-9.3411420385046532e-16
-7.3544934168789735e-16
-1.1290089841448458e-15
-7.4671025272657871e-16
-2.4610649966410698e-16
-9.5126924602303497e-16
-6.1429583514255200e-16
-1.1889353476454579e-15
-6.4085474135482234e-16
-1.6652784999597669e-15
-2.2534772710467650e-15
-1.2827665366614112e-15
-1.2152484585303437e-15
-8.7468435495464321e-16
-1.1271443597224369e-15
-1.7357084105504717e-15
-1.4789234316960714e-15
-1.9504956148244702e-15
-8.9195815060293383e-16
4.8911979605022679e-17
2.9555308926405123e-16
-1.0925984214202036e-15
-1.6886431521563012e-15
-2.0696198092698591e-15
-1.6555415834582214e-15
-1.8284273062544917e-15
-1.8156974893373367e-15
-1.7384815750497344e-15
-1.4403580242301595e-15
-1.2011569211637778e-15
-1.7184131892746151e-15
-2.7665375649928725e-15
-1.4410735763988373e-15
-6.1981510598178431e-16
-1.6042080924211763e-15
-2.2158692321827619e-15
-2.9496438522239717e-15
-3.4862282815018048e-15
-1.7984095212494792e-15
-1.3245696398223364e-16
1.3324650597769532e-15
-2.6020732243817018e-15
-2.6912143906427743e-15
-2.8429424155070076e-15
-2.9653693609577067e-15
-2.2746046674854513e-15
-1.8524599287607549e-15
-1.5417595579688267e-15
-2.6909662659207599e-15
-2.3671621806493635e-15
-2.6026680218758301e-15
-2.2603412872539536e-15
-2.4617132915527829e-15
-2.2289662532879690e-15
-2.2153514756849759e-15
-2.1626005577337884e-15
-2.8782685047803318e-15
-3.5507827370835122e-15
-3.9171454314406298e-15
-4.0894649987959883e-15
-2.3960122507345719e-15
-7.9372871662317067e-16
-2.0238787714661815e-15
-2.0806542172579830e-15
-2.1800200435529288e-15
-2.2120184327228874e-15
-2.6674266714059200e-15
-2.4005780394253361e-15
-2.3901545658725669e-15
-2.2206775944069471e-15
-2.4593997130140361e-15
-2.3924554293382785e-15
-2.1203313913932447e-15
-2.1262707617415213e-15
-2.3017842363788793e-15
-2.4558651175341990e-15
-1.9768071584589216e-15
-1.8220097228751785e-15
-2.1320270216960646e-15
-1.4477685709394341e-15
-2.1225362316363928e-15
-2.5139957993942765e-15
-2.0047644778144777e-15
-2.0910793597301557e-15
-2.6717593134887330e-15
-2.1083220137061927e-15
-2.0649765779786087e-15
-1.8903104658083379e-15
-2.2699944661847729e-15
-2.7623133341312420e-15
-3.3098150245622330e-15
-1.9090161911080237e-15
-1.2441814712020514e-15
-2.3583510842349031e-15
-3.6066475939306123e-15
-1.9604181811061163e-15
-9.3522551848542318e-16
3.9595237540904323e-16
2.1289298928911319e-15
3.7887275207625981e-15
-2.8185639061258724e-15
-8.7479767508243159e-15
-3.1317252261633440e-15
-3.0087789274864858e-15
-2.4666442938123598e-15
-2.5863391247216594e-15
-1.9070084927818045e-15
-2.7287638299927124e-15
-3.4372861643222456e-15
-2.6481450586995225e-15
-3.0761065058686365e-15
-3.2377940529898875e-15
-2.6729016892098613e-15
-2.6418447183940380e-15
-2.6234824126644966e-15
-2.4098923818640039e-15
-2.5423808727697553e-15
-2.9256287089379877e-15
-3.4674850361905090e-15
-4.0856006501965651e-15
-4.0604464495482894e-15
-4.7128899417705352e-15
-2.7399515654092180e-15
-2.4625078824464338e-15
-2.8006560717723156e-15
-3.2619019478923227e-15
-3.4931869169705209e-15
-3.0189965546046310e-15
-3.5175440359719516e-15
-2.7757534771102857e-15
-2.7366285527429924e-15
-3.1505476427068243e-15
-2.8505358568696314e-15
-2.5842195214954741e-15
-2.0987559631518221e-15
-1.6961358115135542e-15
-3.1645662458882116e-15
-4.2984637174070033e-15
-6.1990875198727551e-15
-7.5807032612500784e-15
-9.0903155709235137e-15
-1.0481908561993733e-14
-3.5150662647797347e-15
-3.0940079235058978e-15
-3.3123689222326685e-15
-3.2019182914081981e-15
-3.5281347349244708e-15
-3.3082359444331244e-15
-3.1651089117768469e-15
-3.2704905308324134e-15
-3.3011357629614815e-15
-3.5259318047570424e-15
-3.5875036523803406e-15
