0.0000000000000000e+00
-5.8022706893795352e-05
-1.1604878048616460e-04
-1.7407822129897267e-04
-2.3211102972360028e-04
-2.9014720614977725e-04
-3.4814634145380861e-04
-4.0614884085304323e-04
-8.4784779809081619e-04
-1.6064521851485098e-03
-2.4005013711842775e-03
-2.3424895433578020e-03
-2.2844810807080276e-03
-2.2264759828443041e-03
-2.1684163727713414e-03
-2.1103601334217801e-03
-2.0523675922907553e-03
-1.9943432020459147e-03
-1.9363221784357799e-03
-1.8782944215591389e-03
-1.8202700317083193e-03
-1.7622490084913496e-03
-1.7042212508273989e-03
-1.6461968601892240e-03
-1.5881758361848428e-03
-1.5301581784248170e-03
-1.2746227280936947e-03
-6.6394483252672147e-04
6.4375993859093445e-05
8.4541475377469051e-04
1.6469445112726052e-03
1.5889262868281902e-03
1.5309046960742326e-03
1.4728797386199758e-03
1.4148514140747794e-03
1.3568287257264549e-03
1.2988026705505963e-03
1.2407799452338246e-03
1.1827555549835493e-03
1.1247277977084224e-03
1.0667067744915245e-03
1.0086823846404229e-03
9.5065462776471553e-04
8.9263360375977817e-04
8.3460921312008055e-04
7.7658145545553758e-04
7.1855033037483327e-04
6.5741914820028810e-04
1.5545448055615441e-04
-4.9664688350189523e-04
-1.2401901041514071e-03
-1.1822973999193317e-03
-1.1244080470588645e-03
-1.0662486196278775e-03
-1.0082242293583598e-03
-9.5020320572453566e-04
-8.9218554833373300e-04
-8.3415105860707751e-04
-7.7611993668762755e-04
-7.1810227812592418e-04
-6.6007788788185692e-04
-6.0205686427169242e-04
-5.4402910739425095e-04
-4.8600471754127342e-04
-4.2798369432273890e-04
-3.6996603734839960e-04
-3.1193154641254709e-04
-2.5390042328316112e-04
-1.9587266756945551e-04
3.3009992487553882e-04
1.0123305630697073e-03
9.5430638221946542e-04
8.9627883436813982e-04
8.3824791912491623e-04
7.8021363610022044e-04
7.2220882111686288e-04
6.6418443085725109e-04
6.0615667357245861e-04
5.4813565036584944e-04
4.9011126052483564e-04
4.3208686987621819e-04
3.7405911220216807e-04
3.1603808939047098e-04
2.5801369994530362e-04
1.9998594347361609e-04
1.4195481958719018e-04
8.3940528420451343e-05
2.5922871400326076e-05
-3.2098151863144540e-05
-2.2059186651718156e-04
-8.6533732378786402e-04
-8.0736789255075685e-04
-7.4940182157320532e-04
-6.9131911222781669e-04
-6.3323977628751199e-04
-5.7516381336122999e-04
-5.1724594151235609e-04
-4.5922155125524371e-04
-4.0120052763296547e-04
-3.4317277075793359e-04
-2.8514838090691646e-04
-2.2712399027145636e-04
-1.6910296627086667e-04
-1.1107520978197166e-04
-5.3050820317242677e-05
4.9702025103385729e-06
6.2987859097003536e-05
1.2100214982891713e-04
1.7904674145663712e-04
2.3708796410549219e-04
7.7601238033004043e-04
7.1817888832250223e-04
6.6034205140984639e-04
6.0213010756951838e-04
5.4410571741977443e-04
4.8607796024483158e-04
4.2804683565363246e-04
3.7003254672586517e-04
3.1201489194583788e-04
2.5398376623215081e-04
1.9595937598848064e-04
1.3793498574239584e-04
7.9907228471441479e-05
2.1886205256642260e-05
-3.6138184592583960e-05
-9.4165941466812920e-05
-1.5219706575735444e-04
-2.1023155785467669e-04
-2.6823574594306949e-04
-3.2624329871269590e-04
-7.0747473801879433e-04
-6.4950780131614529e-04
-5.9154422458564798e-04
-5.3345902096872146e-04
-4.7537719104666582e-04
-4.1729873442847027e-04
-3.5938585025361663e-04
-3.0136145999607117e-04
-2.4334043637325411e-04
-1.8531267949534975e-04
-1.2728828964213133e-04
-6.9263899008645431e-05
-1.1242875010308193e-05
4.6784881480419383e-05
1.0480927094604477e-04
1.6283029377784882e-04
2.2084795036521869e-04
2.7886224109920825e-04
3.3690683272019400e-04
3.9494805536212065e-04
6.7194233288939685e-04
6.1393644482209955e-04
5.5592719187744178e-04
4.9791457366480860e-04
4.3989858979186344e-04
3.8183888374776064e-04
3.2377580657810763e-04
2.6579010324913381e-04
2.0776571300635882e-04
1.4973795573811467e-04
9.1716932516345894e-05
3.3692542659704894e-05
-2.4335214222325791e-05
-8.2366338520254570e-05
-1.4038062845404456e-04
-1.9839828424252114e-04
-2.5641930627333501e-04
-3.1444369493848119e-04
-3.7247145062936670e-04
-4.3050257373570340e-04
-6.3931251146568573e-04
-5.8129310033613369e-04
-5.2327705526281879e-04
-4.6526437585570952e-04
-4.0721992970141026e-04
-3.4917885250995533e-04
-2.9114114388886303e-04
-2.3314675897506988e-04
-1.7512236872944701e-04
-1.1710134511939862e-04
-5.9073588243508213e-05
-1.0491983926898390e-06
5.6971824823066246e-05
1.1498948179615105e-04
1.7302397273878705e-04
2.3105509587403655e-04
2.8908285159461467e-04
3.4710724028884002e-04
4.0512826234921482e-04
4.6314591816649150e-04
6.2503396719905261e-04
5.6701100190369765e-04
5.0898466974930319e-04
4.5095497034387062e-04
3.9292190329645544e-04
3.3491344085586846e-04
2.7688905059678945e-04
2.1886129331158600e-04
1.6084027010568582e-04
1.0281588026635771e-04
4.4791489616729896e-05
