0.0000000000000000e+00
-3.0400873532949595e-17
-2.8150456241461488e-16
-3.6582843453062762e-16
-5.5492805422902652e-17
-7.5070734807564675e-19
-1.6570883098532452e-16
-4.1767183653062219e-16
-4.0306927570304893e-17
-7.4042135272401644e-16
-6.8846374156412418e-16
-8.4664614021845991e-16
-1.2198154089463633e-15
-1.5772615176430890e-15
-4.3307499955537284e-16
8.0226154331037116e-17
-5.1876451455328882e-16
-3.9528320347886851e-16
-2.8554964809188139e-16
-4.5428674393931294e-16
-1.1073824030717500e-15
-1.6323379195202655e-15
-8.7613487291770738e-16
6.4633572252414513e-17
9.9848600396520708e-16
1.5111074556804721e-15
-7.9506372471428105e-16
-7.3349095459970786e-16
-2.7305983276178874e-16
-7.4069299295786795e-16
-8.0334762662915896e-16
-2.1696360434911020e-16
-9.1437527297257979e-17
1.2024204345122111e-16
2.1242369569024800e-16
-6.5587173251477825e-16
-1.9832871470539919e-15
-4.3124751804454310e-16
-5.1180175688075813e-16
-5.6266310536017761e-16
-7.4335621943315710e-16
-5.1479955382566309e-16
-1.1328380083324616e-16
-1.0185426158898543e-15
-1.2813853556914772e-15
-1.4890347293172085e-15
-1.5348355059809299e-15
-1.0370252764711215e-15
-6.1644502646045754e-16
-7.5567387861476331e-16
-4.2829535921547154e-16
-7.7641144474337040e-16
-9.5012346737106257e-16
-6.6004769778900823e-16
-7.7401116091535378e-16
-1.0560265323187966e-15
-1.0380609187228904e-15
4.0177548099796773e-18
6.9952657994818424e-16
-4.8892938974600902e-16
-4.0061040957635994e-16
-9.7170255740081482e-17
-6.9639387142383492e-16
-2.4942742332629271e-16
-7.1549230077603136e-16
-9.2805338314238753e-16
-5.2752393922346112e-16
-9.9123513347062313e-16
-7.8613406636667043e-16
-9.6588290257307445e-16
-6.8701224545414908e-16
-8.4431237414762423e-16
-7.8701158640216146e-16
-1.2337200962136186e-15
-9.5327940504895798e-16
-5.7761856914950990e-16
-9.9495636086077008e-16
-1.1382398812044129e-15
-5.1498624344427479e-16
-1.9595469592077765e-16
-6.5378337289500093e-16
-1.4903709968915632e-15
-3.0325947040764917e-16
5.5902946920635952e-16
1.1947839629517502e-15
2.1392439811912558e-15
-6.2675084597217524e-16
-3.5772377579337541e-15
-6.3294862628090344e-15
-5.6802442057902036e-16
-6.7182964786473061e-16
-4.5343903908784956e-17
3.4134878626363027e-16
-1.4459880783491789e-16
-6.3068560280299842e-16
-1.0720255496554396e-15
-7.3740563333420688e-16
-4.7918391429400737e-16
-6.3138144297236350e-17
-5.8463858528597581e-16
-1.3708467059807326e-15
-3.7188905130526926e-16
6.1250046683771430e-16
-4.2848534037950968e-16
-1.1022751088375339e-15
-1.8997716410368163e-15
-2.5923252205894370e-15
-3.2613806415836584e-15
-6.2489859319971254e-16
2.5087933340904521e-15
-4.6728970224707670e-16
-5.2189882472129865e-17
-1.2090923204698799e-16
-7.7474494670504282e-16
-3.4254090066287802e-16
-4.3940644426717986e-17
2.1936668138676630e-16
-2.8098407925291474e-16
-3.9945938476147696e-16
-3.4632194136922294e-16
-8.4348338968808009e-17
-3.7616318809724566e-16
-7.2057054336375762e-16
-4.2452518133494336e-16
-2.5771887861541646e-16
-7.4001996460432337e-17
-6.1776468085924253e-16
-2.5561482720925964e-16
-5.0538472822471377e-16
-7.5220128959412538e-16
-3.8874144339959895e-16
-8.1172190018573962e-16
-7.3853960514057594e-16
-3.2532257067812910e-16
8.6981672569996299e-17
7.0927446612629524e-16
-2.2386603470827406e-16
-2.1276109291508217e-16
-1.0155330735967853e-15
-4.0600642145489116e-16
-3.9914770405080268e-17
-1.1287059320622974e-16
-8.2737309766501137e-16
-2.1834785807833262e-16
3.9646596285992577e-16
7.1340744431486351e-16
6.2989382235210354e-16
9.1326836631135627e-16
-3.8367046038637697e-17
-1.2316278044830696e-15
-3.8357487210857447e-16
-3.7439525921099857e-16
-7.6371887422276071e-16
-1.2823446495875528e-15
-1.6716544800078654e-15
-6.9842160657770527e-16
4.7524339209001044e-16
-8.2395632507191961e-16
-8.5990459309707146e-16
-4.6288266096526820e-16
-1.0938140672550376e-15
-1.2238725882132500e-15
-1.7948183303794781e-15
-2.5087709747481646e-15
-1.1006609698116191e-15
1.0601041606602930e-16
1.8503524522415342e-15
2.8046259594895797e-15
4.4297277687679995e-15
5.5330480985741424e-15
-5.6380433297055732e-16
-1.0344796857694248e-15
-1.0284378790179356e-15
-1.1205165470918952e-15
-1.0575125280855788e-15
-3.9486826684936686e-16
-2.2174711029818876e-16
-4.0255476656041433e-16
-8.2547911252051247e-16
-1.5780548822753931e-15
-1.4144329852264499e-15
-9.6718420881200279e-16
-6.4575772477013853e-16
-4.4592352621472314e-16
-7.6343351294184170e-16
-1.4585170923724430e-15
-2.1871706264145683e-15
-2.9830678996727452e-15
-3.6524042679260223e-15
-4.1483528985184371e-15
-5.6456873162688298e-16
-7.3681401773141787e-16
-8.2562714522686150e-16
-9.9711766301851802e-16
-1.0694315859867642e-15
-4.8563642468446815e-16
-6.6432214611586547e-16
-1.1427516627045386e-15
-1.0494258667063761e-15
-4.2057497228857743e-16
-1.1614946876773764e-15
