0.0000000000000000e+00
-2.3463537240147922e-29
-3.8947732352624943e-29
-4.1058701018403533e-28
1.7762734852639472e-29
4.8472619293799331e-16
7.0385319374527251e-17
2.9748336286504422e-17
4.4408920985008904e-16
7.8804476403877093e-16
3.7370389047538378e-16
-2.6812591141373171e-16
-2.7901455821517414e-16
-4.1978519696462307e-16
-2.5325174327024936e-16
-4.2095785146141231e-17
-2.9534752841664065e-16
-2.1951788564149538e-16
8.9245008860200412e-17
-3.6028852439065386e-16
-2.7221617003385356e-17
1.0013365566064566e-16
-3.8060701593470593e-16
-6.2841443580359188e-16
-1.1091551073976880e-15
-1.4531106615851623e-15
-1.2347448860084245e-17
-2.1951788564113211e-16
2.5267192842909739e-18
-1.6400673441011870e-16
-4.6732530551083782e-16
-1.9919939409747481e-16
-7.1513272538081170e-16
-2.1951788564154688e-16
-2.3040653244300935e-16
-8.9255482587564093e-16
-1.5477999938479359e-15
-5.0251796519838343e-16
-1.1393990657958347e-16
-6.7994006569337614e-16
-1.0739624477126313e-15
-1.1849847501754605e-15
-1.0075626496806234e-15
-9.9268848153649164e-16
-1.3921551869562794e-15
-1.5438144725087977e-15
-1.9026441948442806e-15
-5.7688880591625535e-16
-3.2908138604334685e-16
-6.1752578900334304e-16
-1.9774059203871558e-16
-3.7516269253418329e-16
-1.3351852336676823e-15
-5.1194780994110174e-16
1.1500782380429312e-16
-2.0862923884040490e-16
-5.4169614622854299e-16
-2.9933304975754362e-16
-5.1525629886647942e-17
-5.7688880591445033e-16
-1.8286642389474459e-16
1.2045214720586093e-16
-5.7688880591368691e-16
-7.7462939794920899e-16
-1.8863112246325204e-15
-2.6188448374057442e-15
-4.4010368851228349e-16
1.7088891241440790e-15
4.2667784869628340e-15
-3.9402238201809745e-16
-9.0703810919010953e-17
5.5112599096970360e-16
1.5165928555011643e-16
-5.2536317602584245e-16
-8.5259487518179704e-17
-1.6108913029419306e-16
3.2509586470305131e-16
-3.1673393718498112e-16
-1.4475616009280831e-16
2.7221616996512146e-17
-1.0126160882485093e-15
-1.1087642225635235e-15
-2.0969715607032791e-16
1.5938813003097866e-15
1.8050372585273572e-15
3.3404898034882037e-15
2.4926622193636070e-16
-3.0436834728217649e-15
-5.6541663832867842e-15
7.7462939795638831e-16
1.7400962624896065e-15
1.7658590774352641e-15
1.7455405858919558e-15
1.7713034008351820e-15
1.0238956198827421e-15
6.7051022094971535e-16
1.3177843462438211e-15
1.1106139094620901e-15
1.1160582328649540e-15
1.3638656527334667e-15
1.1269468796662411e-15
8.2362830857128449e-16
6.4222068676875935e-16
3.5922060713986733e-16
7.2349465286750150e-16
6.2734651893279905e-16
1.4005171145112299e-15
1.8203023114717794e-15
1.2989246567533043e-15
1.0863098965866680e-15
1.6483245343434345e-15
1.7796653283493729e-15
1.1987910010922214e-15
1.2582876736661382e-15
1.4505839423021510e-15
1.8852433074095844e-15
1.9258802904974805e-15
1.6780728706276062e-15
1.6374358875381639e-15
1.8852433074055836e-15
1.8351764795713679e-15
1.8961319541863491e-15
2.8060876675627182e-15
2.8115319909396467e-15
2.3159171511856703e-15
2.9279986167852621e-15
2.0695685333728857e-15
2.7168426586597952e-15
3.2679686496286733e-15
3.2273316665382161e-15
3.2164430197389759e-15
1.8975907562733939e-15
9.1724972359777402e-16
1.6701018279485431e-15
2.7059540118572217e-15
2.8724874655499693e-15
2.5488504029078272e-15
2.7357023481486849e-15
1.8921464328833060e-15
2.3728871044733374e-15
1.7513757941285983e-15
2.6762056760842835e-15
2.0750128566604367e-15
1.4128645633298397e-15
1.7473902727807494e-15
9.2016732771487882e-16
7.5761939535981552e-16
4.8006363920125476e-16
1.2815237693237992e-15
2.1736877103441497e-15
7.4128642515564474e-16
8.2654591267392651e-16
1.2205682946946757e-15
2.1751465124280836e-15
1.0986573454345697e-15
8.6173857236056660e-16
7.2096793360445668e-16
6.6001245897852078e-16
1.8881609115202199e-15
1.2924124161044301e-15
1.1610716220955000e-15
4.3796785420234920e-16
-4.1103238470165755e-16
-7.6043226225373439e-16
4.3252353065774436e-16
1.3424792439679741e-15
2.7886867800891517e-15
4.3052796355843934e-15
5.6702132055151180e-15
7.5713985982846758e-15
1.4952345110258436e-16
3.7701237942691568e-16
9.7820519822936802e-16
9.2269404699936902e-16
-2.7898649389650593e-17
-1.0543209885531403e-15
-1.9845951933920439e-15
5.6784984601323698e-16
6.8431647187810317e-16
6.3424964405207621e-16
1.3261462737942395e-15
1.4886942052872694e-15
2.3376944447815119e-15
2.4596053940451121e-15
4.2309368590582123e-16
-1.1043878164074038e-15
-2.7468771425310917e-15
-4.3596181323637791e-15
-5.6541663829537311e-15
-6.9933371379756376e-15
1.1908199584049847e-15
8.1711606793035761e-16
1.0188421813108594e-15
5.1924182022996794e-16
-3.0425368684081628e-17
4.0967831982232781e-16
2.6346335767193148e-16
1.7820387015336246e-16
1.1670416455490155e-17
-1.3998886911687716e-16
3.1498898743872720e-16
