0.0000000000000000e+00
0.0000000000000000e+00
0.0000000000000000e+00
0.0000000000000000e+00
0.0000000000000000e+00
0.0000000000000000e+00
0.0000000000000000e+00
0.0000000000000000e+00
4.6588607281035696e-04
1.2969276437866390e-03
2.1611758001426284e-03
2.1611758001426284e-03
2.1611758001426284e-03
2.1611758001426284e-03
2.1611758001426284e-03
2.1611758001426284e-03
2.1611758001426284e-03
2.1611758001426284e-03
2.1611758001426284e-03
2.1611758001426284e-03
2.1611758001426284e-03
2.1611758001426284e-03
2.1611758001426284e-03
2.1611758001426284e-03
2.1611758001426284e-03
2.1611758001426284e-03
2.4202481227637040e-03
3.1012769961613401e-03
3.9027415457302040e-03
4.7552779050608921e-03
5.6260369896878612e-03
5.6260369896878612e-03
5.6260369896878612e-03
5.6260369896878612e-03
5.6260369896878612e-03
5.6260369896878612e-03
5.6260369896878612e-03
5.6260369896878612e-03
5.6260369896878612e-03
5.6260369896878612e-03
5.6260369896878612e-03
5.6260369896878612e-03
5.6260369896878612e-03
5.6260369896878612e-03
5.6260369896878612e-03
5.6260369896878612e-03
5.6260369896878612e-03
5.6303644322936719e-03
6.1974873860005820e-03
6.9219525053217197e-03
7.7387842533541123e-03
7.7387842533541123e-03
7.7387842533541123e-03
7.7387842533541123e-03
7.7387842533541123e-03
7.7387842533541123e-03
7.7387842533541123e-03
7.7387842533541123e-03
7.7387842533541123e-03
7.7387842533541123e-03
7.7387842533541123e-03
7.7387842533541123e-03
7.7387842533541123e-03
7.7387842533541123e-03
7.7387842533541123e-03
7.7387842533541123e-03
7.7387842533541123e-03
7.7387842533541123e-03
7.7387842533541123e-03
8.3267548632370188e-03
9.0822674669364459e-03
9.0822674669364459e-03
9.0822674669364459e-03
9.0822674669364459e-03
9.0822674669364459e-03
9.0822674669364459e-03
9.0822674669364459e-03
9.0822674669364459e-03
9.0822674669364459e-03
9.0822674669364459e-03
9.0822674669364459e-03
9.0822674669364459e-03
9.0822674669364459e-03
9.0822674669364459e-03
9.0822674669364459e-03
9.0822674669364459e-03
9.0822674669364459e-03
9.0822674669364459e-03
9.0822674669364459e-03
9.2490535571466050e-03
9.9663029865492917e-03
9.9663029865492917e-03
9.9663029865492917e-03
9.9663029865492917e-03
9.9663029865492917e-03
9.9663029865492917e-03
9.9663029865492917e-03
9.9663029865492917e-03
9.9663029865492917e-03
9.9663029865492917e-03
9.9663029865492917e-03
9.9663029865492917e-03
9.9663029865492917e-03
9.9663029865492917e-03
9.9663029865492917e-03
9.9663029865492917e-03
9.9663029865492917e-03
9.9663029865492917e-03
9.9663029865492917e-03
9.9663029865492917e-03
1.0559306481454969e-02
1.0559306481454969e-02
1.0559306481454969e-02
1.0559306481454969e-02
1.0559306481454969e-02
1.0559306481454969e-02
1.0559306481454969e-02
1.0559306481454969e-02
1.0559306481454969e-02
1.0559306481454969e-02
1.0559306481454969e-02
1.0559306481454969e-02
1.0559306481454969e-02
1.0559306481454969e-02
1.0559306481454969e-02
1.0559306481454969e-02
1.0559306481454969e-02
1.0559306481454969e-02
1.0559306481454969e-02
1.0559306481454969e-02
1.0959024439115294e-02
1.0959024439115294e-02
1.0959024439115294e-02
1.0959024439115294e-02
1.0959024439115294e-02
1.0959024439115294e-02
1.0959024439115294e-02
1.0959024439115294e-02
1.0959024439115294e-02
1.0959024439115294e-02
1.0959024439115294e-02
1.0959024439115294e-02
1.0959024439115294e-02
1.0959024439115294e-02
1.0959024439115294e-02
1.0959024439115294e-02
1.0959024439115294e-02
1.0959024439115294e-02
1.0959024439115294e-02
1.0959024439115294e-02
1.1231071973142671e-02
1.1231071973142671e-02
1.1231071973142671e-02
1.1231071973142671e-02
1.1231071973142671e-02
1.1231071973142671e-02
1.1231071973142671e-02
1.1231071973142671e-02
1.1231071973142671e-02
1.1231071973142671e-02
1.1231071973142671e-02
1.1231071973142671e-02
1.1231071973142671e-02
1.1231071973142671e-02
1.1231071973142671e-02
1.1231071973142671e-02
1.1231071973142671e-02
1.1231071973142671e-02
1.1231071973142671e-02
1.1231071973142671e-02
1.1418646542062195e-02
1.1418646542062195e-02
1.1418646542062195e-02
1.1418646542062195e-02
1.1418646542062195e-02
1.1418646542062195e-02
1.1418646542062195e-02
1.1418646542062195e-02
1.1418646542062195e-02
1.1418646542062195e-02
1.1418646542062195e-02
1.1418646542062195e-02
1.1418646542062195e-02
1.1418646542062195e-02
1.1418646542062195e-02
1.1418646542062195e-02
1.1418646542062195e-02
1.1418646542062195e-02
1.1418646542062195e-02
1.1418646542062195e-02
1.1548192372666391e-02
1.1548192372666391e-02
1.1548192372666391e-02
1.1548192372666391e-02
1.1548192372666391e-02
1.1548192372666391e-02
1.1548192372666391e-02
1.1548192372666391e-02
1.1548192372666391e-02
1.1548192372666391e-02
1.1548192372666391e-02
