0.0000000000000000e+00
1.3214046852326632e+01
2.6433333333301277e+01
3.9648912754089849e+01
5.2860785895542321e+01
6.6068953538840859e+01
7.9300000000669243e+01
9.2527337997707008e+01
1.1076521177398514e+02
1.2940203720565304e+02
1.4635468018982166e+02
1.3313532562494939e+02
1.1991226414145144e+02
1.0668549495771929e+02
9.3485325578641124e+01
8.0281451318215872e+01
6.7051992244877951e+01
5.3835325578152904e+01
4.0614951890263924e+01
2.7401992244476652e+01
1.4185326359223756e+01
9.6495345341642469e-01
-1.2248007755556053e+01
-2.5464675204369918e+01
-3.8685049674409477e+01
-5.1909131947126582e+01
-7.0563363715577225e+01
-9.2722715177081227e+01
-1.1241114799361171e+02
-1.3010700307304356e+02
-1.4656403087315792e+02
-1.3334613674985400e+02
-1.2013194879140535e+02
-1.0692146621650673e+02
-9.3714688244927927e+01
-8.0479470129803360e+01
-6.7247963166367938e+01
-5.4046136796803737e+01
-4.0829470129341843e+01
-2.7616509701606425e+01
-1.4396136795812531e+01
-1.1794709104664742e+00
1.2033488735422475e+01
2.5253863204021762e+01
3.8470530651297516e+01
5.1683491858858147e+01
6.4892747606976570e+01
7.8235340792559469e+01
1.0165712507403738e+02
1.2320420072340532e+02
1.4246522015395843e+02
1.2922438298326588e+02
1.1597984094548167e+02
1.0279104960467362e+02
8.9574382935857457e+01
7.6354009245583271e+01
6.3129927753125855e+01
4.9924382936030867e+01
3.6715133442089737e+01
2.3491049602338464e+01
1.0274382935979867e+01
-2.9459907513172645e+00
-1.6158950397571967e+01
-2.9375616283091329e+01
-4.2595989189446662e+01
-5.5820069897863895e+01
-6.9025617063939052e+01
-8.2234868907302413e+01
-9.5447826208739528e+01
-1.1800770855060136e+02
-1.3897225913158053e+02
-1.2575555876832476e+02
-1.1254256464039011e+02
-9.9333275966619013e+01
-8.6127691966292701e+01
-7.2888892146025654e+01
-5.9672225479458952e+01
-4.6459265052768913e+01
-3.3238892146276875e+01
-2.0022226260544215e+01
-6.8055588131809088e+00
6.4074023943795675e+00
1.9627774520416267e+01
3.2844439626300911e+01
4.6057398492353506e+01
5.9266651900450924e+01
7.2494441187250729e+01
8.5718521889772319e+01
9.8938894790396702e+01
1.1516092138789695e+02
1.3690366040886397e+02
1.2367890854408452e+02
1.1045045110061892e+02
9.7245575166832808e+01
8.4036991550276866e+01
7.0824699469927907e+01
5.7595575162247904e+01
4.4378908498577815e+01
3.1158534814012455e+01
1.7945575165594175e+01
4.7289092778842559e+00
-8.4877581676926184e+00
-2.1708132634647406e+01
-3.4921091501250224e+01
-4.8137756607099142e+01
-6.1358128733712228e+01
-7.4582208661817461e+01
-8.7809997174072748e+01
-1.0100442483401532e+02
-1.1420255482883952e+02
-1.3526759606712289e+02
-1.2202389448860917e+02
-1.0878389386143027e+02
-9.5590561210289252e+01
-8.2373894530425360e+01
-6.9160934089965366e+01
-5.5951679108916196e+01
-4.2723894527281686e+01
-2.9499818528312627e+01
-1.6290561194066463e+01
-3.0738945272161442e+00
1.0142772139299391e+01
2.3355732566410122e+01
3.6576105473050319e+01
4.9792771358838174e+01
6.3005731005264394e+01
7.6214985192869690e+01
8.9420534702555358e+01
1.0265943880689437e+02
1.1589463198396383e+02
1.3455177269231572e+02
1.2132722273616540e+02
1.0809896742048070e+02
9.4893889370121656e+01
8.1685103417544340e+01
6.8472608781361288e+01
5.5243889365346895e+01
4.2027222702131802e+01
2.8806849017838978e+01
1.5593889370018186e+01
2.3772234828078780e+00
-1.0839443963104642e+01
-2.4059818430603503e+01
-3.7272777296567376e+01
-5.0489442401675475e+01
-6.3709814527537233e+01
-7.6933894455216091e+01
-9.0161682966957059e+01
-1.0335611062952977e+02
-1.1655424062713860e+02
-1.3368083023646466e+02
-1.2046165134683528e+02
-1.0724617815435472e+02
-9.4034409878325874e+01
-8.0826345738760324e+01
-6.7594984710208976e+01
-5.4367336235875968e+01
-4.1161651378680247e+01
-2.7944984708225341e+01
-1.4732024277876555e+01
-1.5116513732890116e+00
1.1705014510203528e+01
2.4917974154229849e+01
3.8127228339531968e+01
5.1355015293296432e+01
6.4579093663061983e+01
7.7799464231664444e+01
9.1016127780354523e+01
1.0422908509001199e+02
1.1743833694190323e+02
1.3337446181863021e+02
1.2015713131390315e+02
1.0693609393775996e+02
9.3711348908244446e+01
8.0507131290709012e+01
6.7299208697767654e+01
5.4087580349084391e+01
4.0857131290989031e+01
2.7640464624416598e+01
1.4420090936561873e+01
1.2071312907167415e+00
-1.2009534594709425e+01
-2.5229907500710173e+01
-3.8453988208892412e+01
-5.1659535375713055e+01
-6.4868787220227460e+01
-7.8081744522545648e+01
-9.1298408063869786e+01
-1.0451877862496382e+02
-1.1774285698764696e+02
-1.3288577166668827e+02
-1.1966891588533161e+02
-1.0645576630059475e+02
-9.3246322131962714e+01
-8.0040582598876725e+01
-6.6802249239033614e+01
-5.3585582572343220e+01
-4.0372622145466337e+01
-2.7152249239070446e+01
-1.3935583353062704e+01
-7.1891590566871355e-01
