0.0000000000000000e+00
3.0495502540856897e+01
6.0999999999702403e+01
9.1499040115297390e+01
1.2199262421076664e+02
1.5248075360937119e+02
1.8299999999956106e+02
2.1351378628465551e+02
2.4400680640318299e+02
2.7450008053457202e+02
3.0500236104466126e+02
2.7450000005190009e+02
2.4399218162223707e+02
2.1347890443158110e+02
1.8300000000001214e+02
1.5251564229723147e+02
1.2200000000048087e+02
9.1500000000214683e+01
6.0994542627365732e+01
3.0499999999844164e+01
1.3240629340291550e-06
-3.0505454723390045e+01
-6.1000000000198128e+01
-9.1500001325807091e+01
-1.2200546002416702e+02
-1.5251637741912467e+02
-1.8300092120873484e+02
-2.1350252366373280e+02
-2.4400000352091294e+02
-2.7450652656252998e+02
-3.0500101046360606e+02
-2.7449999994820155e+02
-2.4400444547327390e+02
-2.1351434571532363e+02
-1.8302969935214119e+02
-1.5250000000347745e+02
-1.2197576466929469e+02
-9.1500000003305161e+01
-6.1000000001063334e+01
-3.0505456047378768e+01
1.0607936917206785e-10
3.0499998676044978e+01
6.0994541303637810e+01
9.1499999999891941e+01
1.2200000132336976e+02
1.5249454659809254e+02
1.8298363714632683e+02
2.1349996390538209e+02
2.4400000929142200e+02
2.7450002442131847e+02
3.0501827884032093e+02
2.7450000005109484e+02
2.4397626496221051e+02
2.1350000000895804e+02
1.8300000000130541e+02
1.5249454262098516e+02
1.2198362654466987e+02
9.1499999998580947e+01
6.1010920051829359e+01
3.0499999999130292e+01
-5.2082066554266701e-10
-3.0505457372419308e+01
-6.1000000000752905e+01
-9.1499998677219054e+01
-1.2200545472563149e+02
-1.5251636946967562e+02
-1.8300000000124120e+02
-2.1348908393436449e+02
-2.4398362259194414e+02
-2.7450000742506120e+02
-3.0500002136451030e+02
-2.7449999995140479e+02
-2.4400543458354667e+02
-2.1351632393748628e+02
-1.8303266669081296e+02
-1.5250000000303149e+02
-1.2200000000077419e+02
-9.1505456047251982e+01
-6.1000000000413380e+01
-3.0500001325486203e+01
-3.4814065222359626e-10
3.0494545275887823e+01
6.0999999999611134e+01
9.1499997352147290e+01
1.2199453865624471e+02
1.5248362523581287e+02
1.8299999999897770e+02
2.1351091474134074e+02
2.4401637078816304e+02
2.7450023290950651e+02
3.0500439413937033e+02
2.7450000004733744e+02
2.4399014990759810e+02
2.1350000000240311e+02
1.8300439272362809e+02
1.5250332674778193e+02
1.2199999999757090e+02
9.1500000000347569e+01
6.0994542631002588e+01
3.0499999999384002e+01
1.3197090497536185e-06
-3.0500000000239126e+01
-6.1005458693083774e+01
-9.1500000000778144e+01
-1.2199999735668693e+02
-1.5250545208404580e+02
-1.8301636550668252e+02
-2.1353273894966122e+02
-2.4400000000307321e+02
-2.7447271048932191e+02
-3.0501356855652813e+02
-2.7449999995928465e+02
-2.4399188235599485e+02
-2.1350000000627432e+02
-1.8299999999987767e+02
-1.5250545604162917e+02
-1.2201636680980619e+02
-9.1500000000856048e+01
-6.0989093210278682e+01
-3.0500000000129312e+01
1.0152489776832181e-10
3.0500000000216676e+01
6.0994543951956729e+01
9.1500000000369809e+01
1.2199999867680245e+02
1.5249454130495337e+02
1.8298362920775128e+02
2.1346726370786533e+02
2.4399999999796279e+02
2.7452727229768084e+02
3.0500367459601216e+02
2.7450000003314454e+02
2.4399086973117869e+02
2.1350000000244074e+02
1.8300367259117436e+02
1.5250188617367075e+02
1.2199999999721393e+02
9.1500000000590603e+01
6.0994542631692184e+01
3.0500000000564835e+01
1.3213530475284990e-06
-3.0499999999006903e+01
-6.1005458692353642e+01
-9.1499999999325595e+01
-1.2199999735413657e+02
-1.5250545208083702e+02
-1.8301636550277729e+02
-2.1353273894514328e+02
-2.4400000000194981e+02
-2.7447271049175993e+02
-3.0500114052888841e+02
-2.7449999997353905e+02
-2.4400431492908660e+02
-2.1351408407286863e+02
-1.8302930608273493e+02
-1.5250000000654924e+02
-1.2197615953277854e+02
-9.1500000007754835e+01
-6.1000000002015099e+01
-3.0505456045232933e+01
9.4635235507593869e-10
3.0499998674891298e+01
6.0994541300609384e+01
9.1483629200835964e+01
1.2200000000012673e+02
1.5251091077933080e+02
1.8301636286400159e+02
2.1351635757807287e+02
2.4401089624472021e+02
2.7449998018732208e+02
3.0500028720827055e+02
2.7450000002248663e+02
2.4399425561472793e+02
2.1348305266056357e+02
1.8300000000036084e+02
1.5251149363941568e+02
1.2201753225529502e+02
9.1500000001574747e+01
6.1000000001432667e+01
3.0494542628692596e+01
9.7547649973049292e-10
-3.0499998675045553e+01
-6.1005454722756951e+01
-9.1516369466348380e+01
-1.2199999999957475e+02
-1.5248908393488347e+02
-1.8298362259430729e+02
-2.1348361730105489e+02
-2.4398906937826757e+02
-2.7449998015049368e+02
-3.0500008076975939e+02
-2.7449999998021713e+02
-2.4400537519592729e+02
-2.1351620509417009e+02
-1.8303248835243258e+02
-1.5250000000175470e+02
-1.2199999999929565e+02
-9.1505456045507557e+01
-6.0999999998837076e+01
-3.0500001323652427e+01
1.4236171467481307e-09
