0.0000000000000000e+00
3.5419977491288839e-12
-2.4120601364856318e-11
-5.0833007407917745e-11
2.3253239728782573e-11
-7.7811170075032937e-12
3.9847744085392401e-11
-4.1141067002455681e-11
-1.3899763344726225e-11
-4.8367873432072071e-11
-2.9033170507197170e-11
-2.3747582004003236e-11
-1.0103318406327787e-10
-1.5158072610414651e-10
3.0429375730698881e-12
6.5920042953626571e-11
-8.3920212773764325e-11
-2.1263465715489051e-11
-1.3844899164319564e-11
-1.0415549362512101e-11
-6.5052088138897003e-11
-5.9326490987178843e-11
-3.3777643563423226e-11
7.6269577995921225e-11
7.5144095611229569e-11
1.5648984245421273e-10
-3.9029597522400384e-11
-3.8567824304592710e-11
2.5296050156946363e-12
-3.3922693489903335e-11
-1.4875727859175558e-11
1.1719720340145395e-11
5.6412157758956520e-11
1.2116094792085828e-10
1.5040848454510021e-10
-6.9737946710499963e-11
-2.8154397660385820e-10
1.3734353310244325e-11
-6.2657459880485288e-11
-3.0561268077524250e-11
-8.4480562232848955e-11
-4.4114928674721905e-11
2.2249804227725153e-11
-4.2134568155160679e-11
-1.4166006929932845e-10
-1.7756975478633760e-10
-1.7811126134109632e-10
-1.5038860150840544e-10
-6.0584638360240363e-11
-4.8814244596146138e-11
-6.7954636099862940e-11
-6.2838050212550687e-11
-7.9425615546228704e-11
-2.1217378206856255e-11
-5.7814539068374551e-11
-7.7775455151025585e-11
-5.6805746902981708e-11
-8.1640131557492171e-11
-2.7919462064514390e-11
-1.0061997912839756e-10
-7.6286094875710533e-11
1.2474482244040833e-11
-1.2175835125533914e-10
-1.7736349861714254e-10
-2.5704873595528903e-10
-3.3035685487441892e-10
-9.0933800248319412e-11
1.1083828067951178e-10
3.0293319155206354e-10
-9.5278983498861287e-11
-1.1847663986692327e-10
-8.7393784020491275e-11
-1.1968066267288064e-10
-1.4756897605334363e-10
-1.5117809380287884e-10
-6.0399339624464616e-11
-7.1118456082409623e-11
-2.9380686138324026e-11
-8.0580833107355148e-11
-2.1792240116612756e-10
-1.3753935873950423e-10
-4.4782481920435246e-11
-3.9314890235599543e-11
-9.0073890772233230e-11
-8.7622717543327823e-11
-8.1324852062156929e-11
-1.3804957303394104e-10
-1.2747243436930572e-10
-1.1869250511345661e-10
-1.3813133469082185e-10
-1.2723204633264328e-10
-9.3420025130166363e-11
2.5548206271803436e-11
-6.8377550093470357e-11
-1.3295459437570693e-10
-2.8608012527502240e-10
-9.3506288910543537e-11
-3.8408395390478535e-11
-3.0313406447291795e-11
-4.5117542896240989e-11
-9.5350612181144841e-11
-1.9130421691208276e-11
4.7662165198465958e-11
-5.4761578390733923e-11
-1.5820611645471307e-10
-3.7458885153747739e-10
-4.6991761359198649e-10
-6.0796099937777039e-10
4.3508977332545590e-11
6.2019498581499374e-10
-3.4712419679852472e-11
-5.8795389826905136e-11
5.8149127390040501e-12
-3.6582080338108663e-11
-4.9221301088380249e-11
-7.8237226896402234e-11
-1.3435837114871388e-11
-3.5718343865106417e-11
-1.2741990706236235e-10
-3.6933742246952132e-11
9.6874556675686688e-11
-1.1868005352111890e-11
-8.4170595240891092e-11
3.6456020763070028e-12
7.0051313933689818e-11
6.9347207485487483e-11
1.2235623118651768e-10
1.6682777902419591e-10
-9.3890099574189216e-11
-2.7107835806824820e-10
-1.7244044983446561e-11
-1.3255983740351882e-10
-1.8013265074392501e-10
-5.3406804955713361e-11
6.6508043320154827e-11
2.0454357648749625e-10
-7.7401979347860245e-11
-8.7967373191901931e-11
-2.0776131409609146e-10
-2.9482989588452421e-11
1.3499585663980224e-10
-9.2587759292897953e-11
-3.2025396609973599e-10
-8.6974001184238740e-11
1.3487893757396303e-10
4.2813276722199232e-10
6.3242533957225093e-10
9.4747805127099146e-10
-7.0498959752696930e-11
-1.0694379260128214e-09
-1.4476467570705066e-10
-1.9155038151996825e-10
-1.4889195588268974e-10
-1.7914147829883146e-10
-1.6378551825302123e-10
-1.3406642176428426e-10
-2.6683135112637687e-11
-1.7611194312548394e-10
-1.9124848313864826e-10
-1.1570130731154541e-10
-1.1887218333145629e-10
-2.5012942070898446e-10
-2.1975862921876125e-10
-3.6721814464632477e-10
-9.4688145237973161e-11
3.6313040913667741e-11
2.2426867749577747e-10
3.7115250955173285e-10
5.9455123369425229e-10
6.8514540940788642e-10
-1.0997422694269992e-10
-1.8648132671879040e-10
-1.7430633470178717e-10
-1.9004545608205450e-10
-2.3590793390399108e-10
-2.6057598094548453e-10
-2.1001817898602479e-10
-9.3947721574620444e-11
-1.6354292181465065e-10
-2.8745630965903709e-10
-2.4265650476858502e-10
-8.6968663024377913e-11
-5.1521602431852536e-11
5.6566529403121487e-11
-2.3954968042045387e-10
-4.8242008128265089e-10
-7.3994284191873639e-10
-1.0320236541389922e-09
-1.2328364027006929e-09
-1.5218866628295721e-09
-1.6651022845807407e-10
-2.2346442642522151e-10
-2.4844722875850532e-10
-2.4548783536067703e-10
-2.6431417134253611e-10
-1.9291116687724871e-10
-1.8606391772611285e-10
-1.5168243223959772e-10
-2.0446796902645476e-10
-1.5345850594146982e-10
-1.4851515282921112e-10
