0.0000000000000000e+00
9.6064948991582894e-12
-1.5543530935111851e-11
-2.0957439439882736e-11
2.1372647729309759e-11
-3.3905260973609436e-11
2.9445110897780006e-11
-3.7304810287745320e-12
-1.8520439176617151e-11
7.5835593045362755e-12
-3.3550501548253993e-11
4.0210330330482884e-12
1.0016308830396701e-11
4.1339791305361515e-11
-2.3523367208949569e-11
-1.5015609886275285e-10
-6.8190680098996191e-11
-2.0811042556832550e-11
-1.1247047583368810e-10
-3.0004519702177179e-11
-1.6690587430867430e-11
1.0939707286845273e-10
-8.7372588015477492e-11
-1.4371334845877622e-10
-3.1395469524055070e-10
-3.5818162133341926e-10
-6.8704047043369950e-12
-2.4183423733630830e-11
-2.3836611425237649e-12
-3.6234137294037644e-11
1.8479910011174961e-11
-1.4348282356631059e-11
-4.9158950911236111e-11
-4.2070439640266834e-11
-9.5435166249803747e-11
2.3876188484349180e-11
1.0069559194675520e-11
-5.3570049369668365e-11
-3.7143093339550755e-11
-1.2626553168693159e-11
6.8032368662209178e-11
-1.0931866781871255e-12
6.5056310233100500e-11
-9.9890977188235306e-12
-7.9554249535907833e-11
-2.1082998223272431e-10
-2.5157065913592722e-10
-7.6043691561399050e-11
-6.4949986665698178e-11
-2.3523559462722424e-11
-5.3401567147654994e-11
6.8120063010080650e-12
8.5675248291785588e-11
-2.5438853423394259e-11
2.7637154668496174e-11
-6.2945304792097133e-11
2.3441602375659716e-11
-1.3809316809093455e-10
-2.3087368559904030e-10
-7.7839185594066861e-11
-6.7216756502413674e-11
-1.3524953836477572e-11
-5.3383926224032866e-11
-1.4940507011996667e-10
-1.0893120877492055e-10
-1.8343147783414891e-10
-1.6404073625230529e-11
1.3217614059921956e-10
1.7110746087785522e-10
-3.5874625726600344e-11
-8.4070157002940931e-11
-1.4419064052770251e-10
-7.8788820030179165e-11
-1.0603709809364832e-10
-1.0399838151591851e-10
-9.1782889822426003e-11
-4.4711011294952562e-11
-6.9492289764059195e-12
-8.8507400700217809e-11
-2.5375290063889096e-10
-4.4701628474628385e-11
8.4803467898955331e-11
-7.0362259796550485e-11
-1.6673039098736017e-10
-2.8231179046291601e-10
-3.6681340921011530e-10
-1.0077899713745452e-10
1.6165990339849952e-10
3.9237547311738940e-10
-1.9966870364687610e-10
-1.4042001837793910e-10
-1.6437359819881042e-10
-1.8371044696555311e-10
-7.4954066930891579e-11
-8.4843362122083926e-12
4.0444994505702598e-11
-1.4071893369041920e-10
-8.9732809108586593e-11
-1.2691973178561581e-10
-7.2989162731792024e-11
-1.0479517673492302e-10
-6.8139312610600870e-11
-6.6332660081098354e-11
-5.8068279323368296e-11
-1.7104032756116724e-10
-2.7718886614598937e-10
-3.3508828519593054e-10
-3.6238645390211358e-10
-9.5195169399945912e-11
1.5778852792208960e-10
-3.3998344089387385e-11
-4.2932680373304281e-11
-5.8548200619515448e-11
-6.3556057871844621e-11
-1.3535605639484436e-10
-9.3195971702424011e-11
-9.1530096431218517e-11
-6.4728383713490333e-11
-1.0234688612412664e-10
-9.1334355876894707e-11
-4.8381704744157244e-11
-4.9274008328228849e-11
-7.6897325289434258e-11
-1.0113545245850908e-10
-2.5563375837450719e-11
-1.1415788888045711e-12
-4.9964587191970396e-11
5.7920132928026586e-11
-4.8315644210068914e-11
-1.0998956457580289e-10
-2.9389746763526664e-11
-4.3061474897677658e-11
-1.3460076191050352e-10
-4.5851636048668331e-11
-3.9076935263313209e-11
-1.1578737239716735e-11
-7.1499532854157609e-11
-1.4912478733098133e-10
-2.3551406491389904e-10
-1.4706264945031715e-11
9.0086404705301405e-11
-8.5670368954446892e-11
-2.8262462651880383e-10
-2.2886772218214823e-11
1.3875211718713967e-10
3.4879871474186049e-10
6.2231495334508916e-10
8.8433257138335779e-10
-1.5866061801710933e-10
-1.0949536056984267e-09
-1.7425693118780411e-10
-1.5478669182083466e-10
-6.9138001797942165e-11
-8.7985069734379622e-11
1.9282626966848396e-11
-1.1032973908278067e-10
-2.2203700449805022e-10
-9.7496557485982138e-11
-1.6494417798980373e-10
-1.9036922852625032e-10
-1.0122587987673186e-10
-9.6276899886937887e-11
-9.3320075468908764e-11
-5.9607217266964921e-11
-8.0408484143405770e-11
-1.4076223727631814e-10
-2.2608201667222286e-10
-3.2334538229987237e-10
-3.1931382370369412e-10
-4.2200763201299775e-10
-1.0010114746651636e-10
-5.6434907692132025e-11
-1.0980328326980534e-10
-1.8255951968774645e-10
-2.1903689445250869e-10
-1.4436978945590529e-10
-2.2304369169270051e-10
-1.0617027760054611e-10
-1.0006231561038178e-10
-1.6539154613296301e-10
-1.1817152707881416e-10
-7.6228807975995492e-11
2.8769177065310870e-13
6.3747007213217070e-11
-1.6795909944264323e-10
-3.4694470019989935e-10
-6.4702781874380857e-10
-8.6521624985852893e-10
-1.1037397441012329e-09
-1.3236039575063608e-09
-2.0454023161247749e-10
-1.3798390077464720e-10
-1.7238617156440850e-10
-1.5509338830815031e-10
-2.0653745670274674e-10
-1.7163650252288291e-10
-1.4898009804220682e-10
-1.6542973655529942e-10
-1.7040535170066421e-10
-2.0568867658990582e-10
-2.1532688263955014e-10
