0.0000000000000000e+00
2.7106232324703843e+01
5.4217985945181852e+01
8.1327363232201080e+01
1.0843436499272205e+02
1.3553899205484979e+02
1.6265395783490627e+02
1.8976654535674697e+02
2.1397658218431110e+02
2.3888697314572369e+02
2.6477972026973003e+02
2.3804424464525829e+02
2.1140158241227613e+02
1.8489290559103199e+02
1.5859452594019118e+02
1.3261898501599339e+02
1.0720372890452087e+02
8.2870621496040528e+01
6.0927196366343807e+01
4.5019170799785655e+01
4.2555976372142055e+01
5.5365746624623164e+01
7.6085261306163474e+01
9.9913150106920867e+01
1.2508702667789342e+02
1.5093619133358314e+02
1.7047144082748449e+02
1.8962323825472583e+02
2.1325926511824534e+02
2.3868592098064852e+02
2.6473694796500786e+02
2.3801228714505763e+02
2.1138747208986248e+02
1.8490459305928246e+02
1.5863353341417587e+02
1.3267698843283483e+02
1.0730171937751199e+02
8.3057934433386237e+01
6.1245665794510636e+01
4.5532611856934864e+01
4.3188410388681369e+01
5.5919896498544681e+01
7.6539012379499866e+01
1.0029961172421153e+02
1.2542405440016753e+02
1.5123286035615556e+02
1.7742654795588339e+02
2.0372628230914856e+02
2.1994654873244107e+02
2.4142957463918745e+02
2.6584069035458100e+02
2.3894012275392947e+02
2.1208695121019196e+02
1.8527748675598590e+02
1.5858789995023545e+02
1.3206722972802180e+02
1.0584435272947599e+02
8.0224788910534357e+01
5.6016751060096453e+01
3.6179021365792160e+01
3.0823148808686884e+01
4.5400889251377414e+01
6.8130326092470511e+01
9.3232350059627748e+01
1.1921919578555281e+02
1.4561924595678508e+02
1.7222842679381628e+02
1.9897317862696852e+02
2.2580619052458684e+02
2.4463253079939349e+02
2.6723723810825970e+02
2.4021196286768122e+02
2.1321019101572404e+02
1.8624110749294755e+02
1.5932010031757304e+02
1.3245324048707781e+02
1.0573016063026553e+02
7.9271586268687344e+01
5.3462732550382938e+01
3.0044213298866151e+01
2.0416676438638625e+01
3.7424898689504772e+01
6.2085405546217338e+01
8.8193924088927091e+01
1.1476475365167461e+02
1.4153640077978517e+02
1.6842699127954992e+02
1.9537744486074607e+02
2.2236512749682612e+02
2.4678689818510105e+02
2.6824627979702370e+02
2.4118511193424484e+02
2.1413185304224737e+02
1.8708205238265086e+02
1.6005175255468180e+02
1.3305429045444197e+02
1.0614759053633205e+02
7.9348008969476339e+01
5.2862916456632504e+01
2.7623950283215947e+01
1.4186725138185817e+01
3.3305235795836793e+01
5.9053497990416069e+01
8.5642132351120097e+01
1.1248082067870426e+02
1.3942662164324071e+02
1.6642867869751379e+02
1.9346443832930191e+02
2.2049790836024800e+02
2.4754721101508753e+02
2.6913734397633090e+02
2.4207270827692031e+02
2.1501478546034545e+02
1.8790286097548017e+02
1.6083010355036427e+02
1.3377431267007566e+02
1.0674657931283618e+02
7.9759659786640412e+01
5.2907169587347028e+01
2.6597601553733661e+01
9.2216835826217771e+00
3.0535904895875255e+01
5.7003064635725146e+01
8.3884626524561725e+01
1.1087568456590962e+02
1.3791056392026766e+02
1.6496655146116584e+02
1.9203372078402043e+02
2.1913127518332544e+02
2.4623206440594043e+02
2.6956627860861715e+02
2.4247577410660523e+02
2.1538548882761197e+02
1.8828646721024677e+02
1.6119048103465906e+02
1.3410081040924595e+02
1.0705697215458532e+02
8.0024490860981160e+01
5.3067925386795139e+01
2.6433914561690880e+01
7.1316677475778567e+00
2.9542588595341801e+01
5.6256071563023603e+01
8.3222336201339246e+01
1.1025990086885966e+02
1.3732806599709394e+02
1.6441289487914679e+02
1.9150832795974503e+02
2.1858717139785401e+02
2.4567192474430752e+02
2.7010289454463657e+02
2.4300066944201797e+02
2.1590181472519112e+02
1.8880675766925535e+02
1.6171621231855065e+02
1.3459706946702906e+02
1.0748642316327829e+02
8.0428005003253304e+01
5.3380735556361600e+01
2.6462240362237264e+01
4.5349541232294621e+00
2.8474369226520942e+01
5.5412411921731000e+01
8.2458575345917367e+01
1.0954556846249008e+02
1.3664170077252922e+02
1.6374125468469794e+02
1.9084176023274151e+02
2.1794197641914275e+02
2.4504121167051164e+02
2.7029733908006892e+02
2.4319165886864249e+02
2.1608426792176397e+02
1.8897545209770948e+02
1.6187754156103722e+02
1.3477947327608101e+02
1.0768292002827411e+02
8.0589385020311383e+01
5.3519552344038459e+01
2.6527618443024089e+01
3.6213938683045948e+00
2.8145922495041393e+01
5.5148312935700389e+01
8.2224884364687128e+01
1.0930781543302822e+02
1.3640067293538249e+02
1.6349970374786278e+02
1.9060328880663980e+02
2.1771061542980624e+02
2.4482123110585718e+02
2.7061256969245466e+02
2.4350469844392359e+02
2.1639941889796566e+02
1.8929682303939791e+02
1.6219706486614723e+02
1.3507600620109406e+02
1.0797111776882659e+02
8.0871324549411383e+01
5.3773756762935278e+01
2.6706493221897510e+01
2.1567477219719491e+00
