2.0000000000000020e+02
2.0000000000000020e+02
2.0000000000000020e+02
2.0000000000000020e+02
2.0000000000000020e+02
2.0000000000000020e+02
2.0000000000000020e+02
2.0000000000000020e+02
2.0279531643686232e+02
2.0778156586272002e+02
2.1296705480085595e+02
2.1296705480085595e+02
2.1296705480085595e+02
2.1296705480085595e+02
2.1296705480085595e+02
2.1296705480085595e+02
2.1296705480085595e+02
2.1296705480085595e+02
2.1296705480085595e+02
2.1296705480085595e+02
2.1296705480085595e+02
2.1296705480085595e+02
2.1296705480085595e+02
2.1296705480085595e+02
2.1296705480085595e+02
2.1296705480085595e+02
2.1452148873658243e+02
2.1860766197696827e+02
2.2341644927438136e+02
2.2853166743036550e+02
2.3375622193812740e+02
2.3375622193812740e+02
2.3375622193812740e+02
2.3375622193812740e+02
2.3375622193812740e+02
2.3375622193812740e+02
2.3375622193812740e+02
2.3375622193812740e+02
2.3375622193812740e+02
2.3375622193812740e+02
2.3375622193812740e+02
2.3375622193812740e+02
2.3375622193812740e+02
2.3375622193812740e+02
2.3375622193812740e+02
2.3375622193812740e+02
2.3375622193812740e+02
2.3378218659376228e+02
2.3718492431600365e+02
2.4153171503193059e+02
2.4643270552012484e+02
2.4643270552012484e+02
2.4643270552012484e+02
2.4643270552012484e+02
2.4643270552012484e+02
2.4643270552012484e+02
2.4643270552012484e+02
2.4643270552012484e+02
2.4643270552012484e+02
2.4643270552012484e+02
2.4643270552012484e+02
2.4643270552012484e+02
2.4643270552012484e+02
2.4643270552012484e+02
2.4643270552012484e+02
2.4643270552012484e+02
2.4643270552012484e+02
2.4643270552012484e+02
2.4643270552012484e+02
2.4996052917942234e+02
2.5449360480161874e+02
2.5449360480161874e+02
2.5449360480161874e+02
2.5449360480161874e+02
2.5449360480161874e+02
2.5449360480161874e+02
2.5449360480161874e+02
2.5449360480161874e+02
2.5449360480161874e+02
2.5449360480161874e+02
2.5449360480161874e+02
2.5449360480161874e+02
2.5449360480161874e+02
2.5449360480161874e+02
2.5449360480161874e+02
2.5449360480161874e+02
2.5449360480161874e+02
2.5449360480161874e+02
2.5449360480161874e+02
2.5549432134287980e+02
2.5979781791929588e+02
2.5979781791929588e+02
2.5979781791929588e+02
2.5979781791929588e+02
2.5979781791929588e+02
2.5979781791929588e+02
2.5979781791929588e+02
2.5979781791929588e+02
2.5979781791929588e+02
2.5979781791929588e+02
2.5979781791929588e+02
2.5979781791929588e+02
2.5979781791929588e+02
2.5979781791929588e+02
2.5979781791929588e+02
2.5979781791929588e+02
2.5979781791929588e+02
2.5979781791929588e+02
2.5979781791929588e+02
2.5979781791929588e+02
2.6335583888872998e+02
2.6335583888872998e+02
2.6335583888872998e+02
2.6335583888872998e+02
2.6335583888872998e+02
2.6335583888872998e+02
2.6335583888872998e+02
2.6335583888872998e+02
2.6335583888872998e+02
2.6335583888872998e+02
2.6335583888872998e+02
2.6335583888872998e+02
2.6335583888872998e+02
2.6335583888872998e+02
2.6335583888872998e+02
2.6335583888872998e+02
2.6335583888872998e+02
2.6335583888872998e+02
2.6335583888872998e+02
2.6335583888872998e+02
2.6575414663469189e+02
2.6575414663469189e+02
2.6575414663469189e+02
2.6575414663469189e+02
2.6575414663469189e+02
2.6575414663469189e+02
2.6575414663469189e+02
2.6575414663469189e+02
2.6575414663469189e+02
2.6575414663469189e+02
2.6575414663469189e+02
2.6575414663469189e+02
2.6575414663469189e+02
2.6575414663469189e+02
2.6575414663469189e+02
2.6575414663469189e+02
2.6575414663469189e+02
2.6575414663469189e+02
2.6575414663469189e+02
2.6575414663469189e+02
2.6738643183885614e+02
2.6738643183885614e+02
2.6738643183885614e+02
2.6738643183885614e+02
2.6738643183885614e+02
2.6738643183885614e+02
2.6738643183885614e+02
2.6738643183885614e+02
2.6738643183885614e+02
2.6738643183885614e+02
2.6738643183885614e+02
2.6738643183885614e+02
2.6738643183885614e+02
2.6738643183885614e+02
2.6738643183885614e+02
2.6738643183885614e+02
2.6738643183885614e+02
2.6738643183885614e+02
2.6738643183885614e+02
2.6738643183885614e+02
2.6851187925237355e+02
2.6851187925237355e+02
2.6851187925237355e+02
2.6851187925237355e+02
2.6851187925237355e+02
2.6851187925237355e+02
2.6851187925237355e+02
2.6851187925237355e+02
2.6851187925237355e+02
2.6851187925237355e+02
2.6851187925237355e+02
2.6851187925237355e+02
2.6851187925237355e+02
2.6851187925237355e+02
2.6851187925237355e+02
2.6851187925237355e+02
2.6851187925237355e+02
2.6851187925237355e+02
2.6851187925237355e+02
2.6851187925237355e+02
2.6928915423599847e+02
2.6928915423599847e+02
2.6928915423599847e+02
2.6928915423599847e+02
2.6928915423599847e+02
2.6928915423599847e+02
2.6928915423599847e+02
2.6928915423599847e+02
2.6928915423599847e+02
2.6928915423599847e+02
2.6928915423599847e+02
