0.0000000000000000e+00
-4.7942621252678565e-12
-4.4397303185606602e-11
-5.7697582439383031e-11
-8.7519769500642869e-12
-1.2017267870437066e-13
-2.6137567555861947e-11
-6.5867440432176987e-11
-4.2020905335034424e-12
-6.1693197281901601e-11
-3.1123865260839367e-11
-5.6067687967371857e-11
-1.1496217162960721e-10
-1.7135164750192175e-10
9.1888175512625121e-12
9.0180910751463020e-11
-4.3167632323540809e-12
1.5157912648453109e-11
3.2468142087601327e-11
5.8564472408454352e-12
-9.7160834365822933e-11
-1.7994515643821000e-10
-6.0663127501682924e-11
8.7717402660877664e-11
2.3497518220888722e-10
3.1579888436800189e-10
-3.9152357823556759e-11
-2.0986933065735058e-11
2.4761039830879059e-11
-3.0079008065017466e-11
-2.5970152948371916e-11
6.6484904722473777e-11
8.6271356451798797e-11
1.1959457856483655e-10
1.3413585947601611e-10
-2.7109567803569203e-12
-2.1194052758294093e-10
3.2693827337942376e-11
1.9990339266113317e-11
1.1980632780250445e-11
-1.6521847366154514e-11
1.9513441129058582e-11
8.2784375323662121e-11
-5.9933965153644936e-11
-1.0136867895860730e-10
-1.3413497780106270e-10
-1.4137154202054228e-10
-6.2641969298495319e-11
-1.1833090120634336e-12
-1.7845995169532340e-11
1.5231897563779391e-11
-3.9700545751304318e-11
-6.7090988289164286e-11
-2.1285728883258751e-11
-3.9257298482657231e-11
-8.3752795573284825e-11
-8.0910701625077518e-11
8.3475885032423659e-11
1.9318087938755303e-10
5.7143859081252351e-12
1.9639606472951697e-11
6.7500543071458178e-11
-2.7010517399173033e-11
4.3493163683134961e-11
-2.9997016835211434e-11
-6.3510614853295106e-11
-3.4035671058285555e-13
-7.3451646406339508e-11
-4.1103813926936600e-11
-4.8350326448916832e-11
-6.8006391039168923e-12
-3.1586965204853273e-11
-2.2550884868242209e-11
-9.2964419653324495e-11
-4.8767629728376110e-11
1.0434862195387614e-11
-5.5374007708894920e-11
-7.7966000306598573e-11
2.0291416493748032e-11
7.0588676843082743e-11
-1.5992318234002453e-12
-1.3352081914191254e-10
5.3664573719860838e-11
1.8964174933857154e-10
2.8990867641117217e-10
4.3888331857479933e-10
2.6259486669882418e-12
-4.6277739737709214e-10
-8.9694257536706222e-10
8.9438369356265513e-12
-8.4445112831618552e-12
9.0407960244071776e-11
1.5142454566681871e-10
7.4770915326343427e-11
-1.9170907538241205e-12
-7.1556716517968777e-11
-1.8760076971908401e-11
2.1981538954667301e-11
8.7606945239220681e-11
5.3543401081533166e-12
-1.1862353296851698e-10
3.8916489383243630e-11
1.9414667505907948e-10
2.9995747473814167e-11
-7.6243804156526352e-11
-2.0196805868839793e-10
-3.1113177886198617e-10
-4.1656858378695989e-10
-9.4530322239413335e-13
4.9300258459717327e-10
1.2546248681759542e-11
7.8007719898364369e-11
6.7178745431418349e-11
-3.5904853851818203e-11
3.2211830157115578e-11
7.9304318743524915e-11
1.2081045693410909e-10
4.1922237940276793e-11
2.3252298743746522e-11
3.1625367350134056e-11
7.2929465506031031e-11
2.6910804397808753e-11
-2.7406565813272181e-11
1.9276635519295658e-11
4.5581273858129941e-11
7.4556210978812986e-11
-1.1199987701122966e-11
4.5920369404575079e-11
6.5082410995236413e-12
-3.2455095397341367e-11
1.6285240764409800e-11
-5.0437190165081025e-11
-3.8878035457484279e-11
2.6301434307931463e-11
9.1360288183653722e-11
1.8950971624836911e-10
4.2331915678051669e-11
4.4082642277916541e-11
-8.2528672755326632e-11
1.3610473251503610e-11
7.1347351364486817e-11
5.9844639742717697e-11
-5.2822000085293536e-11
4.3214033019153044e-11
1.4015763900930250e-10
1.9011307286034721e-10
1.7693346150040653e-10
2.2158937475911621e-10
7.1588100617921285e-11
-1.1647534950482395e-10
1.2407259824135011e-11
1.3870192728923017e-11
-4.7496679562200515e-11
-1.2924699471807637e-10
-1.9064145261427491e-10
-3.7228522001107385e-11
1.4779122178875152e-10
-5.7031299870030988e-11
-6.2703145231929695e-11
-1.0502149497863922e-13
-9.9600313529316587e-11
-1.2012335272067937e-10
-2.1017568866177710e-10
-3.2279007454382390e-10
-1.0071628137142981e-10
8.9606678093664888e-11
3.6476739030420170e-10
5.1531357296400086e-10
7.7172672711527306e-10
9.4584617021980494e-10
-1.4848450202287241e-11
-8.9130608789357219e-11
-8.8167804186180988e-11
-1.0265161163321894e-10
-9.2730655516538216e-11
1.1813388707598879e-11
3.9125981979263408e-11
1.0607087136045557e-11
-5.6093452659263051e-11
-1.7476630325220719e-10
-1.4894962717152501e-10
-7.8406207415769622e-11
-2.7718476145820505e-11
3.7956491931784942e-12
-4.6252702261670965e-11
-1.5580967968280224e-10
-2.7067830573212193e-10
-3.9613003022437236e-10
-5.0159684564551243e-10
-5.7971799426675971e-10
-1.4089824678485047e-11
-4.1261019714198929e-11
-5.5270755744267708e-11
-8.2317088064733118e-11
-9.3709188959266469e-11
-1.7009635563237829e-12
-2.9877010712546463e-11
-1.0531264242396564e-10
-9.0608651552391330e-11
8.5393584061190928e-12
-1.0830021674577945e-10
