0.0000000000000000e+00
-1.5482662569864393e-03
2.2369047164549742e-10
-1.5491443207725111e-03
-6.1952210534727947e-03
-1.3937750583980642e-02
1.9723342036372629e-09
1.0839863894626078e-02
1.9583922286313431e-02
1.6149822302102064e-04
3.8419065039550669e-03
5.7308805642217265e-08
-6.9387826370285966e-03
-1.6975092879264523e-02
2.3531280236039742e-09
1.3878642580701261e-02
9.1112359695320808e-10
1.0305421516369022e-09
-3.0972905283521870e-03
6.3195887219548902e-10
4.7962322789659889e-07
-3.0963324873025336e-03
6.1394912902263987e-10
-4.7869302625595416e-07
-3.0982495793387198e-03
-9.2937916070135254e-03
-2.0335320383983200e-02
-8.8895774491560466e-03
-7.7902580178582403e-06
-1.1592354187244485e-02
-1.8220218772516971e-03
5.4927982695917917e-08
-1.2745158124190773e-03
-5.6452548353465607e-03
-1.3111683594718485e-02
2.7487699909907882e-09
1.0011507366539399e-02
1.7568686300102718e-09
1.2889419206038571e-09
-3.0968113785262031e-03
7.2316258815485450e-10
-4.7823384229612820e-07
-3.0977691878499316e-03
5.7793257883682752e-10
4.7856864904002829e-07
-3.0958556056255586e-03
-9.2885235099947304e-03
6.3948453171597990e-04
7.5690033116971542e-05
7.5097167497050317e-05
3.7499354564091390e-02
5.7609911783065237e-08
-4.0592632856437660e-02
-4.6819768781375166e-09
-2.1210861258205360e-09
-3.0972916014005611e-03
-9.2923516737219887e-03
1.0776009160893784e-09
6.1965002575195393e-03
-2.3268592792106632e-10
2.2618193562535064e-11
-3.0972911201173165e-03
-1.7541243843124256e-10
4.7897039126504259e-07
-3.0963332650717520e-03
-9.2909162220764265e-03
9.8026937380885348e-10
6.1950644439648858e-03
9.2937952386011064e-03
-3.6634403785378867e-05
-5.6293904756523863e-05
5.4247842797960675e-08
-3.0404029732579185e-03
-9.1771864229625022e-03
-1.8409817027955796e-02
3.4663518087870179e-09
9.0170235737135036e-10
-3.0968140038039539e-03
2.2131596239539326e-10
-4.7688836390234957e-07
-2.5483514299692352e-10
-3.0963359514511353e-03
2.6819275569970200e-10
-9.5434512662307417e-07
-3.0987214313937753e-03
-9.2928210169466521e-03
1.2252962951029290e-09
6.1945728928401765e-03
9.2913740738477715e-03
1.8931595620557307e-03
1.4264113683208721e-02
5.6221013683746752e-08
-1.7359288956871791e-02
-1.9544672227701145e-10
1.4260471227975871e-02
2.5421646291862478e-02
-5.9376090511266153e-09
-1.7665235633905723e-09
-3.0972891116646793e-03
-3.5877805423107888e-11
4.7726889765061565e-07
-2.2019521017228713e-10
-3.0977695502941742e-03
-1.1353707874431082e-10
9.5758029072019233e-07
-3.0953764604930070e-03
-9.2894803424760086e-03
-1.8581834942082629e-02
3.3000495403114711e-09
1.5487424600157000e-02
-4.8819611809147193e-02
4.9035432794475659e-08
4.5730047019325960e-02
-3.0846802861335623e-08
-6.8186468825160874e-09
-3.0967948433836940e-03
-9.2899165594622513e-03
1.3785428954715838e-09
6.1916699668660233e-03
3.4648095343530178e-10
5.4737880362115018e-10
7.3838082239700351e-11
-3.0968123233801764e-03
7.4001571494730005e-10
-4.7764248792894257e-07
-3.0977679832050178e-03
-9.2913916011130443e-03
-1.8580869465714495e-02
4.2090461295810338e-09
1.5481190042197586e-02
1.4517687958056795e-02
4.4488475657453828e-08
-1.7612689631229080e-02
-2.9033218509126179e-10
1.4513674095799577e-02
2.5927854227826432e-02
-6.2238984652175887e-09
-1.6648006324008162e-09
-3.0972887384269972e-03
1.2002007998124152e-09
4.7921082337932802e-07
1.1772397431704059e-09
-3.0977688847954338e-03
1.3192489468579853e-09
9.5967412086007348e-07
-3.0953732205674174e-03
-9.2894766672990264e-03
-1.8581830582966620e-02
4.7875613654330118e-09
1.5487423051838830e-02
-4.6568451811339374e-03
3.7062051963666146e-08
1.5608213488205712e-03
2.5986585475842481e-05
-4.6039890410276806e-03
6.9822985094531527e-10
1.5021600259267555e-03
-2.2734546649121181e-09
5.3524306805693892e-10
-3.0968092388581683e-03
1.2952276777786537e-09
-4.7984866004429734e-07
-3.0977730676243994e-03
-9.2913994649860901e-03
2.0478484093637722e-09
6.1931529284521680e-03
9.2885340353337977e-03
9.2866243942736973e-03
6.1879028950126121e-03
-7.1510269276814547e-06
1.2447820366743366e-03
3.3799222833808568e-08
-4.3418112077744670e-03
-1.1781232839566051e-02
2.4311429134898335e-09
8.6849952118898625e-03
1.4273267145361840e-02
1.7815394296577809e-09
2.1227707844250331e-09
-3.0972894094308352e-03
1.5882759343899665e-09
4.8045832779780839e-07
-3.0963319658411435e-03
-9.2909149680375051e-03
2.7949643732794794e-09
6.1950663881782889e-03
9.2937976444760987e-03
9.2957169752580174e-03
6.2003457136581008e-03
7.2042665872771617e-06
-3.5559858649009032e-04
3.0445641741839973e-08
-2.7410967911533314e-03
-8.5785016589581108e-03
-1.7511705451631283e-02
4.9773748414005741e-09
2.5961473184669155e-09
-3.0968122319124237e-03
2.0374791279845607e-09
-4.7464382420792247e-07
1.8868292847475972e-09
