0.0000000000000000e+00
9.1481862823799744e+00
1.8299999999977818e+01
2.7449247291292977e+01
3.6595928696913901e+01
4.5740044757735525e+01
5.4900000000474414e+01
6.4057387844571082e+01
8.8269244996486236e+01
1.1370586958416426e+02
1.3405783761829954e+02
1.2490597676563922e+02
1.1575154958475429e+02
1.0659455553445599e+02
9.7455976733558089e+01
8.8314833014835415e+01
7.9155976733241914e+01
7.0005976733213444e+01
6.0853410333954372e+01
5.1705976732953836e+01
4.2555977273985150e+01
3.3403411416126666e+01
2.4255976732916047e+01
1.5105976191390445e+01
5.9534092505180078e+00
-3.2017246306480738e+00
-2.8668834617612688e+01
-6.4656732290061768e+01
-9.3233432669664083e+01
-1.1580289030241383e+02
-1.3468926013399056e+02
-1.2553841035628835e+02
-1.1639012638512955e+02
-1.0724440767936116e+02
-9.8101253699047817e+01
-8.8938410388681433e+01
-7.9778136337175582e+01
-7.0638410388862852e+01
-6.1488410388251054e+01
-5.2340976246061970e+01
-4.3188410388266753e+01
-3.4038410929210478e+01
-2.4890977328182466e+01
-1.5738410388404528e+01
-6.5884098480458420e+00
2.5590248340875843e+00
1.1703894198112980e+01
2.1205418987764716e+01
6.0971290240657147e+01
9.5112502651730210e+01
1.2233988226699060e+02
1.1317314884109291e+02
1.0400385050709093e+02
9.4873148809744663e+01
8.5723148808388046e+01
7.6570582407365976e+01
6.7415449066381441e+01
5.8273148808434009e+01
4.9128283774182229e+01
3.9973148808117742e+01
3.0823148808437779e+01
2.1670582409587606e+01
1.2523148808212426e+01
3.3731493489746902e+00
-5.7794165094434238e+00
-1.4934549307693938e+01
-2.4076851191556262e+01
-3.3221717851986682e+01
-4.2369149829513319e+01
-7.9523081592339238e+01
-1.1191669973632683e+02
-1.0276667640781780e+02
-9.3619218934650604e+01
-8.4474326775948171e+01
-7.5331999391037428e+01
-6.6166676438512226e+01
-5.7016676438504753e+01
-4.7869242297051301e+01
-3.8716676438638913e+01
-2.9566676979258425e+01
-2.0416676438940108e+01
-1.1269241756798019e+01
-2.1166764386308357e+00
7.0333224811002086e+00
1.6180755542246839e+01
2.5325623286556411e+01
3.4483323561548950e+01
4.3638456355083065e+01
5.2791022208953024e+01
7.0980638094622222e+01
1.0569232297353823e+02
9.6536725528694987e+01
8.7378562683215591e+01
7.8236725498290809e+01
6.9092321455974584e+01
5.9945350015709955e+01
5.0786725495110481e+01
4.1636725497152362e+01
3.2484159100146421e+01
2.3336725497434379e+01
1.4186726036674770e+01
5.0367254973814140e+00
-4.1158414413081976e+00
-1.3263274502859037e+01
-2.2413273422190841e+01
-3.1565838740630447e+01
-4.0720970998427532e+01
-4.9878670737614996e+01
-5.9013274502272807e+01
-6.8150441421796785e+01
-1.0074040003303143e+02
-9.1571683555578176e+01
-8.2405529275315146e+01
-7.3271683593746587e+01
-6.4121683584579728e+01
-5.4974249433423509e+01
-4.5829380600383097e+01
-3.6671683582367464e+01
-2.7516554044626069e+01
-1.8371683582416583e+01
-9.2216835822973273e+00
-7.1683582392343598e-02
9.0757505595970365e+00
1.8228316418041111e+01
2.7378315877354549e+01
3.6525749478823059e+01
4.5670617762459067e+01
5.4812921269266646e+01
6.3978316418511305e+01
7.3141142464168354e+01
9.8637125792976832e+01
8.9481668130863341e+01
8.0323645219894729e+01
7.1181668108214396e+01
6.2037123987362719e+01
5.2890012316185341e+01
4.3731668105050609e+01
3.4581668107469611e+01
2.5429101710563131e+01
1.6281668108289491e+01
7.1316686478597573e+00
-2.0183318914842618e+00
-1.1170898830572117e+01
-2.0318331891695777e+01
-2.9468330810564009e+01
-3.8620896128554115e+01
-4.7776028386203585e+01
-5.6933728125144938e+01
-6.6068331891427022e+01
-7.5205498812707859e+01
-9.6036693335324316e+01
-8.6884954104029035e+01
-7.7735780355326554e+01
-6.8589171548694438e+01
-5.9445127144504951e+01
-5.0284954124776000e+01
-4.1127351334875364e+01
-3.1984954126012536e+01
-2.2834954123196244e+01
-1.3687519979157937e+01
-4.5349541221086689e+00
4.6150453355678742e+00
1.3762478935147723e+01
2.2907347217224853e+01
3.2065045877714667e+01
4.1220177056926637e+01
5.0372741296956377e+01
5.9522739138596350e+01
6.8670171122420570e+01
7.7815037789414291e+01
9.5121853465583357e+01
8.5971393885423581e+01
7.6818368009759581e+01
6.7662775297009404e+01
5.8521393869334908e+01
4.9377447458675192e+01
4.0230935524812772e+01
3.1071393869610780e+01
2.1921393869694381e+01
1.2768827470402442e+01
3.6213938695864689e+00
-5.5286055895410460e+00
-1.4681171447407674e+01
-2.3836304245360761e+01
-3.2978606130359239e+01
-4.2123472792187059e+01
-5.1270904770974035e+01
-6.0420902607529669e+01
-6.9573466842337382e+01
-7.8728598016713832e+01
-9.3656878631719067e+01
-8.4506747706223337e+01
-7.5359182609066053e+01
-6.6214182800059191e+01
-5.7071747738745955e+01
-4.7906747720323658e+01
-3.8756747720330267e+01
-2.9609313578659737e+01
-2.0456747720411919e+01
-1.1306748260892007e+01
-2.1567477203167256e+00
